$dipgrad          cartesian dipole gradients
  -.67515161125427D-01  -.27908319981223D-01  -.27267925826233D-02
  -.17038794382340D-01  0.60969395141811D-01  0.58690889738431D-01
  -.90831424941566D-02  0.80466985075997D-01  -.10251087594679D+00
  0.10219397641128D+00  -.65040716228755D-01  0.27260346468795D-01
  -.52821643412119D-01  -.43695047663890D-01  -.10516390324256D-02
  -.16231255214672D-01  0.15125049969650D-01  -.13814468839611D+00
  0.51470501147675D-01  0.82576993424197D-01  0.48329509033249D-01
  0.87366504334900D-01  0.62737983719717D-02  0.68182001768958D-01
  0.40800209616089D-01  0.37162113671629D-01  -.13161400095484D+00
  -.56341150934177D-01  -.23592884424506D-01  0.13084854155356D-01
  -.28026944444505D-01  0.11383820999154D+00  0.81426703565134D-01
  -.28396422977913D-02  0.53112830667492D-01  -.13320940660264D+00
  0.89149194729224D-01  -.63140414870625D-01  -.16440727758471D-01
  -.77218762771544D-01  -.32100191244253D-01  0.17103270205266D-01
  0.24242794490119D-01  -.19531523041929D-02  -.13691792157330D+00
  -.83911275431242D-01  0.61815104597115D-01  -.10182376071449D-01
  0.59413763044098D-01  0.36992753432883D-01  -.17874754209342D-01
  0.14199287503282D-01  -.18798374838790D-01  0.13252750360604D+00
  -.44869803817528D-01  -.79005338290174D-01  -.47572395986785D-01
  -.78357720730231D-01  0.57332109772019D-02  -.48339245299851D-01
  -.35071921959788D-01  -.35623018120596D-01  0.11716893128977D+00
  0.58265691747772D-01  0.28980516933798D-01  -.17807974293732D-03
  0.28082283848253D-01  -.97887401447544D-01  -.66559754927004D-01
  -.24791647535915D-03  -.47620028123011D-01  0.11829043141986D+00
  0.15224456587053D-01  0.68031298428270D-01  0.43682697150962D-01
  0.59209975723732D-01  -.24640955992309D-01  0.40044201133721D-01
  0.63652606592656D-01  0.52689106290316D-01  -.10271225247693D+00
  -.27785104704286D-01  -.62249837560090D-01  -.48061132111635D-01
  -.57192110324265D-01  0.67225323873477D-02  -.47256454605089D-01
  -.62803648425271D-01  -.52478754449026D-01  0.12219121757159D+00
  0.49087015504515D-01  0.22833618954650D-01  0.11383472241679D-02
  0.16850391938034D-01  -.71050233910937D-01  -.66019708054594D-01
  0.81147093658276D-02  -.79198655140927D-01  0.12206425497504D+00
  -.85065719308140D-01  0.56695740514930D-01  -.88060050745667D-02
  0.59901553327748D-01  0.38810208828354D-01  -.18278347740033D-01
  -.24732206508231D-01  -.28910416852546D-02  0.13267864634966D+00
  -.84979237062429D-01  0.56742101501972D-01  -.91591617862934D-02
  0.59974588209315D-01  0.38746696319758D-01  -.18191931314477D-01
  -.25066209695520D-01  -.27727398663805D-02  0.13268953671664D+00
  -.27699078428208D-01  -.62113942670564D-01  -.48417804793189D-01
  -.57036064978263D-01  0.68026429141051D-02  -.47451786724131D-01
  -.63099303053113D-01  -.52607668118001D-01  0.12212976120308D+00
  0.88990131971826D-01  -.63130759230719D-01  -.16009819250114D-01
  -.77384490877253D-01  -.32003551342886D-01  0.16863843038698D-01
  0.24670357314223D-01  -.21384157846201D-02  -.13680856720973D+00
  0.15067313089652D-01  0.67814222155843D-01  0.44281758488378D-01
  0.58961145808099D-01  -.24783386647387D-01  0.40207829289579D-01
  0.63871245332897D-01  0.52874407127277D-01  -.10227621612379D+00
  -.56297199661047D-01  -.23544540744172D-01  0.13349789131960D-01
  -.28065976855535D-01  0.11385345880560D+00  0.81396927391107D-01
  -.27587393554873D-02  0.53169658546690D-01  -.13309338424386D+00
  -.67453819210310D-01  -.27921822063790D-01  -.24245490519776D-02
  -.17024900715346D-01  0.60992699645865D-01  0.58721730864650D-01
  -.90715812963788D-02  0.80435060145726D-01  -.10256040708276D+00
  0.58288804399742D-01  0.29000026162640D-01  -.28249556385091D-03
  0.28095008106096D-01  -.97885987293510D-01  -.66599689356851D-01
  -.31336515772405D-03  -.47662114955279D-01  0.11825224494384D+00
  0.49114866936116D-01  0.22836374094988D-01  0.10827330044191D-02
  0.16843193533059D-01  -.71066627829136D-01  -.66027828622054D-01
  0.80249374148974D-02  -.79203370360047D-01  0.12202857965361D+00
  0.51484663343116D-01  0.82489889930266D-01  0.48683580566924D-01
  0.87208016319114D-01  0.61570203664390D-02  0.68247217785126D-01
  0.41096362237766D-01  0.37348885418877D-01  -.13136512873136D+00
  0.10226840316657D+00  -.65153877584614D-01  0.27763176856985D-01
  -.52996852892862D-01  -.43571640251513D-01  -.99234283377002D-03
  -.15806665101341D-01  0.15076972330094D-01  -.13820337082471D+00
  -.44823368288765D-01  -.78924427189738D-01  -.47857551304306D-01
  -.78279035757087D-01  0.58338254008480D-02  -.48470427710638D-01
  -.35365584328443D-01  -.35789486819095D-01  0.11696627996311D+00
  -.83864101071063D-01  0.61910994140241D-01  -.10537901003187D-01
  0.59536873948935D-01  0.36958571031702D-01  -.17770704350606D-01
  0.13818671495528D-01  -.18724248678777D-01  0.13242883246592D+00
$end
