$energy      SCF               SCFKIN            SCFPOT
     1 -464.7240398932      462.3617671591     -927.0858070522
     2 -464.7251140126      462.5402234224     -927.2653374349
     3 -464.7255904274      462.5907457877     -927.3163362151
     4 -464.7260727907      462.5916892032     -927.3177619939
     5 -464.7264835695      462.5760616706     -927.3025452400
     6 -464.7268173824      462.5640629527     -927.2908803350
     7 -464.7270942794      462.5579446812     -927.2850389606
     8 -464.7273298778      462.5549950882     -927.2823249660
     9 -464.7275310487      462.5534021134     -927.2809331622
    10 -464.7277014940      462.5520697694     -927.2797712634
    11 -464.7278462563      462.5504606747     -927.2783069310
    12 -464.7279719569      462.5483159112     -927.2762878680
    13 -464.7280847791      462.5456642410     -927.2737490201
    14 -464.7281890556      462.5426894658     -927.2708785214
    15 -464.7282869897      462.5396331718     -927.2679201615
    16 -464.7283789752      462.5366917945     -927.2650707697
    17 -464.7284640499      462.5340077022     -927.2624717521
    18 -464.7285403427      462.5315150606     -927.2600554033
    19 -464.7286054605      462.5292319254     -927.2578373858
    20 -464.7286569342      462.5270641127     -927.2557210469
    21 -464.7286926707      462.5249901396     -927.2536828103
    22 -464.7287005730      462.5240006930     -927.2527012659
    23 -464.7287152971      462.5218019563     -927.2505172533
    24 -464.7287377936      462.5178078313     -927.2465456249
    25 -464.7287566409      462.5138429145     -927.2425995555
    26 -464.7287721440      462.5098493351     -927.2386214792
    27 -464.7287835846      462.5057003195     -927.2344839041
    28 -464.7287914667      462.5015365848     -927.2303280515
    29 -464.7287970227      462.4974297104     -927.2262267331
    30 -464.7288021066      462.4933858485     -927.2221879550
    31 -464.7288090116      462.4894189861     -927.2182279977
    32 -464.7288198772      462.4855852313     -927.2144051085
    33 -464.7288364541      462.4819084603     -927.2107449144
    34 -464.7288596087      462.4783904334     -927.2072500420
    35 -464.7288898783      462.4749667496     -927.2038566279
    36 -464.7289281992      462.4716067058     -927.2005349050
    37 -464.7289761744      462.4682959851     -927.1972721595
    38 -464.7290364811      462.4650415745     -927.1940780556
    39 -464.7291119298      462.4618955323     -927.1910074621
    40 -464.7292012347      462.4589519926     -927.1881532273
    41 -464.7292969887      462.4564662573     -927.1857632460
    42 -464.7293882229      462.4551649048     -927.1845531277
    43 -464.7294665988      462.4572703006     -927.1867368995
    44 -464.7295419956      462.4664312578     -927.1959732534
    45 -464.7296186476      462.4800523332     -927.2096709808
    46 -464.7296852661      462.4913675291     -927.2210527952
    47 -464.7297429002      462.5004064848     -927.2301493850
    48 -464.7297977439      462.5078901914     -927.2376879353
    49 -464.7298489469      462.5126932281     -927.2425421750
    50 -464.7298960643      462.5177557234     -927.2476517877
    51 -464.7299399635      462.5221118192     -927.2520517827
    52 -464.7299819420      462.5253715019     -927.2553534438
    53 -464.7300204436      462.5284142340     -927.2584346776
    54 -464.7300547561      462.5310680582     -927.2611228144
    55 -464.7300834720      462.5333802634     -927.2634637354
    56 -464.7301052327      462.5352099873     -927.2653152200
    57 -464.7301187050      462.5362050880     -927.2663237930
    58 -464.7301216210      462.5308776384     -927.2609992594
    59 -464.7301230427      462.5289573712     -927.2590804139
    60 -464.7301232826      462.5282164313     -927.2583397139
    61 -464.7301231464      462.5288638068     -927.2589869532
    62 -464.7301237039      462.5289375215     -927.2590612255
    63 -464.7301234472      462.5293359493     -927.2594593965
    64 -464.7301249678      462.5288907366     -927.2590157044
    65 -464.7301266058      462.5289328111     -927.2590594168
    66 -464.7301319304      462.5291335760     -927.2592655064
    67 -464.7301379768      462.5292889889     -927.2594269657
    68 -464.7301502997      462.5304652940     -927.2606155937
    69 -464.7301661736      462.5285523159     -927.2587184895
    70 -464.7301751474      462.5248454317     -927.2550205791
    71 -464.7301769558      462.5212445303     -927.2514214861
    72 -464.7301791708      462.5270434946     -927.2572226653
    73 -464.7301735239      462.5256394960     -927.2558130198
    74 -464.7301722137      462.5316259678     -927.2617981815
    75 -464.7301677325      462.5230566805     -927.2532244129
    76 -464.7301680093      462.5307811230     -927.2609491323
    77 -464.7301680321      462.5284674901     -927.2586355221
    78 -464.7301678587      462.5285974879     -927.2587653466
    79 -464.7301691594      462.5292163461     -927.2593855055
    80 -464.7301682303      462.5286212839     -927.2587895142
    81 -464.7301684185      462.5286020512     -927.2587704697
    82 -464.7301682049      462.5285983355     -927.2587665404
    83 -464.7301682799      462.5287030581     -927.2588713381
    84 -464.7301683086      462.5286685747     -927.2588368833
    85 -464.7301682659      462.5286767953     -927.2588450612
    86 -464.7301682806      462.5286727120     -927.2588409926
$end
