$hessapprox internal
  0.540628418000D-01 -0.242257776027D-04  0.184346262468D+00 -0.562100568984D-04
 -0.122670566376D-04  0.611876176156D-01  0.555295637732D-04  0.275303495311D-02
  0.501612635683D-04  0.670481464979D-01  0.469689621987D-04 -0.134600205258D-03
 -0.565673577761D-03 -0.317272911580D-05  0.646510811829D-01  0.171596662860D-03
  0.146388630057D-04  0.522495009655D-04 -0.141168908292D-04  0.230948141693D-04
  0.530315259194D-01 -0.373251009313D-03 -0.170211244225D-04  0.245652853307D-05
  0.990812672975D-05  0.119138333664D-04 -0.510732443293D-03  0.507010943932D-01
 -0.808228580423D-03 -0.133673163745D-03 -0.571103877629D-04  0.790512062502D-04
 -0.815200160939D-04 -0.803766162964D-02  0.106287472791D-02  0.193781782452D+00
 -0.177839199973D-04 -0.124593195388D-02  0.149033312260D-04  0.452747742717D-01
 -0.456239585875D-02 -0.213861090118D-04 -0.534641459717D-05 -0.579565080203D-04
  0.212796372062D+00  0.773989506067D-04  0.641901475160D-04  0.132933388328D-02
 -0.450439169558D-02 -0.462280348633D-01  0.139550412735D-04  0.615940993369D-04
 -0.103132944440D-03 -0.197273514558D-04  0.212879617874D+00 -0.311721454701D-04
  0.849110515435D-04 -0.216185828963D-03 -0.325462126126D-02  0.761521784232D-04
  0.328352438405D-03  0.631968527173D-04 -0.133737456401D-03 -0.816353376669D-02
  0.491726837638D-03  0.474735166791D-01  0.575499989508D-04 -0.160081694638D-04
 -0.104339971623D-02  0.339081554962D-04  0.322302388017D-02 -0.183192588652D-03
 -0.344530843565D-04  0.221091782905D-03 -0.576543364396D-03 -0.820092037911D-02
 -0.448115383478D-04  0.465075055099D-01  0.871414292854D-03 -0.171774141974D-05
  0.111644563699D-04 -0.167698622250D-04 -0.320681903512D-04  0.524373672186D-03
  0.973726218858D-03 -0.108611464282D-02  0.890560197833D-05 -0.440557442278D-04
 -0.526382083261D-04  0.139954595785D-04  0.587566469409D-02 -0.254405199296D-03
 -0.133553783636D-04 -0.474320786233D-03  0.181715172537D-03  0.319013346682D-03
  0.183724407329D-04  0.162624909720D-02 -0.743759421293D-02 -0.869210582995D-04
  0.161364948545D-03 -0.103780779611D-02  0.759010215212D-03 -0.238506206224D-03
  0.178532508180D+00 -0.139854549746D-03 -0.560055428783D-05 -0.449526319894D-03
  0.266981669480D-03  0.518929804879D-03 -0.987268311679D-04  0.328625846537D-02
 -0.446475697268D-02 -0.403428833810D-03  0.378984572685D-03  0.794088347755D-04
  0.260409412068D-03  0.342147300668D-02 -0.938143304136D-02  0.152525432352D+00
  0.264137671895D-02  0.300787765829D-03  0.308271598336D-03 -0.506790363486D-03
 -0.402289500120D-03  0.104368592568D-01  0.613445988114D-03  0.754253807058D-02
  0.287353754984D-03 -0.592452183174D-03 -0.398430806004D-03 -0.704618576371D-04
 -0.839051297449D-03 -0.143511912269D-03 -0.180037700236D-01  0.293358124707D+00
  0.584961252657D-02 -0.111412266234D-04  0.159774998660D-03  0.743200890700D-05
 -0.137836240826D-03 -0.380353325579D-03 -0.936559301131D-02 -0.315240888092D-02
 -0.164047723396D-03 -0.480156211005D-04  0.458534660966D-03 -0.304716316734D-03
 -0.322596549778D-02 -0.424829823636D-03 -0.607328405424D-02  0.288797617223D-02
  0.284012484928D+00 -0.975874530987D-04  0.176536813409D-05 -0.815148442770D-03
  0.602674863307D-03 -0.216964301142D-02  0.534389978703D-04  0.420004122819D-04
 -0.253984305761D-03 -0.111293506858D-02 -0.371182482812D-02 -0.128038879097D-01
 -0.670335085602D-01  0.264322082761D-04 -0.846904305942D-03 -0.830995507320D-03
  0.394623404252D-03  0.311640682559D-03  0.251644182063D+00  0.100969435295D-03
 -0.161086260122D-03 -0.569839897729D-03 -0.217775820663D-02  0.221874898448D-03
 -0.201343067525D-03  0.612215651080D-04  0.152075670603D-02  0.374353949301D-02
 -0.761951655618D-03  0.672521875823D-01 -0.121334897797D-01  0.464782800872D-04
 -0.563623120432D-03 -0.201037634778D-03 -0.818038759221D-03  0.835679096589D-03
 -0.115842760194D-02  0.249797214982D+00 -0.140439211024D-02 -0.206040681118D-03
 -0.301454398843D-04  0.143519481374D-03 -0.104651923090D-03 -0.363769700657D-02
  0.798959474882D-03 -0.164278687277D-01 -0.117840671906D-03  0.490371845090D-04
  0.488118531551D-05  0.141916673395D-03 -0.117077696798D-02 -0.914274657547D-02
  0.434157321498D-02 -0.495919609790D-01 -0.598405841010D-02 -0.356979184501D-04
  0.215446072465D-02  0.108641817258D+00  0.239298658898D-02 -0.188654032927D-05
 -0.254832432356D-03  0.221259446022D-03  0.478649037093D-03 -0.195927693410D-02
 -0.697129785973D-02  0.432909153594D-02 -0.202881073139D-03  0.235223711211D-03
  0.387808615507D-03 -0.100094379871D-03 -0.309101851255D-02  0.537672775021D-02
  0.935751449220D-02 -0.258387100398D-02  0.445478288072D-01 -0.446947632067D-03
 -0.184726260132D-02  0.417001874645D-02  0.111497535623D+00  0.448883530005D-05
 -0.168922522405D-04 -0.146983478099D-03  0.242455753320D-03  0.204026169704D-03
 -0.139133652623D-03  0.347134490693D-05  0.131614227752D-03  0.286556554339D-03
  0.233710235718D-04 -0.585782783581D-03  0.238279875991D-03  0.298082857923D-04
  0.410232521901D-04 -0.548606268828D-03  0.132570912839D-03 -0.401827435039D-04
  0.490154606792D-04  0.306495415204D-02  0.233938829229D-03 -0.532031393657D-03
  0.120614628236D+00 -0.427205641123D-03 -0.697677802009D-04 -0.173828559306D-03
  0.118320249449D-03  0.119408724511D-03  0.172417688331D-02  0.993254021179D-04
 -0.624673115482D-02 -0.964872312314D-04  0.353110165326D-04 -0.119460553388D-03
  0.206185135305D-03 -0.217573438653D-03 -0.181335448275D-01 -0.251994276577D-02
  0.401842398412D-02 -0.180147434119D-02 -0.402624867304D-03  0.290560946000D-03
 -0.781837493655D-02  0.250433934773D-02 -0.781228774945D-04  0.566081137527D-01
  0.171534562030D-02  0.787834840736D-04 -0.556758441628D-04 -0.426629397414D-04
  0.165240043877D-04 -0.114199614990D-02 -0.348052452686D-03  0.369357180904D-02
 -0.503019225869D-06  0.698629204544D-04 -0.335224679984D-03  0.138361204684D-03
  0.895837598411D-03 -0.319303496893D-02 -0.230894070505D-01 -0.852428805838D-02
  0.127487939745D-02 -0.190383066026D-05 -0.354369795922D-03  0.682243498190D-02
  0.370097307010D-02  0.633040709013D-04  0.743018500515D-03  0.528042544883D-01
  0.982160219628D-05  0.735024095339D-06  0.448132255608D-02  0.129068653210D-03
  0.226427019753D-02 -0.337687734561D-04 -0.227286675041D-05  0.158433792479D-03
  0.190543964475D-03  0.422061177454D-02 -0.624571617809D-04 -0.414211284910D-03
  0.844298382605D-05  0.174443042124D-04  0.420964078216D-04 -0.873234197411D-04
  0.598089290585D-04 -0.162837868737D-03 -0.110719407290D-03  0.200264961523D-03
 -0.115669628202D-03 -0.239300070976D-04  0.453590558948D-04 -0.276572344328D-04
  0.362883295854D+00 -0.409216600158D-04  0.103902701745D-02  0.712639497028D-05
  0.330439224744D-01 -0.230995983126D-02  0.628892313898D-04 -0.415547702103D-05
 -0.173010572939D-03  0.125271402349D+00 -0.344838190657D-02 -0.483949306330D-02
 -0.168276232265D-03 -0.302340996973D-06 -0.304012009260D-03 -0.396199476683D-03
  0.321737525333D-03 -0.407891258593D-04  0.104707370580D-04 -0.757914403316D-03
 -0.238018165228D-03 -0.585772191992D-05  0.419356380715D-03 -0.113605612754D-03
 -0.628695196219D-04 -0.394751092342D-04  0.286482070618D+00  0.848128969733D-04
  0.510719476747D-04  0.161321687141D-03 -0.179357252072D-03 -0.255970256494D-03
 -0.114143547919D-03 -0.120213163990D-03  0.283834908432D-02  0.971974328328D-05
 -0.808641186823D-04 -0.257891161967D-03  0.864154154801D-05  0.591317734421D-04
  0.202269603301D-02  0.443676133016D-02  0.252379529234D-04  0.154152839073D-02
  0.285811341531D-03  0.861757512240D-05  0.257347620967D-02 -0.202907577006D-03
  0.245373767729D-03  0.723237626160D-02  0.103948310532D-04 -0.205581332826D-04
 -0.183216002574D-04  0.179531768996D+00 -0.852017843593D-04  0.102665181949D-04
 -0.173467135490D-02  0.244675433717D-02  0.330564025377D-01  0.775804386383D-04
 -0.295080013635D-04  0.863904129399D-04 -0.345784421507D-02 -0.125485626704D+00
 -0.233817185640D-03  0.485531664155D-02  0.328638337507D-04 -0.534938330800D-03
 -0.397934546513D-03  0.340789397041D-03  0.238230287390D-03 -0.896073148621D-03
 -0.686556911295D-03  0.429626295281D-04 -0.172607070439D-03 -0.237024698112D-04
 -0.718517967941D-04 -0.178309671458D-03  0.143781207875D-02 -0.156956422432D-05
  0.301759809161D-04  0.286682523766D+00 -0.458636426416D-02 -0.732770507489D-04
 -0.802900867125D-04  0.136166385184D-03  0.123593298826D-03  0.335008879180D-03
  0.392725270810D-02 -0.451167081711D-02 -0.123295332521D-03  0.122922828611D-03
  0.374713060320D-03 -0.686330255146D-04  0.183629728002D-03 -0.214508832929D-02
 -0.593238010538D-02  0.707613258338D-03 -0.458402076003D-03 -0.207746430890D-03
  0.469237729505D-03 -0.393940687300D-02  0.183373080592D-02 -0.198362790859D-03
 -0.254600944093D-02 -0.397984561254D-04  0.576069019205D-04 -0.131176273211D-03
  0.204529293601D-02  0.999165156187D-06  0.382554144750D+00 -0.209708175856D-02
 -0.443076330792D-04 -0.101556149144D-03  0.128934403476D-03  0.154437229895D-03
 -0.766310046249D-03 -0.176217568367D-02  0.106798027176D-02 -0.497915156348D-04
  0.166124028978D-03  0.144038637621D-03  0.481703410887D-05 -0.161929634564D-01
  0.113049407271D-02  0.116292661356D-02  0.472247716441D-02  0.775164293101D-02
 -0.198769704819D-03 -0.191753297455D-03  0.631014623884D-03  0.679792388039D-02
 -0.129988167270D-03 -0.251438687963D-03  0.142707845381D-02 -0.141219481244D-04
 -0.407798536337D-04 -0.547353413393D-05 -0.130051415709D-03 -0.529159018052D-03
  0.125532032744D+00  0.140143276524D-03  0.118134146074D-04  0.116331614608D-02
 -0.282509554624D-03  0.212635763558D-03 -0.179854137024D-03 -0.235017385137D-04
  0.278383196889D-03 -0.180912127817D-03 -0.107861681397D-02 -0.254960770485D-03
 -0.279977399348D-02 -0.280776453136D-04  0.118600828895D-02  0.913462741899D-03
 -0.637944448961D-03 -0.467314860852D-03 -0.346728598540D-01  0.979871142061D-03
  0.169886042345D-03  0.332957823042D-03  0.163927034897D-03  0.396031118344D-03
  0.135292223558D-03 -0.435379586306D-03 -0.498999479189D-03 -0.259508527927D-03
  0.283663288480D-02  0.132334700497D-03  0.212711921255D-03  0.594808295084D-01
  0.127583171129D-03  0.763067487637D-04  0.357731462326D-03  0.350169584524D-03
 -0.291639249745D-03 -0.446696906447D-03 -0.784003549953D-04 -0.122357275303D-03
  0.103790590525D-02 -0.196130726510D-03  0.329743274218D-02 -0.953934514981D-03
  0.321045045521D-04  0.204122980923D-02  0.701751178308D-03 -0.266968796563D-03
 -0.757451868992D-03  0.135839981384D-02 -0.338946955241D-01 -0.298522085002D-03
  0.392290756685D-03 -0.978544393027D-03  0.242391365587D-03  0.617647150791D-03
  0.899057345778D-04  0.263768495890D-02  0.876798309442D-04  0.809910216640D-03
 -0.402678115032D-03  0.100053063806D-03 -0.100314410118D-02  0.592798982842D-01
 -0.609825871782D-03  0.380144525510D-04  0.573867615206D-04 -0.636040280596D-04
 -0.117299878920D-03 -0.214684676379D-02 -0.648871285769D-03  0.283636547112D-02
  0.938898085188D-04 -0.144802386389D-03 -0.256651399017D-03  0.772369263976D-04
  0.392119064252D-03  0.111460287079D+00 -0.676841553940D-01 -0.639239729511D-02
  0.370735990099D-02  0.579321198691D-04 -0.212259880400D-03 -0.106810687062D-02
  0.578385599292D-03  0.126173658378D-03 -0.401129698333D-01  0.171987842027D-01
 -0.411462420764D-04  0.784753160305D-04  0.643730016201D-03  0.695709779094D-04
  0.112277860372D-02 -0.310382757899D-02 -0.788909420510D-04  0.217056429732D-03
  0.263294048642D+00 -0.189208881983D-02 -0.980636278667D-05  0.342681522922D-03
 -0.825242729868D-04 -0.289804381193D-03 -0.622104784183D-03 -0.303266797590D-02
  0.478257747388D-02  0.136710997621D-03 -0.239879261091D-03  0.594805034469D-03
 -0.416923048166D-03  0.986041011710D-03 -0.655524106011D-01 -0.107576709851D+00
  0.108408619392D-01  0.780862216966D-02  0.409811811228D-03  0.513621065086D-03
  0.288432855884D-02 -0.219965319793D-02  0.242833831314D-04  0.203690064878D-01
  0.407034755797D-01 -0.719723208105D-05  0.230533682150D-03 -0.228572429773D-02
  0.434063226871D-03 -0.135012717182D-03 -0.729226983130D-02 -0.717135561938D-03
 -0.130660411823D-02 -0.278042221379D-02  0.256760556577D+00  0.927712010129D-05
 -0.120942129574D-05 -0.266103304594D-04 -0.219428771642D-04  0.109181309292D-02
 -0.104909876656D-03 -0.229985508668D-04  0.310328517385D-03 -0.236113382567D-04
  0.104191604162D-03  0.432979333688D-03  0.155851664149D-02  0.373786969362D-04
  0.271015816280D-03  0.707344494485D-04  0.232845978704D-03  0.273301823788D-04
  0.192419215284D-02 -0.285076308962D-03  0.259594227729D-03 -0.284768859774D-03
 -0.373377494444D-04  0.120023269317D-03  0.269987011106D-04 -0.898291494723D-04
 -0.650938013181D-04  0.810168595483D-05  0.374391906029D-03  0.145192804401D-04
 -0.959431712366D-04  0.163844160490D-02 -0.562875711396D-04 -0.256511737030D-04
 -0.183344429735D-03  0.136280167235D+00 -0.139573902179D-04 -0.248603813055D-05
 -0.110590742734D-01  0.648899719837D-04  0.959205916711D-03 -0.110173636677D-04
 -0.218459213729D-04  0.121522509977D-03 -0.142111301067D-04 -0.296213161130D-03
  0.932060814368D-04  0.255142182098D-03  0.177844767769D-04 -0.212017951599D-04
 -0.110240733859D-03  0.106813208007D-03  0.274104380018D-04 -0.560873839621D-05
 -0.103369122658D-03  0.826935894775D-04 -0.134304969084D-03 -0.505674495438D-04
  0.194513890940D-04 -0.370710582303D-04  0.722885305190D-01 -0.601125109759D-04
  0.525137496382D-04  0.343899760897D-02 -0.118446662172D-04 -0.491730391556D-04
 -0.369816789275D-03 -0.181376362309D-04  0.364067463746D-04  0.727713262141D-04
  0.575059550430D-04  0.320634103970D-01  0.939220028681D-04 -0.221798208192D-04
  0.246485584743D-04  0.805252108506D-05 -0.554344235195D-04  0.170202330235D-02
  0.147749708970D-01 -0.259966005151D-02 -0.272688917934D-04  0.157245830276D-05
  0.486856929134D-04 -0.956634302848D-05  0.996400829226D-04 -0.152878346027D-02
 -0.357656737663D-02  0.108249778753D-02  0.149471754012D-01  0.360303225881D-04
  0.546672283214D-03 -0.263370763155D-02 -0.942822400415D-02  0.380058877427D-04
 -0.158125780358D-02 -0.641207018146D-03  0.495721529736D-04 -0.453732900397D-04
  0.718603469729D-03  0.316916161217D-04 -0.528199160411D-03 -0.180625651947D-03
 -0.407137630408D-04 -0.185382583422D-03  0.343582877574D-03  0.390119174911D-03
  0.748203637373D-04  0.221708431163D-04  0.199177283445D-01  0.449388314788D-03
  0.619111506807D-04  0.121481074902D-03 -0.162955547546D-03 -0.248332644402D-03
 -0.146051297594D-01  0.179491903659D-02 -0.197795465691D-02  0.138686331455D-03
 -0.257127631402D-03 -0.425368225744D-03  0.111609030270D-03 -0.538240680722D-03
 -0.107011364790D-02 -0.213440884376D-03  0.142319376986D-01  0.152223873891D-02
  0.220907331843D-03  0.242017122897D-03  0.986513797411D-02  0.112496847744D-02
  0.277016398937D-03 -0.123540540648D-03 -0.527749278571D-03  0.755528492932D-04
  0.632926766191D-04 -0.849206082368D-03  0.129623547174D-03  0.871514077099D-03
  0.152815426102D-02 -0.183664221349D-03  0.201808498354D-03 -0.356942555223D-03
  0.231621304701D-02  0.133053161806D-03  0.927411022920D-04  0.211404831286D-03
  0.196499763216D-01  0.136139965231D-02  0.866984155970D-04  0.127919189727D-03
 -0.173103126290D-03 -0.168722307650D-03 -0.734961042174D-04  0.710245825398D-03
  0.133716837779D-02  0.456850644809D-04 -0.139308695015D-03 -0.144471434548D-03
 -0.215086859577D-04  0.124495932559D-01 -0.108769330605D-02 -0.370425748678D-02
 -0.708919229126D-02 -0.747826357901D-02  0.272518970025D-03  0.248080518740D-03
  0.274689364493D-02 -0.400188042900D-02  0.154990384888D-03  0.105906695761D-02
 -0.663206177970D-02  0.659284976380D-05  0.364132845759D-04 -0.160166329877D-03
  0.931366313883D-04  0.698404561895D-03 -0.179634980358D+00 -0.248472483785D-03
 -0.122506886451D-03 -0.444233289743D-03  0.935267251138D-03  0.743648603302D-04
  0.294255762699D-04 -0.297342573773D-03 -0.123188782129D-02  0.290423049536D+00
  0.226313969299D-03  0.825123107511D-04  0.106072546339D-02 -0.636601190279D-03
 -0.136741847300D-02  0.348860899056D-03  0.876259262079D-04 -0.183282259229D-02
  0.166140489744D-02 -0.933298614155D-03 -0.836679001787D-03 -0.540078544375D-03
 -0.211561435898D-03  0.139836451464D-02  0.293761188585D-02 -0.265524936741D-02
 -0.433174691578D-03  0.419181696852D-02  0.386314567235D-01 -0.185635156177D-02
  0.392836372402D-02  0.210601161988D-02  0.952172381719D-04  0.456525001567D-03
  0.204981478042D-03  0.762216212815D-03 -0.112202805233D-02  0.102885374613D-02
  0.425118579476D-03  0.115484885531D-02  0.134673048368D-02  0.632704990691D-01
 -0.525427789608D-03 -0.140839287955D-02  0.371988760624D-03  0.192557808181D-03
 -0.556188372275D-03 -0.166688314576D-02 -0.124688983300D-02  0.154289945593D+00
  0.199616307108D-03  0.424222836911D-04 -0.135166927744D-04 -0.395922855108D-03
 -0.582168189969D-03  0.892659479628D-05  0.301958332369D-04 -0.103955881437D-03
 -0.228678948209D-03 -0.153045174125D-02  0.318996366040D-03  0.296116567324D-03
 -0.112350977828D-03  0.123208816446D-02  0.170782619576D-02 -0.135256122732D-02
 -0.540388797243D-03  0.351211988696D-01  0.535811612397D-03 -0.206092403393D-03
  0.130919992957D-02  0.628813912143D-03  0.446998783436D-03  0.101938178253D-03
  0.185023167167D-03  0.377998201858D-04 -0.683462789676D-03  0.859040665403D-03
  0.412856216218D-03  0.542240233762D-03  0.652805468131D-01 -0.535678529585D-02
 -0.340584575824D-03 -0.896948900887D-03  0.101431367927D-02  0.696248301416D-04
 -0.147683119655D-03 -0.754094983230D-03 -0.583891087880D-03 -0.482097889756D-02
  0.161898958528D+00 -0.130159669616D-04  0.350958928740D-05  0.372189541387D-05
 -0.376234918044D-04  0.568663872300D-03  0.745004062776D-04  0.930421145600D-05
 -0.202827860078D-03  0.296261217149D-04  0.665985192345D-04 -0.819827256230D-03
 -0.293821862769D-02 -0.204805120753D-04 -0.174548258504D-03 -0.279524192558D-04
 -0.677323127197D-04  0.228720400384D-05 -0.185496512274D-03  0.115742740246D-03
 -0.193307300615D-03  0.240724932659D-03  0.345622809787D-04 -0.648618767573D-04
 -0.262885349467D-04 -0.155315864459D-04 -0.386371370642D-04 -0.317650783749D-04
  0.412594896125D-03  0.561577456485D-05  0.429401178617D-04  0.904692210249D-03
 -0.128869787469D-03 -0.199482854082D-04  0.819630632551D-04 -0.172439480067D+00
 -0.119076073513D-03 -0.596669271663D-04 -0.798229105510D-04 -0.281158477287D-04
 -0.424837028346D-03  0.372874406909D-02  0.377422106625D+00 -0.254948997589D-02
  0.116668884253D-04  0.328993753216D-04 -0.233566927719D-04 -0.214226420965D-04
 -0.881808988589D-04  0.302430718525D-03  0.269718090667D-03 -0.316468562655D-05
 -0.332379917305D-04  0.457968790811D-04 -0.421844322050D-04 -0.304174608509D-03
 -0.420323192866D-04 -0.239491570863D-03 -0.158577849978D-02 -0.294744955870D-02
  0.551780957823D-04 -0.149796059170D-04  0.949796678033D-03 -0.454341135614D-02
 -0.107810995753D-04  0.753131827251D-04  0.117348448549D-03 -0.327970405725D-05
  0.401848691560D-04  0.502575608467D-04  0.388840328697D-04 -0.673160452605D-01
  0.108081055497D-02 -0.807216561464D-04 -0.918735808761D-04  0.259188504665D-03
  0.113481053765D-02 -0.131992517540D-05  0.572006567511D-05 -0.101628689351D-02
 -0.278013404087D-03 -0.106155172164D-02 -0.677405287605D-04 -0.968772156641D-04
  0.537549543457D-05  0.873984408876D-01  0.121465954605D-04 -0.534968513725D-02
 -0.205953670209D-03 -0.124923184731D-02  0.346460493099D-03 -0.333192161283D-03
 -0.358687801562D-04  0.419135830633D-03  0.485315693800D-02 -0.112018609474D-04
 -0.633028532178D-03  0.447281160146D-04  0.633058266215D-04  0.547774703966D-03
 -0.479494785587D-03  0.539843771049D-03 -0.266342765503D-03 -0.392179767886D-03
 -0.171846933745D-03  0.445958618835D-03 -0.112113518354D-02 -0.221897701485D-03
  0.119019732782D-04  0.262766507924D-03 -0.163090459124D-04 -0.896663808125D-01
  0.517809286027D-03 -0.223287067673D-02 -0.365401829131D-03 -0.278178108405D-03
  0.828852962365D-03 -0.195502185401D-02  0.230541404905D-03 -0.238975356441D-03
 -0.610752085449D-04 -0.933636866490D-04  0.906056300943D-04  0.592496716295D-03
  0.353989374804D-03  0.804786012426D-03  0.112030651994D-02  0.102298984034D-03
 -0.424927138940D-04  0.135665264144D+00 -0.417305641573D-04  0.637969371862D-05
 -0.271039640922D-04 -0.122761394313D-03  0.968242416105D-03  0.504412848855D-03
  0.677707219905D-04 -0.952289295232D-03  0.386044228185D-03  0.422255913608D-02
 -0.744524030999D-04 -0.788073106939D-03 -0.117703781047D-03 -0.964464693343D-03
  0.341553944197D-03 -0.710623815804D-03  0.110492108577D-03  0.249470130096D-04
  0.716564382148D-03 -0.970508406333D-03  0.159365736780D-02  0.286410677211D-03
 -0.215155075999D-03 -0.290188769241D-03 -0.337194387390D-02 -0.187813728083D-02
 -0.495968749487D-03  0.898952785863D-01  0.275712481187D-03  0.389922253782D-03
  0.182986433811D-02 -0.370077364009D-04 -0.217100106396D-03  0.479881179983D-03
  0.259102636324D-03  0.170314420466D-02 -0.231606520544D-03 -0.797783198609D-03
 -0.418566933037D-03 -0.222971677904D-02 -0.131312945564D-03  0.905194089217D-04
  0.342425954609D-04  0.501128112625D-03  0.134806555157D+00 -0.134720442294D-03
 -0.415081883272D-04 -0.161404637987D-03  0.972138333052D-04  0.138028045456D-03
 -0.146872689141D-01  0.103762979771D-02  0.214363407019D+00 -0.109871406827D-03
  0.166473890417D-03 -0.541127428338D-04  0.146445347311D-03 -0.422764662573D-03
 -0.348027852329D-02 -0.450260284868D-02  0.188704595215D-02 -0.255703921227D-02
 -0.311728100745D-03  0.124867303014D-03 -0.811855877724D-02  0.844204947233D-03
 -0.104245442470D-03 -0.201497275550D-02  0.553385978717D-03  0.401827367916D-04
 -0.120438305480D-03  0.140550879155D-02 -0.112839207216D-03 -0.189683833338D-02
  0.537153490121D-03  0.361842945989D-03  0.253636484259D-03  0.906614094958D-03
  0.258039550143D-02  0.822925563012D-04 -0.944242324932D-05 -0.123636825249D-02
  0.867473029033D-03  0.317455643142D-03  0.481366849972D-03  0.522837496592D-03
 -0.354251772312D-04 -0.108131517831D-03 -0.679476022332D-04 -0.117898074195D-04
  0.407662714563D+00  0.784981436069D-05 -0.193862117899D+00  0.428038402792D-04
  0.143967197025D-02 -0.122778794304D-03  0.348421009342D-04  0.106394235019D-04
  0.141890844469D-03  0.159371337882D-01 -0.811739966229D-03 -0.902499380233D-03
 -0.183126470824D-05  0.172986652448D-05  0.145018176454D-04  0.229694252628D-03
 -0.944033698253D-04  0.108816383100D-03 -0.882242773413D-05  0.472197198460D-03
  0.111307502624D-03  0.124275791501D-03 -0.141584171586D-06  0.107543059870D-03
 -0.100888771527D-03  0.250987291859D-05 -0.101982941608D-02 -0.149019345326D-03
  0.840107481622D-05  0.157260007607D-03  0.409503455386D-04 -0.721084498383D-04
 -0.102091654587D-03 -0.984220388811D-04 -0.309740585035D-04  0.436239143138D-05
  0.137897250338D-04  0.310738585227D-04 -0.116335369863D-03 -0.893338416707D-04
 -0.127747104982D-03 -0.217771561981D-03 -0.354301857303D-05  0.522468357890D-05
  0.170875708364D-01 -0.603621253919D-04  0.983325362620D-04  0.386318572068D+00
  0.214885119606D-04 -0.195556783524D-01 -0.186604124346D-03 -0.462884771047D-01
  0.147877336460D-02 -0.264394583577D-03 -0.237159257592D-04  0.494519672965D-03
 -0.136974407563D+00  0.102173514803D-01  0.819258390031D-02  0.670890128956D-04
  0.496131993092D-04  0.435498574279D-03 -0.256514551368D-03  0.283697867087D-03
 -0.135267032381D-03 -0.252046098115D-03 -0.784018564662D-03  0.586836750105D-03
 -0.961055179748D-03  0.446174684342D-03  0.117844717832D-03  0.158257175884D-03
 -0.338410147826D-05  0.330333739551D-01  0.202842994004D-03  0.129815966415D-02
 -0.150184740092D-03 -0.211496021241D-03  0.331029670337D-03  0.447273163488D-03
  0.127603749330D-03 -0.167707753011D-03 -0.131275964569D-04  0.371958448549D-05
  0.120607275038D-03  0.426744973484D-03  0.257644974923D-03  0.114286006448D-03
  0.111637900526D-02 -0.251827349221D-04 -0.193668951354D-04 -0.970331728322D-01
  0.265728845182D-02  0.150688087872D-04  0.698355715936D-02  0.347962593571D+00
 -0.218662708437D-04 -0.442046746375D-03  0.341051213579D-03  0.101157900799D-02
  0.462171243814D-01  0.351318864555D-03  0.322761484556D-04 -0.544405753344D-03
 -0.989670432010D-02 -0.138349669077D+00 -0.126735395826D-04  0.808094982428D-02
 -0.841093987243D-04 -0.539976540367D-03  0.358995980103D-03 -0.597593490536D-03
  0.221520341724D-04  0.714598731704D-03  0.900780996114D-03 -0.706331582018D-03
  0.129463195359D-02  0.161638632708D-03 -0.711984932490D-04 -0.250310949190D-03
 -0.886562072210D-03  0.163560603588D-02 -0.317541625392D-03 -0.329556029511D-01
  0.250559034584D-03  0.321370342529D-03 -0.631796102536D-03 -0.682434849432D-03
 -0.203074501700D-03  0.299181320035D-03  0.166457675535D-03 -0.279045722268D-02
 -0.188566144354D-03 -0.624125362671D-03 -0.376258657645D-03 -0.209293323324D-02
  0.339704170619D-03 -0.407995184319D-03  0.242721373659D-04 -0.181569412576D-02
 -0.980765464150D-01  0.371625259373D-04  0.892482492791D-04  0.363355455618D-03
  0.347703592582D+00  0.404224964930D-04 -0.488474919151D-04 -0.128774320094D-03
 -0.781716684333D-03  0.693376406151D-04 -0.390283987614D-03 -0.700813214323D-04
  0.694310792264D-03 -0.235660450883D-02  0.753294400088D-03  0.122461681389D-02
 -0.295248828434D-03  0.809292304989D-04  0.871641586934D-03 -0.102906987628D-03
  0.383513204229D-03 -0.251471790885D-03 -0.716437628882D-04  0.561360790091D-03
  0.662807511127D-03 -0.102289214864D-02 -0.517641744269D-01  0.245040436337D-03
  0.231289845495D-03 -0.150063306533D-04  0.596684799996D-03  0.283241103851D-03
 -0.485958977342D-05 -0.224742453086D-03 -0.241634275191D-03  0.241098068924D-03
  0.785914076933D-03  0.255812493163D-03 -0.347738136467D-03 -0.617001041321D-04
 -0.625049881942D-04  0.125130758191D-03  0.559387910188D-03  0.242149082163D-03
  0.177708390979D-02  0.561373674458D-03  0.562646458812D-04 -0.441327920116D-04
 -0.207566470921D-02  0.763018654975D-03  0.977704840025D-04 -0.376597637280D-03
  0.527853476533D-02 -0.653337868924D-03  0.399236534233D-01 -0.677667654415D-03
  0.705219844214D-05 -0.483558524576D-03  0.235597822965D-03  0.452104285186D-03
  0.327023800522D-02  0.305774129116D-03 -0.331140242764D-03 -0.449600578730D-04
  0.293805724915D-03 -0.704902356393D-03  0.564709571150D-03 -0.341277280252D-03
  0.479567228696D-01 -0.339885894169D-01  0.399941615042D-02 -0.472172807875D-03
 -0.892597406365D-03 -0.160434622786D-02 -0.199016915588D-01 -0.481877681972D-02
 -0.213198145602D-03  0.366699674008D-01 -0.178469934542D-01 -0.826690780232D-04
 -0.154654726127D-03 -0.278195257702D-02 -0.535659227857D-03  0.172303410512D-03
 -0.754347668754D-03  0.112450807944D-02  0.184999863565D-02 -0.747152461657D-01
 -0.214657058656D-02  0.949847520788D-05 -0.917798163104D-04  0.454580087895D-03
 -0.283864043092D-02  0.208191796392D-02  0.296777566165D-02  0.165520865952D-02
  0.821148986214D-05  0.148989617323D-03 -0.616113964134D-04  0.161801882810D-03
 -0.287751690102D-03  0.171741880655D-04 -0.135898863071D-03  0.239849792957D-03
  0.475187170167D-04  0.297158977146D+00 -0.110374748808D-03  0.126621861562D-03
  0.922782625583D-03 -0.620380014371D-03 -0.106184311318D-02 -0.822042785295D-03
  0.204644663389D-02  0.528677834865D-02  0.382792942594D-03 -0.683138737340D-03
  0.239680351697D-03 -0.634853910131D-03 -0.873105507775D-03 -0.279928201568D-01
 -0.391785308165D-01 -0.211126335516D-02  0.480693089208D-02  0.170398596190D-02
  0.218593065155D-02  0.971679294941D-02 -0.183030575701D-01  0.760469067758D-03
 -0.137620913828D-01 -0.356624149079D-01  0.708012709950D-04  0.443294233995D-03
 -0.159573461386D-02  0.877322014217D-03  0.316434951287D-02  0.922051017553D-03
 -0.188109210545D-02 -0.213834135021D-02 -0.106143052845D-02 -0.759711974643D-01
  0.680935495608D-04  0.220733706609D-03  0.450095869204D-02 -0.512890906263D-03
  0.166507798704D-02 -0.654214964897D-02 -0.347486294170D-02 -0.965274559350D-04
  0.108665441211D-02  0.101747473799D-02 -0.119954270372D-02  0.303317129585D-02
 -0.333689671046D-03  0.824813100604D-03 -0.120387664457D-02  0.351278725667D-03
  0.538749392930D-03  0.290244881953D+00 -0.580437727036D-03 -0.644688722512D-04
 -0.217464397614D-04  0.132769691835D-04 -0.455709664036D-04  0.259049424886D-01
 -0.867647247377D-03 -0.701877051369D-02  0.102082990131D-03 -0.133722999281D-03
 -0.774081141513D-04  0.115024865921D-03 -0.735152656098D-04 -0.121949694619D-01
  0.100695290986D-02  0.196063976991D-01 -0.669218889555D-02 -0.288229340326D-03
  0.124196277274D-03 -0.146023646091D+00 -0.969443232355D-02  0.314885430513D-05
 -0.489976142198D-02  0.107172103507D-02  0.315695600199D-04  0.413188304383D-04
  0.611120374142D-03  0.760753203884D-04 -0.175682692861D-02 -0.826616454800D-03
  0.178229227278D-03 -0.669765093146D-04  0.123136447736D-01 -0.475929418754D-03
  0.615072950204D-04  0.859416747763D-04 -0.642817613374D-03 -0.106137418299D-01
  0.120317920184D-02 -0.823141015308D-03  0.389163976685D-04 -0.767514139408D-04
  0.835577769920D-04  0.103018819796D-03 -0.219055902353D-03 -0.259872073402D-02
  0.524268908458D-04  0.134117685940D-03 -0.743729797570D-04  0.245649022890D-03
  0.122260917933D-01 -0.891954039594D-03  0.381088452076D+00  0.164783499103D-02
  0.148620303099D-03  0.300537850415D-03 -0.325887971631D-03 -0.446289504957D-03
  0.148860262884D-02  0.253150507048D-01  0.313945233337D-02  0.253770493805D-03
 -0.857930525036D-04 -0.398267475274D-03 -0.788277700026D-04  0.433296627168D-03
  0.650209403472D-02  0.134341154756D-01  0.191582654235D-02 -0.140329481802D-01
  0.837598165417D-03  0.682541857167D-03  0.933406781779D-02 -0.144385535755D+00
  0.553675486241D-03  0.286282483277D-02  0.264868043891D-02  0.292470758819D-05
  0.138570978622D-03 -0.222773150678D-02  0.441611938331D-04  0.314801975809D-02
 -0.176429983137D-03 -0.680888189080D-03 -0.234678772952D-03  0.105760504678D-02
  0.126898037893D-01  0.174563244576D-03  0.243329981211D-04  0.121962846238D-01
 -0.986914857526D-03 -0.216435897293D-03 -0.292389716656D-02 -0.148417297505D-02
 -0.120887130244D-03  0.524629077787D-02  0.906607421649D-03 -0.113086552917D-02
  0.118290731033D-02 -0.230546614188D-03  0.654047281352D-03 -0.105835070645D-02
  0.573757840560D-03  0.456969845012D-02  0.624790854880D-02  0.424749708075D-02
  0.379001222545D+00 -0.372739189012D-02  0.135458518830D-04  0.336015841468D-04
 -0.210682043293D-04 -0.378871055974D-04  0.902984919710D-04  0.118960484899D-02
 -0.916056933418D-03 -0.147896631865D-04 -0.380620997959D-04  0.295225215276D-04
 -0.309713386247D-04 -0.824308585626D-03 -0.122683500046D-02 -0.320574693617D-02
 -0.311840012545D-02 -0.605262487739D-02  0.583674903497D-04  0.122782235249D-03
  0.302281342041D-03 -0.476497925874D-02 -0.894981325202D-05 -0.698215419384D-03
 -0.565853148149D-03  0.963338065784D-05  0.342185623068D-05  0.508466414291D-03
  0.473288990331D-04 -0.336316793005D-01  0.229013698614D-02 -0.829867113280D-04
 -0.883377496592D-04  0.682738693176D-03  0.235635619200D-02  0.442878670250D-04
  0.149671300526D-04 -0.268979870757D-02 -0.637164813271D-03 -0.190428342917D-02
 -0.196387279408D-03 -0.142689273957D-03 -0.242623937751D-04  0.988980003104D-01
  0.401358044068D-05 -0.859976821859D-04 -0.902907647145D-03  0.228120259597D-04
  0.838073351401D-06 -0.755437188145D-04  0.252027969900D-04 -0.237599659979D-03
  0.962252127256D-03 -0.177880655093D-03 -0.254818891494D-02  0.260211650481D+00
  0.552098830930D-03  0.556121553474D-05  0.337487696684D-03 -0.157824276728D-03
 -0.363308346918D-03  0.150785318809D-02  0.495815857673D-03 -0.450672707575D-03
  0.215372984490D-03 -0.640172633993D-03  0.228926066362D-03 -0.206832478805D-03
 -0.612542914226D-03  0.202037409522D-02 -0.140341728155D-01  0.371851832313D-02
 -0.203792318300D-02  0.182205113406D-03  0.274824941966D-03 -0.358442975547D-02
 -0.555780969734D-02  0.182450239313D-04  0.739902404739D-02 -0.246460009068D-01
 -0.295106561402D-04  0.336615841237D-03 -0.112435907851D-02  0.708859029794D-03
  0.649855559742D-03 -0.187630032088D-02 -0.622370886053D-03 -0.109219879117D-02
 -0.269670352961D-01 -0.362620972986D-01 -0.714366033888D-04  0.192635160246D-03
  0.128723529143D-02 -0.863836140273D-03  0.509480754862D-02 -0.244369722169D-02
 -0.119007968708D-02  0.139161280764D-04 -0.533140485080D-03 -0.564677707577D-04
  0.148212302240D-03  0.315305956987D-03  0.287809491923D-05 -0.800286636311D-04
  0.175092727152D-03 -0.434250570181D-04  0.649520677051D-01  0.829455263225D-01
 -0.200204745795D-02 -0.106848008074D-01 -0.463854724326D-03  0.524940758456D-01
 -0.154823547695D-02 -0.732597580205D-04 -0.499853261578D-03  0.241709221603D-03
  0.374238985937D-03  0.111900790495D-02 -0.694549089322D-03 -0.423543870101D-02
 -0.147694664398D-03  0.243397588530D-03 -0.700249278255D-03  0.610229793461D-03
  0.357108954704D-03  0.193191255435D-01 -0.143610156446D-02  0.142292381633D-02
 -0.283777243673D-02 -0.907028301007D-03 -0.773754335218D-03 -0.553914848588D-02
  0.450494252427D-02 -0.109629562948D-03  0.256628794240D-01  0.563648812208D-02
 -0.429855707011D-04 -0.217898254602D-03 -0.112220804303D-02 -0.441512350253D-03
 -0.143100617721D-02 -0.169786757234D-02  0.104029499643D-02  0.147109583379D-02
 -0.359897897397D-01  0.272000589033D-01  0.820691681054D-04 -0.616004576350D-04
 -0.222597510670D-02 -0.529731266117D-03  0.146742290376D-02  0.171705007599D-02
  0.127799730063D-02 -0.581430326608D-04  0.197207872135D-03  0.692660887263D-04
 -0.204195317631D-03 -0.908278553191D-03  0.558119376307D-04  0.161282855708D-03
 -0.154574709204D-04  0.479282380459D-03  0.844307874539D-01 -0.636513574804D-01
 -0.111628085883D-01  0.494666134174D-02 -0.307845914583D-03  0.338760055300D-02
  0.514520186161D-01  0.907806755585D-03  0.322673179731D-03  0.173369272321D-02
 -0.198843551424D-02 -0.235898486213D-02 -0.622264367750D-03  0.125794041475D-03
 -0.350070949572D-04 -0.106647446279D-02  0.180103247110D-03  0.611217436791D-02
 -0.292413883402D-02 -0.295889253978D-03  0.587302141476D-02  0.681482032316D-02
 -0.653269258473D-02 -0.135103679458D-02  0.643989145130D-02  0.308237815596D-01
  0.411761306365D-03  0.403014095481D-02  0.318329223822D-02  0.158041122440D-02
  0.119747458795D-02  0.418182446055D-03 -0.186845317191D-02 -0.216808320009D-02
  0.377684995634D-03  0.120195949855D-02  0.192711663207D-02  0.169248767016D-02
  0.614500499166D-01 -0.117464394438D-02 -0.424214567354D-02  0.667253441533D-03
  0.112574258777D-03 -0.270506870281D-03 -0.231583599958D-02 -0.203905865352D-02
  0.106294632442D+00 -0.395454613904D-02 -0.434537818788D-03 -0.401824549477D-03
  0.580257112483D-03 -0.341631836821D-02  0.196627783719D-02 -0.661523945202D-03
  0.228885804015D-02 -0.415737821449D-02  0.316564824397D-02  0.631040111125D-02
 -0.126203479006D-01 -0.722456190057D-03 -0.467234491049D-02 -0.371593908702D-03
 -0.613237386796D-02  0.492065802909D-02  0.288241711322D+00 -0.369301222547D-03
 -0.200594786457D-04 -0.960321477947D-03  0.421717982494D-03  0.185153023017D-02
  0.216150659049D-03 -0.408089722552D-04 -0.592540825496D-04 -0.807121961110D-03
 -0.132022393079D-02  0.140976454571D-02  0.646930601512D-02  0.143731614406D-03
 -0.277116759938D-02 -0.294420165574D-02  0.218871524115D-02  0.111039516096D-02
 -0.255417602603D-01 -0.194118300690D-02  0.716155712065D-04 -0.201114250259D-02
 -0.105169254131D-02 -0.832164883971D-03 -0.330414799478D-03 -0.368962245958D-03
 -0.942690870342D-03  0.113806760730D-02  0.167160446899D-02 -0.588914616423D-03
 -0.792387374844D-03 -0.641339778603D-01  0.839905494396D-02  0.661315958447D-03
  0.218111085437D-02 -0.306959067332D-02  0.178803291316D-03  0.235663660652D-03
  0.108619835921D-02  0.866653926227D-03  0.117309108041D-01 -0.118353711390D+00
  0.468458293851D-03  0.184260678517D-03 -0.221319136196D-02 -0.407627953552D-03
 -0.103044222600D-02  0.261457976085D-03 -0.145031727075D-02  0.168051412364D-02
 -0.935143772141D-03 -0.313159880997D-02  0.612557239193D-02  0.383221815060D-04
  0.210524417289D-02  0.228892032593D-03  0.266141407230D-02 -0.239882190414D-02
  0.123442168357D-01  0.306524656539D+00  0.847500922181D-04 -0.682878706153D-06
 -0.789640531059D-03 -0.410161225181D-04 -0.953866009025D-03 -0.220417292001D-03
  0.608333151769D-05  0.403654930308D-03  0.617821974903D-04  0.237426830976D-02
 -0.332700934827D-04 -0.167383196541D-03  0.175208449384D-04  0.690796923060D-03
  0.370198338564D-03 -0.249491614426D-03 -0.926827673018D-04  0.274517857135D-03
  0.115790694518D-03  0.507499931411D-03 -0.370883413879D-03  0.368021164027D-04
  0.189050573870D-03  0.170725805507D-03 -0.305034853631D-01 -0.104575728626D-04
 -0.479482446703D-04 -0.202463046081D-02  0.340868956701D-04 -0.173017156963D-04
  0.500440682706D-03  0.188466850855D-03 -0.822283514723D-04 -0.508086479541D-03
  0.208475594137D-04  0.115500793362D-01  0.972587259734D-04  0.100793371399D-03
  0.344898397408D-04  0.427392258305D-03  0.884485977970D-03  0.229812108663D-05
 -0.433504443378D-04  0.192415077198D-04  0.404189957503D-02  0.184843998998D-03
 -0.584480605484D-05  0.131759574010D-04  0.102976513846D-02  0.330664738962D-05
  0.275899378775D-03 -0.355597426178D-03 -0.197232717165D-04  0.211963567113D-03
  0.905671852339D-05 -0.635438610519D-03  0.350497881303D-03  0.559298629102D-03
 -0.390643647059D-04  0.383391590209D+00  0.219795407334D-02  0.183823480347D-03
 -0.226526435964D-03  0.948619853090D-04  0.407906323941D-03 -0.103232471831D-01
  0.117218988118D-02  0.224346929252D-02 -0.471352484665D-03  0.655473792923D-05
 -0.136907577829D-03  0.794967067030D-04 -0.237566266315D-02 -0.101265687180D-01
 -0.929148671972D-02 -0.180888019110D+00  0.160437611922D-01 -0.105383072680D-03
 -0.103009726295D-02  0.698454613719D-01  0.101535329816D-01 -0.468237018134D-03
  0.267760834321D-03 -0.257812639859D-02 -0.313200705518D-04 -0.304349308364D-03
  0.400496194418D-02 -0.127063932075D-03 -0.130747243166D-04  0.813680127614D-02
  0.254808222579D-03  0.101565157860D-02 -0.338308481383D-02  0.991526384451D-02
  0.121323038693D-03 -0.112880636576D-03  0.906519459771D-03 -0.476451610051D-02
 -0.685935520846D-02  0.323318100458D-02  0.723010764444D-03  0.134679529587D-03
 -0.111698180413D-02 -0.518085446923D-03  0.404133112275D-03 -0.173743519438D-02
  0.181095116468D-03 -0.512353836044D-03  0.346277533607D-03 -0.263316174915D-03
  0.373494615594D-03  0.389916042098D-02 -0.294842834816D-01 -0.979326809633D-02
 -0.408266713552D-02 -0.132959538659D-01 -0.113937665275D-01  0.500078438655D-02
 -0.166295458790D-02  0.136219478898D-03  0.349245061874D+00 -0.543137428620D-02
 -0.284201309354D-03  0.130210589208D-03  0.237515586614D-03  0.793052275343D-04
 -0.324665613659D-02 -0.122091045970D-01 -0.123726197151D-01 -0.464209570989D-03
 -0.218748566024D-03  0.180790217351D-02 -0.685160121926D-03 -0.310575279017D-02
 -0.209215369857D-02  0.278239549675D-02 -0.210758916010D-01  0.161371123996D+00
 -0.173388748875D-03  0.209948972295D-02 -0.305999780133D-02  0.833526552543D-01
 -0.627735296095D-03 -0.690235983644D-02  0.487742868343D-02  0.221527139229D-03
 -0.866858123102D-04  0.715716662066D-02  0.768561104915D-03 -0.664736914483D-02
  0.416784059966D-02 -0.463996651633D-03 -0.277138699975D-02  0.300349308189D-02
 -0.810983097797D-02 -0.125113896295D-03  0.110496776253D-03 -0.287732687599D-02
  0.268283685628D-02  0.807118933261D-03 -0.744124131063D-03 -0.102431972963D-04
  0.187062126704D-03  0.370091806537D-02 -0.136238950871D-02  0.146162976190D-02
 -0.217145447214D-02  0.506918389253D-03 -0.618082909068D-03  0.117868324633D-02
 -0.104118823749D-02  0.150957429923D-02  0.534297034042D-02 -0.121414723868D-01
 -0.310473497290D-01  0.183935935774D-02 -0.167153831643D-01  0.136404250442D-01
 -0.224769865483D-02  0.983561431194D-03 -0.573025246148D-03  0.274178225167D-01
  0.395939152149D+00  0.623100779257D-04 -0.807275780638D-05 -0.177768937212D-03
  0.199158582729D-03 -0.154480027607D-02 -0.340653445054D-03 -0.338030816663D-04
  0.856009381826D-03  0.354760682562D-03  0.294476314563D-02  0.303538332521D-03
  0.929239541890D-03  0.904662677586D-04  0.804727908340D-03  0.126640894309D-03
  0.357702807903D-03  0.461382629589D-04  0.161557782174D-03 -0.492779853996D-03
  0.824500406417D-03 -0.106390045273D-02 -0.148627157093D-03  0.302789702349D-03
  0.171168586538D-03 -0.116533134963D-05  0.436727109463D-04  0.136613277746D-03
 -0.123088463420D-02 -0.454902137306D-04 -0.196135523265D-03  0.215328076762D-02
  0.120804911478D-03  0.612823469566D-04 -0.422042941274D-03  0.418225256561D-01
 -0.726495295517D-04  0.231634715285D-03  0.439901591783D-03  0.144536108688D-03
  0.149016327029D-02 -0.138841770275D-02 -0.232365800749D-01 -0.204513744164D-04
 -0.681873434234D-03 -0.308600796077D-02  0.151724935167D-03  0.104292057324D-03
 -0.561659339847D-03 -0.354954663210D-02 -0.220718552026D-03 -0.377041457301D-04
  0.423465289075D-03  0.257307992411D-03  0.659898851024D-03  0.118852057744D-03
 -0.196956409665D-03  0.279150371375D-03  0.239528298352D-02 -0.607027229755D-03
  0.656735119754D-04 -0.378978814750D-03 -0.102239161325D-02  0.434536176361D+00
  0.141245834148D-03 -0.107682708861D-02 -0.365414831930D-03 -0.208207060702D-01
  0.200532801416D-02 -0.712041687635D-03 -0.227803589526D-04  0.931496840375D-03
 -0.635888673715D-01  0.221896739460D-02  0.361380330096D-02  0.288884753316D-03
  0.995425359103D-04  0.131823239078D-02 -0.271295315264D-03 -0.280065589939D-03
 -0.133143035472D-03 -0.139460772539D-03 -0.198409784940D-02  0.137964819127D-02
 -0.190484109122D-02 -0.499758212561D-03  0.189186879015D-03  0.566279629995D-03
 -0.455436851564D-04 -0.203907297347D-01  0.610648243409D-03 -0.470409280801D-03
 -0.446121787875D-03 -0.339834873456D-03  0.906065147199D-03 -0.609305856919D-03
  0.344062419601D-03 -0.703199111147D-03  0.239674978230D-03 -0.168517676822D-03
  0.259271028845D-03  0.884874849626D-03  0.462247633182D-03  0.273649916691D-02
  0.144312478765D-02 -0.103378606475D-03 -0.947519406023D-04  0.679393924194D-01
  0.222949588544D-02  0.525772657410D-04 -0.100590423832D-01  0.810361945350D-01
  0.425610592478D-02  0.105367970153D-02  0.228625768404D-04  0.131929702540D-02
 -0.129367259328D-03  0.130702741246D-02  0.102727260825D-04 -0.654563054152D-03
  0.504023274402D-03  0.767556404302D-02 -0.181903703028D-02  0.184629379278D-03
 -0.397718604880D-03 -0.216127072525D-02  0.103979250997D-02  0.257194641894D+00
 -0.227882402101D-03  0.613118876193D-04  0.577554391428D-03  0.120105889503D-02
  0.205389958074D-01  0.979217529021D-03  0.633545414881D-05 -0.165157205295D-02
 -0.138448652109D-02 -0.642882125848D-01  0.174993800631D-04  0.334863575573D-02
 -0.147286903447D-03 -0.226392539133D-02 -0.147027976833D-03 -0.254578959522D-03
  0.314437563944D-03  0.172792859483D-02  0.138505064863D-02 -0.199135589972D-02
  0.266189672433D-02  0.341482357416D-03 -0.494317577660D-03 -0.749531888305D-03
 -0.516241551509D-04  0.318266816262D-03 -0.432906311814D-03  0.212094246314D-01
  0.345310164377D-03  0.471723517873D-03  0.495672828492D-03 -0.102257265648D-02
 -0.124214004786D-03  0.152716951281D-02  0.219895823971D-02  0.865194811115D-03
 -0.453166391407D-03 -0.108220242108D-02 -0.604983004003D-03 -0.404339379182D-02
 -0.177693326767D-02 -0.135812023488D-02  0.133801656193D-03 -0.107861831695D-02
  0.680160559661D-01 -0.392243483227D-03  0.109967110262D-03 -0.339469286669D-02
  0.814973629802D-01  0.582593670299D-04 -0.295013028691D-03 -0.100526463889D-02
 -0.193417919779D-04 -0.212214224034D-02 -0.935611136630D-04  0.164603054213D-02
 -0.938911132044D-03 -0.880224345981D-02  0.617091288723D-02 -0.961568014054D-03
  0.395762593010D-03  0.329527370750D-02  0.941028622510D-02  0.293086910792D-03
  0.258845316563D+00 -0.655818409331D-02 -0.157381642166D-03 -0.113330444546D-03
  0.280883710659D-03  0.697611902917D-04 -0.241040567394D-02 -0.469481914285D-02
  0.486284979072D-02  0.135023076133D-03  0.391029442451D-03 -0.223797012996D-03
  0.673185396681D-04 -0.961077735394D-02  0.876078752176D-02  0.273413238382D-01
  0.312243476514D-02  0.531121689604D-01 -0.346778370092D-04 -0.756992139264D-03
  0.639532800627D-02  0.259309053811D-01  0.167072381064D-03  0.247356801007D-02
  0.659990018024D-02 -0.116892951729D-03  0.423022470311D-04 -0.245272924418D-02
 -0.363119372667D-03  0.201157227895D-02  0.367491143881D-01  0.167119634578D-03
  0.104218919505D-02 -0.622559856825D-02 -0.138214920736D-01 -0.141841709496D-03
 -0.938094798236D-04  0.638936741008D-02  0.148543482596D-02 -0.488833408333D-01
  0.243371284049D-02  0.403466615624D-03 -0.495395827785D-04  0.632280510952D-02
 -0.203744174947D-03  0.232484196894D-03  0.153462323281D-02 -0.850082989881D-04
 -0.321852715609D-03  0.148704556201D-03 -0.232785686487D-03 -0.578422008233D-02
 -0.117830516656D-01 -0.324882162657D-02 -0.307287948061D-02  0.131707651826D-01
 -0.262140875803D-01 -0.464584032846D-02  0.346417160363D-02 -0.616141118837D-03
  0.488970508185D-04  0.226862893080D-01  0.895266768047D-03  0.314694484113D-03
  0.294288317784D-03 -0.117210746725D-03  0.552818394876D+00
$end
