$hessian (projected)
 1  1   0.6590943579  -0.0274636607   0.0536339579  -0.2498980006  -0.0611862856
 1  2  -0.0389649137   0.0461519684  -0.0613703237  -0.0118857883  -0.0634000098
 1  3  -0.0078005847  -0.0082899042   0.0152317522   0.0779283585   0.0211983100
 1  4  -0.0184737717  -0.0184837201  -0.0074044648   0.0014425759   0.0027554994
 1  5  -0.0000230289  -0.0012740425  -0.0003035023  -0.0001516005  -0.3071020281
 1  6   0.0445994571  -0.0173291468  -0.0179758312   0.0106954592   0.0005026359
 1  7  -0.0655699554   0.0410730789   0.0082950761   0.0019876878  -0.0000852615
 1  8  -0.0005524250   0.0000219487   0.0000057896  -0.0000146900  -0.0001047058
 1  9  -0.0001000159  -0.0000648074  -0.0000828177  -0.0001130383  -0.0001103031
 1 10   0.0003611275  -0.0002156989   0.0008122889   0.0001610148   0.0000123276
 1 11  -0.0001536435  -0.0004443727   0.0003148869   0.0003949462  -0.0000264895
 1 12   0.0000265495   0.0000442871  -0.0000207951  -0.0000338831  -0.0000740013
 1 13   0.0000159406  -0.0001692092   0.0000584182  -0.0000933310  -0.0001172700
 1 14   0.0000791139   0.0000278090   0.0000097575   0.0000341517  -0.0000300317
 1 15   0.0000212898  -0.0000344684
 2  1  -0.0274636607   0.6915640936   0.1530908325  -0.1225568798  -0.1931011991
 2  2  -0.0501711669  -0.0191109054  -0.0365074976  -0.0145722840  -0.0083120030
 2  3  -0.0012137352   0.0015276710   0.0355188378  -0.0120918168  -0.0013989176
 2  4   0.0121080757   0.0110316411   0.0035029667   0.0016380961  -0.0048042788
 2  5  -0.0030424982  -0.0002853379   0.0006709421   0.0002354846   0.1061967253
 2  6  -0.1524032547  -0.0124711167  -0.0197777326   0.0106737727  -0.0002730890
 2  7   0.0409829348  -0.3079430226  -0.0737370756   0.0009740041  -0.0052230228
 2  8  -0.0032779699   0.0001096593   0.0000636785  -0.0000688924  -0.0000693178
 2  9  -0.0001451518   0.0000428489   0.0000607780  -0.0000003403   0.0002158560
 2 10  -0.0000426641   0.0001019813   0.0003937310  -0.0000838424  -0.0000304737
 2 11   0.0000690677   0.0003160921  -0.0003239450   0.0000853594   0.0000012070
 2 12  -0.0001017545  -0.0001826954   0.0000026810  -0.0000186194  -0.0000033683
 2 13  -0.0001775135   0.0000650959  -0.0000127689  -0.0000469158  -0.0002210228
 2 14  -0.0000033709  -0.0000054214   0.0000270280   0.0000251797   0.0000231032
 2 15  -0.0000690979   0.0000262161
 3  1   0.0536339579   0.1530908325   0.1845675516  -0.0557591271  -0.0437209658
 3  2  -0.0794604451  -0.0005747922  -0.0195794081   0.0022905507  -0.0088500447
 3  3   0.0013466932  -0.0092647060   0.0106360446   0.0034023536   0.0101164377
 3  4   0.0009753152   0.0002244381   0.0029178400  -0.0002634128  -0.0030116056
 3  5   0.0066439958  -0.0001344657   0.0003381885  -0.0007103954   0.0004967011
 3  6  -0.0201255576  -0.0678880778  -0.0082432417   0.0034757215   0.0031212187
 3  7   0.0082673009  -0.0729079594  -0.0563635195  -0.0003987213  -0.0034740513
 3  8   0.0063763739  -0.0000295671   0.0000093533   0.0000653496  -0.0000467711
 3  9  -0.0001270351   0.0001533666  -0.0001745144  -0.0000665950  -0.0006155352
 3 10  -0.0003039241   0.0008713043  -0.0014407113   0.0001418658   0.0002322813
 3 11  -0.0006477482   0.0003961366   0.0000856645  -0.0005762100   0.0000024444
 3 12  -0.0000221213   0.0000435087  -0.0000045384   0.0000263680  -0.0000047962
 3 13   0.0001143373  -0.0000914035   0.0002458185   0.0001340036   0.0000475247
 3 14   0.0004153936  -0.0000087643   0.0000032234  -0.0000029937  -0.0000062226
 3 15  -0.0000272443   0.0000177329
 4  1  -0.2498980006  -0.1225568798  -0.0557591271   0.7157326493  -0.0398315514
 4  2   0.0556622860  -0.1303471000   0.0629138823   0.0087670781   0.0146800320
 4  3   0.0348645873   0.0106300647  -0.0081534696  -0.0211104077  -0.0056216668
 4  4  -0.2939769196   0.0955877096  -0.0026683067   0.0072299934  -0.0260934767
 4  5  -0.0063228776  -0.0054437627   0.0028259192  -0.0008549406  -0.0545713018
 4  6   0.0056854028  -0.0059324333  -0.0041795068   0.0030284237  -0.0004765959
 4  7   0.0082143090   0.0055693227   0.0023010902   0.0004876575  -0.0007137481
 4  8  -0.0000239807  -0.0000336771   0.0000517933   0.0000554921   0.0001632718
 4  9   0.0000328290  -0.0000430051   0.0003895029  -0.0001553341   0.0001462714
 4 10  -0.0000079056  -0.0000393890   0.0000806098  -0.0000250098  -0.0000871450
 4 11   0.0001063720  -0.0000930803  -0.0000474073   0.0001350394   0.0000301815
 4 12   0.0000057784  -0.0000302172  -0.0000454492  -0.0000368184   0.0000341247
 4 13  -0.0001088777   0.0001156347  -0.0000329629  -0.0001191096  -0.0000035634
 4 14  -0.0002259286   0.0000008152   0.0000235810   0.0000078672   0.0000747579
 4 15  -0.0000291432   0.0000657469
 5  1  -0.0611862856  -0.1931011991  -0.0437209658  -0.0398315514   0.6364831087
 5  2   0.1338797874   0.0019268049  -0.3142269819  -0.0688083178   0.0775205587
 5  3  -0.0131562251   0.0036311070  -0.0218390958  -0.0526588044  -0.0141398313
 5  4   0.0956081863  -0.0960294697  -0.0058350958   0.0045484314  -0.0127864188
 5  5  -0.0034497970   0.0016944167   0.0017608389  -0.0013649821  -0.0367526929
 5  6   0.0579213872   0.0093139398   0.0040545537   0.0004972375  -0.0014424490
 5  7  -0.0249486005  -0.0136000722  -0.0073040263  -0.0006820246  -0.0009887320
 5  8  -0.0002423766  -0.0000107206  -0.0000333817   0.0000203007  -0.0001011872
 5  9   0.0000225118   0.0001245321  -0.0001168079   0.0001029443  -0.0002421346
 5 10   0.0001405383  -0.0000453077  -0.0001683013   0.0002254407  -0.0000650142
 5 11   0.0001065071  -0.0001173294  -0.0002210831   0.0000479596  -0.0000083621
 5 12   0.0000088098   0.0000374727   0.0000554229   0.0000235658   0.0000572593
 5 13  -0.0001887128   0.0002165462  -0.0001820828  -0.0000036993  -0.0000986365
 5 14  -0.0003808336   0.0000038185  -0.0000038584   0.0000156507   0.0000088981
 5 15  -0.0000217655   0.0000466778
 6  1  -0.0389649137  -0.0501711669  -0.0794604451   0.0556622860   0.1338797874
 6  2   0.1749756347  -0.0074517884  -0.0620660709  -0.0773792376   0.0219738921
 6  3  -0.0013147124   0.0091206484  -0.0057270430  -0.0140242262  -0.0128601744
 6  4  -0.0026406438  -0.0057038270  -0.0377264591   0.0018226715  -0.0071052695
 6  5   0.0004802441  -0.0010758974  -0.0012501472   0.0071032037  -0.0166841938
 6  6   0.0135035631   0.0095729365  -0.0003213672  -0.0016202642   0.0067592900
 6  7  -0.0064047185  -0.0040435146   0.0010195435  -0.0000308607  -0.0001702461
 6  8  -0.0007768213  -0.0000566778   0.0000330075   0.0001511993  -0.0001653426
 6  9  -0.0001054619   0.0000131580  -0.0002740768  -0.0000904742  -0.0008518516
 6 10   0.0002501897   0.0000410982  -0.0005907490   0.0006056504   0.0002138164
 6 11   0.0002077571   0.0000790005  -0.0000015868   0.0004144005   0.0000047585
 6 12  -0.0000086206  -0.0000078937   0.0000298786   0.0000632412  -0.0000477694
 6 13  -0.0003553753   0.0003250244   0.0000082737  -0.0002261605  -0.0003807425
 6 14  -0.0001309585  -0.0000284446   0.0000025746   0.0000030927  -0.0000208232
 6 15  -0.0000057818   0.0000029777
 7  1   0.0461519684  -0.0191109054  -0.0005747922  -0.1303471000   0.0019268049
 7  2  -0.0074517884   0.6966290122   0.0163763407   0.0705810857  -0.3037407344
 7  3   0.1048570549  -0.0003272441  -0.0548738221  -0.0370845548  -0.0170751776
 7  4  -0.0010497609   0.0301610891   0.0077906585  -0.2225748386  -0.1223799665
 7  5  -0.0552040069   0.0004675664  -0.0008882680  -0.0003608651  -0.0251444640
 7  6   0.0315583100   0.0069123127  -0.0000660892   0.0009455051   0.0002918918
 7  7  -0.0037220639  -0.0036383505  -0.0022150859  -0.0018494683  -0.0030134251
 7  8  -0.0019924429  -0.0000092728  -0.0000056799  -0.0000158374   0.0001291631
 7  9   0.0000824555  -0.0000975135  -0.0001039086  -0.0001739318  -0.0002858206
 7 10   0.0000652650   0.0000161470   0.0000758782   0.0003874430   0.0001061991
 7 11   0.0002056982   0.0000158118  -0.0001769422   0.0001147854   0.0000117863
 7 12   0.0000150135   0.0000035562  -0.0000718651   0.0001728350  -0.0001453811
 7 13  -0.0002607633   0.0004640863   0.0000270704  -0.0001096242  -0.0001898095
 7 14  -0.0003538320   0.0000101810   0.0000255073   0.0000183685   0.0000555781
 7 15  -0.0000455145   0.0000784823
 8  1  -0.0613703237  -0.0365074976  -0.0195794081   0.0629138823  -0.3142269819
 8  2  -0.0620660709   0.0163763407   0.6509042672   0.1440739263   0.0442545377
 8  3  -0.1509587015  -0.0204221014   0.0056323255   0.0566672888   0.0142658937
 8  4  -0.0005380252  -0.0065530707  -0.0023140946  -0.1224003857  -0.1503636615
 8  5  -0.0458277289   0.0297214960  -0.0079624689   0.0009668261   0.0310914804
 8  6  -0.0396305655  -0.0047591827   0.0009569026  -0.0005502192   0.0001147395
 8  7  -0.0025972535   0.0004266024  -0.0021080201  -0.0041351504  -0.0012935465
 8  8  -0.0028697214   0.0000615535  -0.0000080068  -0.0000869854   0.0001646878
 8  9   0.0001696388  -0.0000895450   0.0001306753   0.0000128102   0.0005363274
 8 10  -0.0001478106  -0.0000262205   0.0002466650  -0.0005565891  -0.0001009003
 8 11  -0.0002209201  -0.0001692201   0.0000648952  -0.0000910869  -0.0000084743
 8 12   0.0000335858   0.0000322039  -0.0000002214  -0.0000691436  -0.0000123336
 8 13   0.0004649608  -0.0002651218  -0.0001106414   0.0001159167   0.0002170209
 8 14   0.0003237472   0.0000341721   0.0000022833   0.0000314224   0.0000045229
 8 15   0.0000177139  -0.0000339110
 9  1  -0.0118857883  -0.0145722840   0.0022905507   0.0087670781  -0.0688083178
 9  2  -0.0773792376   0.0705810857   0.1440739263   0.1762092610  -0.0166013450
 9  3  -0.0132802098  -0.0638058726  -0.0058979239   0.0094445647   0.0085035156
 9  4  -0.0005556775   0.0010029059   0.0026276959  -0.0550125557  -0.0455701673
 9  5  -0.0535839595   0.0079213697  -0.0027495426   0.0019756807   0.0067130250
 9  6  -0.0042615223  -0.0088062954   0.0003137764   0.0001231392  -0.0004795986
 9  7  -0.0019360071  -0.0023868645   0.0062366954  -0.0022475973  -0.0027326329
 9  8   0.0065343261   0.0000187061   0.0000107208  -0.0000194976  -0.0001477101
 9  9  -0.0000955440  -0.0000129471   0.0000183401   0.0001611305   0.0002301061
 9 10   0.0001277624  -0.0000094431  -0.0006334209  -0.0002480073  -0.0000166029
 9 11  -0.0000374096   0.0000572108  -0.0000149675   0.0002422166  -0.0000098732
 9 12  -0.0000166312  -0.0000073745   0.0000490409  -0.0000078233   0.0000663900
 9 13   0.0000274907  -0.0001125793  -0.0001515647  -0.0000323449  -0.0001815084
 9 14   0.0000086699  -0.0000011536  -0.0000064816   0.0000112097  -0.0000189020
 9 15   0.0000067348  -0.0000191398
10  1  -0.0634000098  -0.0083120030  -0.0088500447   0.0146800320   0.0775205587
10  2   0.0219738921  -0.3037407344   0.0442545377  -0.0166013450   0.6565638359
10  3  -0.0252043894   0.0547004171  -0.2507683136  -0.0621211857  -0.0394008027
10  4   0.0020096334  -0.0001437908  -0.0006246380  -0.0179282142   0.0106226252
10  5   0.0006379289  -0.0654199779   0.0406759281   0.0074838097   0.0464292424
10  6  -0.0611253991  -0.0124873523   0.0013969578   0.0027240965   0.0000612378
10  7  -0.0012416238  -0.0002676068  -0.0001446290  -0.0184297248  -0.0185487221
10  8  -0.0073967257   0.0000584768  -0.0000029564  -0.0000809099  -0.0001516985
10  9  -0.0000971678   0.0001012967   0.0000121408   0.0002602777   0.0003943750
10 10   0.0002013310   0.0000582822  -0.0001668390  -0.0007657328   0.0000334720
10 11  -0.0000889512   0.0001616349  -0.0000858573   0.0001394825  -0.0000282984
10 12  -0.0000022149   0.0000045345   0.0000197526   0.0000591321   0.0000187547
10 13   0.0003875416  -0.0005564883  -0.0002467177  -0.0000229060   0.0002271695
10 14   0.0006039227   0.0000116842   0.0000014340   0.0000148016  -0.0000350293
10 15   0.0000302681  -0.0000454981
11  1  -0.0078005847  -0.0012137352   0.0013466932   0.0348645873  -0.0131562251
11  2  -0.0013147124   0.1048570549  -0.1509587015  -0.0132802098  -0.0252043894
11  3   0.6907321177   0.1497675213  -0.1231323849  -0.1929392029  -0.0507454488
11  4   0.0009894619  -0.0051649688  -0.0033559315  -0.0199906065   0.0105466631
11  5   0.0001761663   0.0406910451  -0.3081392891  -0.0694917631  -0.0189033461
11  6  -0.0367933293  -0.0144000343   0.0016957300  -0.0047258841  -0.0029897922
11  7  -0.0002681752   0.0006411447   0.0002757326   0.0120994063   0.0109208737
11  8   0.0038889224  -0.0000435915   0.0000165138   0.0000358764   0.0000864587
11  9   0.0000254128  -0.0001182336   0.0000208908  -0.0000174182  -0.0000399719
11 10   0.0000195719  -0.0001270642   0.0000305761   0.0000343624   0.0002048189
11 11  -0.0000697407   0.0000119697  -0.0000298408   0.0002315689  -0.0000035916
11 12   0.0000378332   0.0000365285  -0.0000316857   0.0002695341  -0.0001282809
11 13   0.0001061928  -0.0001005852  -0.0000154299  -0.0000881721  -0.0000649472
11 14   0.0002123261   0.0000234820   0.0000209156   0.0000245172  -0.0000336860
11 15   0.0000153642  -0.0000768799
12  1  -0.0082899042   0.0015276710  -0.0092647060   0.0106300647   0.0036311070
12  2   0.0091206484  -0.0003272441  -0.0204221014  -0.0638058726   0.0547004171
12  3   0.1497675213   0.1755331475  -0.0550697992  -0.0433498419  -0.0774937227
12  4  -0.0003409076  -0.0034796739   0.0065191294  -0.0077349161   0.0036327279
12  5   0.0018360551   0.0074146148  -0.0692033443  -0.0526627159  -0.0012278743
12  6  -0.0191394083   0.0022463464  -0.0003465141  -0.0029803313   0.0062659448
12  7  -0.0001564528   0.0002944809  -0.0004682772   0.0007691130   0.0000563135
12  8   0.0024925324   0.0000217806  -0.0000065406  -0.0000185519  -0.0000475315
12  9   0.0000307991   0.0000838762  -0.0000824915  -0.0001022717   0.0000127282
12 10  -0.0000198969   0.0000227501   0.0002063160  -0.0000888400  -0.0000698714
12 11  -0.0001477599  -0.0001547773   0.0000685617  -0.0006513741  -0.0000016906
12 12  -0.0000065976   0.0000119098   0.0000462861  -0.0001588152   0.0000387867
12 13   0.0002054879  -0.0002202356  -0.0000378006   0.0001072242   0.0001070164
12 14   0.0002076932  -0.0000018958  -0.0000194107  -0.0000091942  -0.0000042526
12 15   0.0000194952  -0.0000151391
13  1   0.0152317522   0.0355188378   0.0106360446  -0.0081534696  -0.0218390958
13  2  -0.0057270430  -0.0548738221   0.0056323255  -0.0058979239  -0.2507683136
13  3  -0.1231323849  -0.0550697992   0.7161269488  -0.0395392840   0.0590435113
13  4   0.0004757994  -0.0007014178  -0.0000996714  -0.0041997698   0.0029846424
13  5  -0.0004812108   0.0083411951   0.0057140722   0.0021211512  -0.1307051899
13  6   0.0625599574   0.0089925161   0.0074171646  -0.0258166220  -0.0065553814
13  7  -0.0054278951   0.0027660547  -0.0008368680  -0.2935265404   0.0959655436
13  8  -0.0055488823   0.0000351359  -0.0000307658  -0.0000136710  -0.0000361730
13  9   0.0000751316   0.0000192295  -0.0001601494   0.0000002749  -0.0001301863
13 10  -0.0000592894  -0.0000721356  -0.0000650549   0.0000120512   0.0000202194
13 11  -0.0000824496  -0.0000826169   0.0000621577  -0.0001758493  -0.0000191749
13 12  -0.0000124722   0.0000039635   0.0001327807  -0.0001228582   0.0001118109
13 13  -0.0001034160   0.0001302644   0.0000191212   0.0003881761  -0.0001169135
13 14  -0.0002730043   0.0000184836  -0.0000182657   0.0000447816  -0.0000636672
13 15  -0.0000272658  -0.0000351346
14  1   0.0779283585  -0.0120918168   0.0034023536  -0.0211104077  -0.0526588044
14  2  -0.0140242262  -0.0370845548   0.0566672888   0.0094445647  -0.0621211857
14  3  -0.1929392029  -0.0433498419  -0.0395392840   0.6358806456   0.1324913793
14  4  -0.0007208931  -0.0009631139  -0.0002214991   0.0041205787   0.0005191315
14  5  -0.0014972043  -0.0249396763  -0.0139261218  -0.0070806488   0.0013052299
14  6  -0.3128998456  -0.0695863926   0.0047097918  -0.0127596833  -0.0034818176
14  7   0.0017421386   0.0017482745  -0.0013067294   0.0960213065  -0.0963030275
14  8  -0.0047328857  -0.0000708840   0.0000096619   0.0000829964  -0.0000170457
14  9  -0.0000033223   0.0000602965  -0.0000001906  -0.0002145762  -0.0004065570
14 10  -0.0000589373  -0.0002141983   0.0001590377   0.0002606383  -0.0000177212
14 11  -0.0001020596  -0.0001114323   0.0000013048  -0.0000687254   0.0000097854
14 12   0.0000069857   0.0000168274  -0.0000170106   0.0000543536   0.0000674209
14 13  -0.0001754555   0.0000136534   0.0001599911  -0.0001554535   0.0001014366
14 14  -0.0000921777  -0.0000062166   0.0000116419   0.0000102695   0.0000307998
14 15  -0.0000229442   0.0000556282
15  1   0.0211983100  -0.0013989176   0.0101164377  -0.0056216668  -0.0141398313
15  2  -0.0128601744  -0.0170751776   0.0142658937   0.0085035156  -0.0394008027
15  3  -0.0507454488  -0.0774937227   0.0590435113   0.1324913793   0.1749650839
15  4  -0.0000733628  -0.0001592652  -0.0007780876  -0.0002495607  -0.0016060352
15  5   0.0071615178  -0.0060061876  -0.0036574883   0.0004677248  -0.0072217962
15  6  -0.0614451892  -0.0791267347   0.0018390745  -0.0076540793   0.0010545904
15  7  -0.0010446153  -0.0013116489   0.0067342642  -0.0054928297  -0.0045593735
15  8  -0.0378358089   0.0000093712  -0.0000181581  -0.0000047332   0.0000183820
15  9   0.0000594313  -0.0000468028  -0.0001294120  -0.0004056410  -0.0000623838
15 10  -0.0000499881   0.0000411745   0.0003077292   0.0003928823  -0.0000398725
15 11   0.0000133220  -0.0001113979   0.0002162282  -0.0006043307   0.0000150241
15 12  -0.0000199529   0.0000078951   0.0000447379  -0.0001875461  -0.0000304491
15 13  -0.0002844455   0.0005346791   0.0002293569   0.0001453886  -0.0002418796
15 14  -0.0008476855  -0.0000091007  -0.0000040592  -0.0000039273   0.0000636618
15 15  -0.0000143995   0.0001334030
16  1  -0.0184737717   0.0121080757   0.0009753152  -0.2939769196   0.0956081863
16  2  -0.0026406438  -0.0010497609  -0.0005380252  -0.0005556775   0.0020096334
16  3   0.0009894619  -0.0003409076   0.0004757994  -0.0007208931  -0.0000733628
16  4   0.3123919255  -0.1037928639   0.0036936189   0.0007779957   0.0002968898
16  5   0.0005852402  -0.0001905190  -0.0000977525  -0.0000720046  -0.0019108429
16  6  -0.0041219182  -0.0022042275  -0.0010921774   0.0006536292   0.0000459721
16  7   0.0010181422  -0.0004162669   0.0004403471  -0.0000687159   0.0000434678
16  8   0.0001594688   0.0000606401  -0.0000329429  -0.0000834889  -0.0000000035
16  9   0.0000658013  -0.0000175666  -0.0000640535   0.0000312976   0.0000638314
16 10  -0.0000117001  -0.0000372254   0.0000192738  -0.0000351699  -0.0000340231
16 11  -0.0000043414  -0.0000301976   0.0000234416  -0.0000060623  -0.0000057827
16 12  -0.0000041552  -0.0000013306   0.0000105616  -0.0000298177   0.0000203076
16 13   0.0000559656   0.0000042270  -0.0000187501   0.0000750836   0.0000090756
16 14  -0.0000205756   0.0000127035   0.0000005999   0.0000142291   0.0000211641
16 15  -0.0000082695   0.0000213354
17  1  -0.0184837201   0.0110316411   0.0002244381   0.0955877096  -0.0960294697
17  2  -0.0057038270   0.0301610891  -0.0065530707   0.0010029059  -0.0001437908
17  3  -0.0051649688  -0.0034796739  -0.0007014178  -0.0009631139  -0.0001592652
17  4  -0.1037928639   0.0976432025   0.0080847314  -0.0006729369   0.0008815982
17  5   0.0012158646   0.0015797681  -0.0005218331  -0.0000069369  -0.0030645362
17  6  -0.0013079399  -0.0027662324  -0.0010222437   0.0003907189  -0.0000476494
17  7   0.0005135663   0.0005997805   0.0012929723   0.0000371411   0.0000202016
17  8   0.0003744476   0.0000069253   0.0000372664   0.0000097644  -0.0000052253
17  9  -0.0000740642   0.0000280846  -0.0000276737  -0.0000231464  -0.0000144493
17 10   0.0000670932   0.0000873908  -0.0000101750   0.0000304146   0.0000152918
17 11   0.0000195220   0.0000214196  -0.0000693619  -0.0000273646  -0.0000067993
17 12  -0.0000128199  -0.0000161641   0.0000033050   0.0000217845  -0.0000194256
17 13  -0.0000455647   0.0000177833   0.0000067029  -0.0000292432  -0.0000218527
17 14  -0.0000059479  -0.0000041093   0.0000039639   0.0000008013  -0.0000083069
17 15  -0.0000089823  -0.0000031241
18  1  -0.0074044648   0.0035029667   0.0029178400  -0.0026683067  -0.0058350958
18  2  -0.0377264591   0.0077906585  -0.0023140946   0.0026276959  -0.0006246380
18  3  -0.0033559315   0.0065191294  -0.0000996714  -0.0002214991  -0.0007780876
18  4   0.0036936189   0.0080847314   0.0277088847   0.0003490632   0.0013201219
18  5  -0.0034495093   0.0003826631  -0.0002181375   0.0002366675  -0.0019807753
18  6  -0.0027232374   0.0063887589  -0.0004236027   0.0001121665   0.0001768056
18  7   0.0006943744   0.0012898963  -0.0034606966   0.0001580689   0.0003747948
18  8  -0.0012228412   0.0000614078  -0.0000508757  -0.0001296466   0.0000277575
18  9   0.0000965635  -0.0000305738  -0.0000354339   0.0000561861   0.0001336619
18 10  -0.0000305344  -0.0000664059   0.0000700547  -0.0000455996  -0.0000771512
18 11  -0.0000150345  -0.0000347989   0.0000263884   0.0000176320  -0.0000032957
18 12   0.0000111789   0.0000086811   0.0000045857  -0.0000248004   0.0000077412
18 13   0.0000786515  -0.0000340623  -0.0000190880   0.0000659797   0.0000467684
18 14   0.0000032533   0.0000229397   0.0000026212   0.0000075173   0.0000213525
18 15  -0.0000030928   0.0000076129
19  1   0.0014425759   0.0016380961  -0.0002634128   0.0072299934   0.0045484314
19  2   0.0018226715  -0.2225748386  -0.1224003857  -0.0550125557  -0.0179282142
19  3  -0.0199906065  -0.0077349161  -0.0041997698   0.0041205787  -0.0002495607
19  4   0.0007779957  -0.0006729369   0.0003490632   0.2350650972   0.1324430920
19  5   0.0603798514   0.0011069087   0.0002090557   0.0006234353  -0.0000455179
19  6   0.0009694533   0.0003372452  -0.0000067769  -0.0001540662   0.0001221339
19  7   0.0002112980   0.0003315216   0.0000885808  -0.0010868768  -0.0010287764
19  8  -0.0004373180  -0.0000039579  -0.0000029182   0.0000103241   0.0000267606
19  9  -0.0000138095  -0.0000161144   0.0000187142  -0.0000061507  -0.0000091180
19 10  -0.0000732007  -0.0000250807  -0.0000205781   0.0000116832   0.0000235898
19 11  -0.0000018542   0.0000279679  -0.0000054665  -0.0000087573   0.0000050864
19 12  -0.0000005456   0.0000044505  -0.0000268143  -0.0000176202   0.0000164879
19 13   0.0000101600   0.0000341838  -0.0000010978   0.0000008916   0.0000038449
19 14  -0.0000283906  -0.0000018018   0.0000006287   0.0000065180   0.0000126361
19 15  -0.0000041128   0.0000229117
20  1   0.0027554994  -0.0048042788  -0.0030116056  -0.0260934767  -0.0127864188
20  2  -0.0071052695  -0.1223799665  -0.1503636615  -0.0455701673   0.0106226252
20  3   0.0105466631   0.0036327279   0.0029846424   0.0005191315  -0.0016060352
20  4   0.0002968898   0.0008815982   0.0013201219   0.1324430920   0.1564538431
20  5   0.0510983232  -0.0007473572   0.0005742441   0.0010586884   0.0009892767
20  6  -0.0005618081   0.0001707999  -0.0001584543  -0.0000319509   0.0003403573
20  7  -0.0013498726  -0.0008096557  -0.0004396920   0.0006509714   0.0003813934
20  8   0.0001199889  -0.0000059282  -0.0000144124   0.0000070948  -0.0000047781
20  9   0.0000116323  -0.0000127207  -0.0000180957   0.0000115954  -0.0000040694
20 10  -0.0000480364  -0.0000569527  -0.0000147920   0.0000014054   0.0000209265
20 11  -0.0000193440   0.0000098522   0.0000271693   0.0000032327  -0.0000020298
20 12   0.0000032131   0.0000150728   0.0000034555  -0.0000027172   0.0000118699
20 13   0.0000254823   0.0000022671  -0.0000062533   0.0000235585  -0.0000038594
20 14   0.0000024758   0.0000006071  -0.0000019385   0.0000065323   0.0000006376
20 15   0.0000039770   0.0000026629
21  1  -0.0000230289  -0.0030424982   0.0066439958  -0.0063228776  -0.0034497970
21  2   0.0004802441  -0.0552040069  -0.0458277289  -0.0535839595   0.0006379289
21  3   0.0001761663   0.0018360551  -0.0004812108  -0.0014972043   0.0071615178
21  4   0.0005852402   0.0012158646  -0.0034495093   0.0603798514   0.0510983232
21  5   0.0458025985   0.0003462702   0.0011763488  -0.0033383333   0.0002622579
21  6   0.0000720154  -0.0007360161   0.0001379856   0.0003618867  -0.0012293910
21  7  -0.0003507117  -0.0002512736   0.0001663112   0.0000264586  -0.0000699155
21  8   0.0002325940  -0.0000103749  -0.0000133461   0.0000081548   0.0000589354
21  9   0.0000289426  -0.0000554127   0.0000451186   0.0000102141  -0.0000038341
21 10  -0.0001565722  -0.0001046261   0.0000407588   0.0000148688   0.0000246786
21 11  -0.0000092261   0.0000344157   0.0000253876  -0.0000028252   0.0000065261
21 12   0.0000135005   0.0000102453  -0.0000339338  -0.0000015147  -0.0000060129
21 13   0.0000182299   0.0000315627   0.0000112489   0.0000078643   0.0000156297
21 14   0.0000031961   0.0000065062   0.0000065499   0.0000101117   0.0000142589
21 15   0.0000008335   0.0000074880
22  1  -0.0012740425  -0.0002853379  -0.0001344657  -0.0054437627   0.0016944167
22  2  -0.0010758974   0.0004675664   0.0297214960   0.0079213697  -0.0654199779
22  3   0.0406910451   0.0074146148   0.0083411951  -0.0249396763  -0.0060061876
22  4  -0.0001905190   0.0015797681   0.0003826631   0.0011069087  -0.0007473572
22  5   0.0003462702   0.0647600680  -0.0442911448  -0.0073528324  -0.0037314362
22  6  -0.0026171314  -0.0020252865   0.0002297334  -0.0013313704  -0.0003597160
22  7   0.0001327384  -0.0000131153   0.0001634236   0.0010000817   0.0005276513
22  8   0.0007193720   0.0000105367  -0.0000025208  -0.0000146233  -0.0000076290
22  9   0.0000224096  -0.0000031258  -0.0000192532   0.0000098094   0.0000149958
22 10   0.0000259124   0.0000118965   0.0000080819  -0.0000283137  -0.0000036874
22 11  -0.0000016399  -0.0000264414   0.0000012371   0.0000024566  -0.0000024257
22 12  -0.0000002504  -0.0000009388   0.0000278234  -0.0000026536   0.0000032737
22 13   0.0000117352  -0.0000083953  -0.0000098241   0.0000302015  -0.0000083076
22 14   0.0000048149   0.0000050686  -0.0000020252   0.0000065055  -0.0000057681
22 15  -0.0000067561  -0.0000033044
23  1  -0.0003035023   0.0006709421   0.0003381885   0.0028259192   0.0017608389
23  2  -0.0012501472  -0.0008882680  -0.0079624689  -0.0027495426   0.0406759281
23  3  -0.3081392891  -0.0692033443   0.0057140722  -0.0139261218  -0.0036574883
23  4  -0.0000977525  -0.0005218331  -0.0002181375   0.0002090557   0.0005742441
23  5   0.0011763488  -0.0442911448   0.3274776545   0.0767061189  -0.0037462624
23  6   0.0004123923  -0.0023659535   0.0003503372  -0.0008281185  -0.0002418413
23  7  -0.0000088816  -0.0001727988   0.0003229584  -0.0004412232   0.0006556168
23  8   0.0011670736  -0.0000075087   0.0000064300   0.0000187966   0.0000024997
23  9  -0.0000224287   0.0000209864  -0.0000124829   0.0000069051  -0.0000200080
23 10  -0.0000071783   0.0000274059  -0.0000018300  -0.0000022094   0.0000377898
23 11  -0.0000065304   0.0000265849  -0.0001018494  -0.0000221930  -0.0000002849
23 12  -0.0000008240   0.0000094886  -0.0000135816   0.0000125960  -0.0000224428
23 13   0.0000149165   0.0000335601  -0.0000164627   0.0000057982   0.0000089219
23 14  -0.0000085787  -0.0000005890   0.0000032115   0.0000134468  -0.0000042422
23 15  -0.0000127766   0.0000110936
24  1  -0.0001516005   0.0002354846  -0.0007103954  -0.0008549406  -0.0013649821
24  2   0.0071032037  -0.0003608651   0.0009668261   0.0019756807   0.0074838097
24  3  -0.0694917631  -0.0526627159   0.0021211512  -0.0070806488   0.0004677248
24  4  -0.0000720046  -0.0000069369   0.0002366675   0.0006234353   0.0010586884
24  5  -0.0033383333  -0.0073528324   0.0767061189   0.0448229008  -0.0021785587
24  6  -0.0022455873   0.0066169492   0.0000770930  -0.0004355633   0.0001647822
24  7   0.0001697092   0.0003479183  -0.0012234227   0.0004837924   0.0012729065
24  8  -0.0034622362  -0.0000105545   0.0000101260   0.0000066290   0.0000244257
24  9  -0.0000254781  -0.0000060189   0.0000038737   0.0000168966   0.0000079793
24 10  -0.0000051444   0.0000402038  -0.0000076076   0.0000045093   0.0000366285
24 11   0.0000117752   0.0000443188  -0.0001827617   0.0000437555  -0.0000009522
24 12   0.0000094958   0.0000099644  -0.0000248434   0.0000638462  -0.0000609370
24 13   0.0000035680   0.0000320947  -0.0000073542  -0.0000304189   0.0000375582
24 14  -0.0000078263   0.0000044277   0.0000150681   0.0000102130  -0.0000013988
24 15  -0.0000161395   0.0000086221
25  1  -0.3071020281   0.1061967253   0.0004967011  -0.0545713018  -0.0367526929
25  2  -0.0166841938  -0.0251444640   0.0310914804   0.0067130250   0.0464292424
25  3  -0.0189033461  -0.0012278743  -0.1307051899   0.0013052299  -0.0072217962
25  4  -0.0019108429  -0.0030645362  -0.0019807753  -0.0000455179   0.0009892767
25  5   0.0002622579  -0.0037314362  -0.0037462624  -0.0021785587   0.7006724463
25  6   0.0156792037   0.0739403446  -0.2228849990  -0.1222697586  -0.0588370726
25  7   0.0003569761  -0.0007483044  -0.0005468284  -0.0010565057   0.0302109949
25  8   0.0075534567  -0.0000793539  -0.0000141135   0.0000462351  -0.0000159026
25  9   0.0000195074   0.0000420982  -0.0000580260  -0.0000573244  -0.0000506998
25 10  -0.0006750818   0.0000832265  -0.0002613913   0.0002002892   0.0000202231
25 11  -0.0000206076   0.0003615976  -0.0000411131  -0.0003065900   0.0000259243
25 12  -0.0000073844  -0.0000051856  -0.0000412906  -0.0000021072   0.0000741851
25 13   0.0000662691  -0.0001477981   0.0001263604  -0.0000067197   0.0001398380
25 14   0.0002529297  -0.0000726937  -0.0000475698  -0.0001558746  -0.0000113911
25 15   0.0000666051  -0.0000301458
26  1   0.0445994571  -0.1524032547  -0.0201255576   0.0056854028   0.0579213872
26  2   0.0135035631   0.0315583100  -0.0396305655  -0.0042615223  -0.0611253991
26  3  -0.0367933293  -0.0191394083   0.0625599574  -0.3128998456  -0.0614451892
26  4  -0.0041219182  -0.0013079399  -0.0027232374   0.0009694533  -0.0005618081
26  5   0.0000720154  -0.0026171314   0.0004123923  -0.0022455873   0.0156792037
26  6   0.6499707350   0.1458258585  -0.1222350995  -0.1498674905  -0.0483877016
26  7   0.0297634746  -0.0077722641   0.0005028388  -0.0004384216  -0.0065046641
26  8  -0.0025519010  -0.0000155896  -0.0000307146  -0.0000040340  -0.0000116494
26  9  -0.0000362309  -0.0000460496  -0.0000706173  -0.0002125124   0.0000419266
26 10   0.0000856843  -0.0000347473   0.0002038252   0.0000568621  -0.0001269041
26 11   0.0000238404  -0.0002192796   0.0001009671   0.0008668832   0.0000120780
26 12   0.0000273712   0.0000400045  -0.0000306107  -0.0002102349  -0.0000093103
26 13   0.0000163566  -0.0000262805  -0.0000099319  -0.0000387974  -0.0000441933
26 14   0.0000385147  -0.0000249527  -0.0000566268  -0.0001043219  -0.0000367734
26 15   0.0000867539  -0.0000655181
27  1  -0.0173291468  -0.0124711167  -0.0678880778  -0.0059324333   0.0093139398
27  2   0.0095729365   0.0069123127  -0.0047591827  -0.0088062954  -0.0124873523
27  3  -0.0144000343   0.0022463464   0.0089925161  -0.0695863926  -0.0791267347
27  4  -0.0022042275  -0.0027662324   0.0063887589   0.0003372452   0.0001707999
27  5  -0.0007360161  -0.0020252865  -0.0023659535   0.0066169492   0.0739403446
27  6   0.1458258585   0.1851559471  -0.0581918895  -0.0477142591  -0.0574942432
27  7   0.0081524369  -0.0032070178   0.0032125485  -0.0005946934   0.0012554521
27  8   0.0030958769  -0.0000198049  -0.0000221515   0.0000262662   0.0000199500
27  9   0.0000190090  -0.0000047784  -0.0000651114   0.0001585941   0.0003072616
27 10  -0.0002585533   0.0002031080  -0.0004113469  -0.0001658820   0.0000299993
27 11   0.0002053599   0.0008112872   0.0003893580  -0.0014252497   0.0000079967
27 12  -0.0000019606  -0.0000074580  -0.0000549546  -0.0001226400   0.0001522033
27 13   0.0000749124   0.0002447772  -0.0006249127   0.0000815318  -0.0001689468
27 14  -0.0005660956  -0.0000204355  -0.0000145480   0.0000406684   0.0000192377
27 15  -0.0000104599   0.0000700856
28  1  -0.0179758312  -0.0197777326  -0.0082432417  -0.0041795068   0.0040545537
28  2  -0.0003213672  -0.0000660892   0.0009569026   0.0003137764   0.0013969578
28  3   0.0016957300  -0.0003465141   0.0074171646   0.0047097918   0.0018390745
28  4  -0.0010921774  -0.0010222437  -0.0004236027  -0.0000067769  -0.0001584543
28  5   0.0001379856   0.0002297334   0.0003503372   0.0000770930  -0.2228849990
28  6  -0.1222350995  -0.0581918895   0.2352321254   0.1318730190   0.0643205113
28  7   0.0011084012   0.0001275647   0.0006920168   0.0007481943  -0.0006864140
28  8   0.0004569382   0.0000302607  -0.0000101847  -0.0000213208   0.0000370472
28  9   0.0000392240  -0.0000229130  -0.0000363513  -0.0000170855   0.0000179756
28 10  -0.0000161920  -0.0000117502   0.0000194912  -0.0001505476   0.0000859601
28 11  -0.0000472742  -0.0001037117  -0.0000687076  -0.0000464919  -0.0000076947
28 12   0.0000026047   0.0000244854   0.0000029196   0.0000388323  -0.0000098498
28 13   0.0001286481   0.0001636267  -0.0001467831   0.0001619620  -0.0001004366
28 14  -0.0001643680   0.0000265662  -0.0000047864   0.0000586231  -0.0000001029
28 15  -0.0000052518   0.0000276448
29  1   0.0106954592   0.0106737727   0.0034757215   0.0030284237   0.0004972375
29  2  -0.0016202642   0.0009455051  -0.0005502192   0.0001231392   0.0027240965
29  3  -0.0047258841  -0.0029803313  -0.0258166220  -0.0127596833  -0.0076540793
29  4   0.0006536292   0.0003907189   0.0001121665  -0.0001540662  -0.0000319509
29  5   0.0003618867  -0.0013313704  -0.0008281185  -0.0004355633  -0.1222697586
29  6  -0.1498674905  -0.0477142591   0.1318730190   0.1558386349   0.0539079968
29  7  -0.0007249358   0.0005165714   0.0011807966   0.0002454554   0.0008650241
29  8   0.0013922147   0.0000235757   0.0000018396  -0.0000146529   0.0000392281
29  9   0.0000061409  -0.0000114235   0.0000746291  -0.0000035896   0.0000591982
29 10   0.0000194083  -0.0000360473   0.0000190767  -0.0000967249   0.0000256449
29 11   0.0000305633  -0.0000989582  -0.0001440537  -0.0001267261   0.0000222950
29 12  -0.0000223274  -0.0000253542  -0.0000185161   0.0000244865  -0.0000067475
29 13   0.0000818249   0.0001691205  -0.0000936457   0.0000329256   0.0000218239
29 14  -0.0001042221  -0.0000136586   0.0000116595   0.0000289758   0.0000651363
29 15  -0.0000733108   0.0000955333
30  1   0.0005026359  -0.0002730890   0.0031212187  -0.0004765959  -0.0014424490
30  2   0.0067592900   0.0002918918   0.0001147395  -0.0004795986   0.0000612378
30  3  -0.0029897922   0.0062659448  -0.0065553814  -0.0034818176   0.0010545904
30  4   0.0000459721  -0.0000476494   0.0001768056   0.0001221339   0.0003403573
30  5  -0.0012293910  -0.0003597160  -0.0002418413   0.0001647822  -0.0588370726
30  6  -0.0483877016  -0.0574942432   0.0643205113   0.0539079968   0.0485517092
30  7   0.0003866714   0.0013030177  -0.0035084290   0.0006269425   0.0012109937
30  8  -0.0034509394  -0.0000284662   0.0000011365   0.0000083135  -0.0000229589
30  9  -0.0000114019  -0.0000048659   0.0000193950   0.0000600992  -0.0000463136
30 10   0.0000417834  -0.0000456777  -0.0000041876   0.0001005738  -0.0001177354
30 11   0.0000828601  -0.0000640803   0.0000422200   0.0001526020  -0.0000030377
30 12   0.0000208363  -0.0000059462   0.0000014060  -0.0000125025  -0.0000388970
30 13  -0.0000972943  -0.0000896005  -0.0000050631  -0.0000432348   0.0001247669
30 14   0.0000149276  -0.0000159383  -0.0000125260  -0.0000551506  -0.0000173788
30 15   0.0000276204  -0.0000300190
31  1  -0.0655699554   0.0409829348   0.0082673009   0.0082143090  -0.0249486005
31  2  -0.0064047185  -0.0037220639  -0.0025972535  -0.0019360071  -0.0012416238
31  3  -0.0002681752  -0.0001564528  -0.0054278951   0.0017421386  -0.0010446153
31  4   0.0010181422   0.0005135663   0.0006943744   0.0002112980  -0.0013498726
31  5  -0.0003507117   0.0001327384  -0.0000088816   0.0001697092   0.0003569761
31  6   0.0297634746   0.0081524369   0.0011084012  -0.0007249358   0.0003866714
31  7   0.0652077147  -0.0446203186  -0.0082698569  -0.0001935795   0.0015836637
31  8   0.0003709761  -0.0000683131  -0.0000036913   0.0000554035   0.0000029302
31  9  -0.0000185150   0.0000012467   0.0001333111  -0.0000173520   0.0000447147
31 10  -0.0000414876  -0.0000301731  -0.0000549652   0.0000197096  -0.0000316316
31 11   0.0000464076  -0.0000206691   0.0000025929  -0.0000044538   0.0000278336
31 12  -0.0000136311  -0.0000248856  -0.0000141192  -0.0000172755   0.0000077427
31 13  -0.0000721449  -0.0000001567   0.0000492332  -0.0000453640   0.0000553488
31 14   0.0000297341  -0.0000266897   0.0000034926  -0.0000338598   0.0000105412
31 15   0.0000032515   0.0000045754
32  1   0.0410730789  -0.3079430226  -0.0729079594   0.0055693227  -0.0136000722
32  2  -0.0040435146  -0.0036383505   0.0004266024  -0.0023868645  -0.0002676068
32  3   0.0006411447   0.0002944809   0.0027660547   0.0017482745  -0.0013116489
32  4  -0.0004162669   0.0005997805   0.0012898963   0.0003315216  -0.0008096557
32  5  -0.0002512736  -0.0000131153  -0.0001727988   0.0003479183  -0.0007483044
32  6  -0.0077722641  -0.0032070178   0.0001275647   0.0005165714   0.0013030177
32  7  -0.0446203186   0.3267249555   0.0813770084  -0.0000890882  -0.0005170921
32  8  -0.0002120619  -0.0000828605  -0.0000072898   0.0000941550   0.0000389998
32  9   0.0000245717  -0.0000126430  -0.0001222724   0.0000547497  -0.0001878188
32 10  -0.0000023453  -0.0002106654  -0.0001230572   0.0000594197   0.0002696463
32 11  -0.0001584456  -0.0000336792  -0.0000187123   0.0000263955  -0.0000026838
32 12   0.0000125247   0.0000637752  -0.0000172946   0.0000589363  -0.0000233240
32 13   0.0001727832  -0.0000690943  -0.0000076720  -0.0000372056   0.0000238183
32 14   0.0000629500  -0.0000176778  -0.0000026806  -0.0000015383  -0.0000296755
32 15   0.0000217720  -0.0000247577
33  1   0.0082950761  -0.0737370756  -0.0563635195   0.0023010902  -0.0073040263
33  2   0.0010195435  -0.0022150859  -0.0021080201   0.0062366954  -0.0001446290
33  3   0.0002757326  -0.0004682772  -0.0008368680  -0.0013067294   0.0067342642
33  4   0.0004403471   0.0012929723  -0.0034606966   0.0000885808  -0.0004396920
33  5   0.0001663112   0.0001634236   0.0003229584  -0.0012234227  -0.0005468284
33  6   0.0005028388   0.0032125485   0.0006920168   0.0011807966  -0.0035084290
33  7  -0.0082698569   0.0813770084   0.0474427009  -0.0000663895   0.0000222733
33  8   0.0001787140   0.0000420637   0.0000098550  -0.0000386289  -0.0000098769
33  9  -0.0000068199  -0.0000388953   0.0001112946   0.0000673238  -0.0000297621
33 10   0.0000745085  -0.0000093760   0.0001531234   0.0000183357  -0.0001283026
33 11   0.0000394522  -0.0000742573  -0.0000032051  -0.0000049863   0.0000033151
33 12  -0.0000223868  -0.0000609125   0.0000077486  -0.0000233035  -0.0000058670
33 13  -0.0001450568  -0.0000122923   0.0000659253   0.0000342455   0.0000570344
33 14  -0.0000476750   0.0000165595   0.0000118301  -0.0000059396   0.0000202428
33 15  -0.0000193939   0.0000077332
34  1   0.0019876878   0.0009740041  -0.0003987213   0.0004876575  -0.0006820246
34  2  -0.0000308607  -0.0018494683  -0.0041351504  -0.0022475973  -0.0184297248
34  3   0.0120994063   0.0007691130  -0.2935265404   0.0960213065  -0.0054928297
34  4  -0.0000687159   0.0000371411   0.0001580689  -0.0010868768   0.0006509714
34  5   0.0000264586   0.0010000817  -0.0004412232   0.0004837924  -0.0010565057
34  6  -0.0004384216  -0.0005946934   0.0007481943   0.0002454554   0.0006269425
34  7  -0.0001935795  -0.0000890882  -0.0000663895   0.3119485092  -0.1041910841
34  8   0.0067869725   0.0000163273  -0.0000162154  -0.0000178683   0.0000303542
34  9   0.0000235364  -0.0000284689   0.0000351368  -0.0000706678   0.0000095489
34 10  -0.0000790275  -0.0000157596  -0.0000198052   0.0000579427  -0.0000435036
34 11   0.0000217868   0.0000220914   0.0001091207  -0.0000293884   0.0000104985
34 12  -0.0000074472  -0.0000105174  -0.0000681311  -0.0000823141   0.0000416799
34 13  -0.0000091286   0.0000614099   0.0000185098  -0.0000331565  -0.0000104473
34 14  -0.0000566194  -0.0000038849  -0.0000058262  -0.0000102585   0.0000602585
34 15   0.0000068212   0.0000611446
35  1  -0.0000852615  -0.0052230228  -0.0034740513  -0.0007137481  -0.0009887320
35  2  -0.0001702461  -0.0030134251  -0.0012935465  -0.0027326329  -0.0185487221
35  3   0.0109208737   0.0000563135   0.0959655436  -0.0963030275  -0.0045593735
35  4   0.0000434678   0.0000202016   0.0003747948  -0.0010287764   0.0003813934
35  5  -0.0000699155   0.0005276513   0.0006556168   0.0012729065   0.0302109949
35  6  -0.0065046641   0.0012554521  -0.0006864140   0.0008650241   0.0012109937
35  7   0.0015836637  -0.0005170921   0.0000222733  -0.1041910841   0.0979495970
35  8   0.0068367114  -0.0000162335  -0.0000039996   0.0000132796  -0.0000100955
35  9   0.0000018717   0.0000011154  -0.0000305812   0.0000095938  -0.0000181343
35 10  -0.0000140480  -0.0000308376  -0.0000221034  -0.0000027248   0.0000164320
35 11  -0.0000064657   0.0000058869   0.0000634895   0.0000093135  -0.0000024649
35 12   0.0000063999   0.0000100896  -0.0000037033  -0.0000073295   0.0000098152
35 13  -0.0000055615  -0.0000079211   0.0000107555   0.0000511361  -0.0000330579
35 14   0.0000329117  -0.0000029501  -0.0000143466  -0.0000133726  -0.0000325501
35 15   0.0000370839  -0.0000504306
36  1  -0.0005524250  -0.0032779699   0.0063763739  -0.0000239807  -0.0002423766
36  2  -0.0007768213  -0.0019924429  -0.0028697214   0.0065343261  -0.0073967257
36  3   0.0038889224   0.0024925324  -0.0055488823  -0.0047328857  -0.0378358089
36  4   0.0001594688   0.0003744476  -0.0012228412  -0.0004373180   0.0001199889
36  5   0.0002325940   0.0007193720   0.0011670736  -0.0034622362   0.0075534567
36  6  -0.0025519010   0.0030958769   0.0004569382   0.0013922147  -0.0034509394
36  7   0.0003709761  -0.0002120619   0.0001787140   0.0067869725   0.0068367114
36  8   0.0277747785  -0.0000178824   0.0000133068   0.0000085571  -0.0000213719
36  9  -0.0000146938   0.0000083436  -0.0000135418   0.0000831002  -0.0000050301
36 10   0.0000459019  -0.0000036637   0.0000262260  -0.0000806655   0.0000358929
36 11  -0.0000185742  -0.0000146350  -0.0000688103   0.0000653542  -0.0000145665
36 12   0.0000187841   0.0000066018   0.0000552192   0.0000938670  -0.0000385333
36 13  -0.0000158092  -0.0000871469  -0.0000193359   0.0000545033   0.0000201226
36 14   0.0001512577   0.0000102783   0.0000070295   0.0000080711  -0.0000828400
36 15   0.0000097693  -0.0001294867
37  1   0.0000219487   0.0001096593  -0.0000295671  -0.0000336771  -0.0000107206
37  2  -0.0000566778  -0.0000092728   0.0000615535   0.0000187061   0.0000584768
37  3  -0.0000435915   0.0000217806   0.0000351359  -0.0000708840   0.0000093712
37  4   0.0000606401   0.0000069253   0.0000614078  -0.0000039579  -0.0000059282
37  5  -0.0000103749   0.0000105367  -0.0000075087  -0.0000105545  -0.0000793539
37  6  -0.0000155896  -0.0000198049   0.0000302607   0.0000235757  -0.0000284662
37  7  -0.0000683131  -0.0000828605   0.0000420637   0.0000163273  -0.0000162335
37  8  -0.0000178824   0.3118129554  -0.1043062856   0.0071699234   0.0007463532
37  9   0.0002430784   0.0006338048  -0.2934009173   0.0961244974  -0.0058357077
37 10  -0.0010521870  -0.0004372116  -0.0006006150  -0.0184240606   0.0121087246
37 11   0.0007427380   0.0019897220   0.0009755113  -0.0004069602   0.0009983335
37 12  -0.0004434025   0.0004910213  -0.0001933464  -0.0000888817  -0.0000668719
37 13  -0.0018470170  -0.0041302167  -0.0022628007   0.0004871408  -0.0006824148
37 14  -0.0000291390  -0.0010865984   0.0006515771   0.0000247067  -0.0000691297
37 15   0.0000366271   0.0001598985
38  1   0.0000057896   0.0000636785   0.0000093533   0.0000517933  -0.0000333817
38  2   0.0000330075  -0.0000056799  -0.0000080068   0.0000107208  -0.0000029564
38  3   0.0000165138  -0.0000065406  -0.0000307658   0.0000096619  -0.0000181581
38  4  -0.0000329429   0.0000372664  -0.0000508757  -0.0000029182  -0.0000144124
38  5  -0.0000133461  -0.0000025208   0.0000064300   0.0000101260  -0.0000141135
38  6  -0.0000307146  -0.0000221515  -0.0000101847   0.0000018396   0.0000011365
38  7  -0.0000036913  -0.0000072898   0.0000098550  -0.0000162154  -0.0000039996
38  8   0.0000133068  -0.1043062856   0.0980479718   0.0067004394  -0.0006881998
38  9   0.0008642595   0.0012114276   0.0960700195  -0.0963947268  -0.0044325300
38 10   0.0302030333  -0.0065189107   0.0012965239  -0.0185319530   0.0109225184
38 11   0.0000320486  -0.0000835734  -0.0052209108  -0.0034775755   0.0005253458
38 12   0.0006548892   0.0012748576   0.0015833724  -0.0005177534   0.0000241669
38 13  -0.0030085424  -0.0012882713  -0.0027389521  -0.0007139556  -0.0009881164
38 14  -0.0001707777  -0.0010278222   0.0003815394  -0.0000712683   0.0000429670
38 15   0.0000199258   0.0003752058
39  1  -0.0000146900  -0.0000688924   0.0000653496   0.0000554921   0.0000203007
39  2   0.0001511993  -0.0000158374  -0.0000869854  -0.0000194976  -0.0000809099
39  3   0.0000358764  -0.0000185519  -0.0000136710   0.0000829964  -0.0000047332
39  4  -0.0000834889   0.0000097644  -0.0001296466   0.0000103241   0.0000070948
39  5   0.0000081548  -0.0000146233   0.0000187966   0.0000066290   0.0000462351
39  6  -0.0000040340   0.0000262662  -0.0000213208  -0.0000146529   0.0000083135
39  7   0.0000554035   0.0000941550  -0.0000386289  -0.0000178683   0.0000132796
39  8   0.0000085571   0.0071699234   0.0067004394   0.0278019656   0.0004638194
39  9   0.0013943140  -0.0034489932  -0.0058959381  -0.0046058014  -0.0378568738
39 10   0.0075571334  -0.0025588063   0.0031056792  -0.0074291058   0.0039124445
39 11   0.0024822538  -0.0005606862  -0.0032814569   0.0063734704   0.0007264459
39 12   0.0011674770  -0.0034603571   0.0003708883  -0.0002127155   0.0001793571
39 13  -0.0020061032  -0.0028765579   0.0065286684  -0.0000234136  -0.0002427891
39 14  -0.0007784264  -0.0004392782   0.0001209733   0.0002322235   0.0001612693
39 15   0.0003747800  -0.0012223788
40  1  -0.0001047058  -0.0000693178  -0.0000467711   0.0001632718  -0.0001011872
40  2  -0.0001653426   0.0001291631   0.0001646878  -0.0001477101  -0.0001516985
40  3   0.0000864587  -0.0000475315  -0.0000361730  -0.0000170457   0.0000183820
40  4  -0.0000000035  -0.0000052253   0.0000277575   0.0000267606  -0.0000047781
40  5   0.0000589354  -0.0000076290   0.0000024997   0.0000244257  -0.0000159026
40  6  -0.0000116494   0.0000199500   0.0000370472   0.0000392281  -0.0000229589
40  7   0.0000029302   0.0000389998  -0.0000098769   0.0000303542  -0.0000100955
40  8  -0.0000213719   0.0007463532  -0.0006881998   0.0004638194   0.2351824304
40  9   0.1317359100   0.0646624970   0.0074134174   0.0047046999   0.0018452298
40 10  -0.2228415601  -0.1221125017  -0.0584949977   0.0013992059   0.0016972354
40 11  -0.0003547734  -0.0179691576  -0.0197603034  -0.0082784717   0.0002295895
40 12   0.0003501099   0.0000771347   0.0011062281   0.0001251948   0.0006994223
40 13  -0.0000661780   0.0009561558   0.0003146905  -0.0041745733   0.0040595037
40 14  -0.0003367587  -0.0000073131  -0.0001590222   0.0001398589  -0.0010918572
40 15  -0.0010213576  -0.0004255385
41  1  -0.0001000159  -0.0001451518  -0.0001270351   0.0000328290   0.0000225118
41  2  -0.0001054619   0.0000824555   0.0001696388  -0.0000955440  -0.0000971678
41  3   0.0000254128   0.0000307991   0.0000751316  -0.0000033223   0.0000594313
41  4   0.0000658013  -0.0000740642   0.0000965635  -0.0000138095   0.0000116323
41  5   0.0000289426   0.0000224096  -0.0000224287  -0.0000254781   0.0000195074
41  6  -0.0000362309   0.0000190090   0.0000392240   0.0000061409  -0.0000114019
41  7  -0.0000185150   0.0000245717  -0.0000068199   0.0000235364   0.0000018717
41  8  -0.0000146938   0.0002430784   0.0008642595   0.0013943140   0.1317359100
41  9   0.1556745455   0.0541016008  -0.0258133078  -0.0127464288  -0.0076972660
41 10  -0.1221468423  -0.1497155963  -0.0478886009   0.0027251465  -0.0047260834
41 11  -0.0029799005   0.0107045155   0.0106771097   0.0034974716  -0.0013311601
41 12  -0.0008274875  -0.0004379922  -0.0007267841   0.0005160844   0.0011808308
41 13   0.0009452391  -0.0005511214   0.0001239626   0.0030332909   0.0004953296
41 14  -0.0016181876  -0.0001546492  -0.0000320735   0.0003621062   0.0006541764
41 15   0.0003908801   0.0001133504
42  1  -0.0000648074   0.0000428489   0.0001533666  -0.0000430051   0.0001245321
42  2   0.0000131580  -0.0000975135  -0.0000895450  -0.0000129471   0.0001012967
42  3  -0.0001182336   0.0000838762   0.0000192295   0.0000602965  -0.0000468028
42  4  -0.0000175666   0.0000280846  -0.0000305738  -0.0000161144  -0.0000127207
42  5  -0.0000554127  -0.0000031258   0.0000209864  -0.0000060189   0.0000420982
42  6  -0.0000460496  -0.0000047784  -0.0000229130  -0.0000114235  -0.0000048659
42  7   0.0000012467  -0.0000126430  -0.0000388953  -0.0000284689   0.0000011154
42  8   0.0000083436   0.0006338048   0.0012114276  -0.0034489932   0.0646624970
42  9   0.0541016008   0.0487779317  -0.0065573161  -0.0034779356   0.0010454992
42 10  -0.0591445256  -0.0485635870  -0.0576930919   0.0000550196  -0.0029909332
42 11   0.0062634563   0.0004773452  -0.0002993726   0.0031135232  -0.0003600129
42 12  -0.0002413583   0.0001642311   0.0003939317   0.0013038154  -0.0035059687
42 13   0.0002923334   0.0001170700  -0.0004787718  -0.0004919146  -0.0014395920
42 14   0.0067560684   0.0001239188   0.0003404455  -0.0012284163   0.0000445624
42 15  -0.0000488294   0.0001760825
43  1  -0.0000828177   0.0000607780  -0.0001745144   0.0003895029  -0.0001168079
43  2  -0.0002740768  -0.0001039086   0.0001306753   0.0000183401   0.0000121408
43  3   0.0000208908  -0.0000824915  -0.0001601494  -0.0000001906  -0.0001294120
43  4  -0.0000640535  -0.0000276737  -0.0000354339   0.0000187142  -0.0000180957
43  5   0.0000451186  -0.0000192532  -0.0000124829   0.0000038737  -0.0000580260
43  6  -0.0000706173  -0.0000651114  -0.0000363513   0.0000746291   0.0000193950
43  7   0.0001333111  -0.0001222724   0.0001112946   0.0000351368  -0.0000305812
43  8  -0.0000135418  -0.2934009173   0.0960700195  -0.0058959381   0.0074134174
43  9  -0.0258133078  -0.0065573161   0.7159030034  -0.0397818052   0.0598795339
43 10  -0.1306725034   0.0625535292   0.0089086816  -0.2507234402  -0.1230165259
43 11  -0.0553841424   0.0152392300   0.0355038353   0.0106513532   0.0083367185
43 12   0.0057072397   0.0021332230  -0.0054231084   0.0027710090  -0.0008523900
43 13  -0.0548572855   0.0056685828  -0.0059761102  -0.0081596537  -0.0218387303
43 14  -0.0057331489  -0.0041949849   0.0029896655  -0.0004984345   0.0004752781
43 15  -0.0007017634  -0.0000987518
44  1  -0.0001130383  -0.0000003403  -0.0000665950  -0.0001553341   0.0001029443
44  2  -0.0000904742  -0.0001739318   0.0000128102   0.0001611305   0.0002602777
44  3  -0.0000174182  -0.0001022717   0.0000002749  -0.0002145762  -0.0004056410
44  4   0.0000312976  -0.0000231464   0.0000561861  -0.0000061507   0.0000115954
44  5   0.0000102141   0.0000098094   0.0000069051   0.0000168966  -0.0000573244
44  6  -0.0002125124   0.0001585941  -0.0000170855  -0.0000035896   0.0000600992
44  7  -0.0000173520   0.0000547497   0.0000673238  -0.0000706678   0.0000095938
44  8   0.0000831002   0.0961244974  -0.0963947268  -0.0046058014   0.0047046999
44  9  -0.0127464288  -0.0034779356  -0.0397818052   0.6358290044   0.1325513883
44 10   0.0013156783  -0.3128784214  -0.0696667768  -0.0620197413  -0.1928194145
44 11  -0.0434536615   0.0779023616  -0.0121476904   0.0034984172  -0.0249387215
44 12  -0.0139149031  -0.0071194052   0.0017479304   0.0017466760  -0.0013049549
44 13  -0.0370414538   0.0566740350   0.0094145692  -0.0211083533  -0.0526294589
44 14  -0.0140677392   0.0041254335   0.0005167228  -0.0014941647  -0.0007213010
44 15  -0.0009624096  -0.0002224981
45  1  -0.0001103031   0.0002158560  -0.0006155352   0.0001462714  -0.0002421346
45  2  -0.0008518516  -0.0002858206   0.0005363274   0.0002301061   0.0003943750
45  3  -0.0000399719   0.0000127282  -0.0001301863  -0.0004065570  -0.0000623838
45  4   0.0000638314  -0.0000144493   0.0001336619  -0.0000091180  -0.0000040694
45  5  -0.0000038341   0.0000149958  -0.0000200080   0.0000079793  -0.0000506998
45  6   0.0000419266   0.0003072616   0.0000179756   0.0000591982  -0.0000463136
45  7   0.0000447147  -0.0001878188  -0.0000297621   0.0000095489  -0.0000181343
45  8  -0.0000050301  -0.0058357077  -0.0044325300  -0.0378568738   0.0018452298
45  9  -0.0076972660   0.0010454992   0.0598795339   0.1325513883   0.1752192258
45 10  -0.0073269179  -0.0614304329  -0.0791626583  -0.0396986213  -0.0509411887
45 11  -0.0776367879   0.0212284602  -0.0013630848   0.0101630330  -0.0060043906
45 12  -0.0036502405   0.0004566152  -0.0010614149  -0.0013074612   0.0067279714
45 13  -0.0171699279   0.0142962734   0.0084628897  -0.0056241688  -0.0141809859
45 14  -0.0128799865  -0.0002658186  -0.0016042089   0.0071607373  -0.0000718411
45 15  -0.0001604277  -0.0007766918
46  1   0.0003611275  -0.0000426641  -0.0003039241  -0.0000079056   0.0001405383
46  2   0.0002501897   0.0000652650  -0.0001478106   0.0001277624   0.0002013310
46  3   0.0000195719  -0.0000198969  -0.0000592894  -0.0000589373  -0.0000499881
46  4  -0.0000117001   0.0000670932  -0.0000305344  -0.0000732007  -0.0000480364
46  5  -0.0001565722   0.0000259124  -0.0000071783  -0.0000051444  -0.0006750818
46  6   0.0000856843  -0.0002585533  -0.0000161920   0.0000194083   0.0000417834
46  7  -0.0000414876  -0.0000023453   0.0000745085  -0.0000790275  -0.0000140480
46  8   0.0000459019  -0.0010521870   0.0302030333   0.0075571334  -0.2228415601
46  9  -0.1221468423  -0.0591445256  -0.1306725034   0.0013156783  -0.0073269179
46 10   0.7004809252   0.0154265183   0.0747408386   0.0464101795  -0.0189245798
46 11  -0.0011764082  -0.3070055074   0.1062891914   0.0002012317  -0.0037282470
46 12  -0.0037398919  -0.0021970599   0.0003607358  -0.0007468149  -0.0005512515
46 13  -0.0251329123   0.0310905773   0.0066980098  -0.0545546459  -0.0367066338
46 14  -0.0167868556  -0.0000453979   0.0009886281   0.0002638758  -0.0019086306
46 15  -0.0030601399  -0.0019936031
47  1  -0.0002156989   0.0001019813   0.0008713043  -0.0000393890  -0.0000453077
47  2   0.0000410982   0.0000161470  -0.0000262205  -0.0000094431   0.0000582822
47  3  -0.0001270642   0.0000227501  -0.0000721356  -0.0002141983   0.0000411745
47  4  -0.0000372254   0.0000873908  -0.0000664059  -0.0000250807  -0.0000569527
47  5  -0.0001046261   0.0000118965   0.0000274059   0.0000402038   0.0000832265
47  6  -0.0000347473   0.0002031080  -0.0000117502  -0.0000360473  -0.0000456777
47  7  -0.0000301731  -0.0002106654  -0.0000093760  -0.0000157596  -0.0000308376
47  8  -0.0000036637  -0.0004372116  -0.0065189107  -0.0025588063  -0.1221125017
47  9  -0.1497155963  -0.0485635870   0.0625535292  -0.3128784214  -0.0614304329
47 10   0.0154265183   0.6498491942   0.1459593048  -0.0611371537  -0.0367437154
47 11  -0.0192285633   0.0447079107  -0.1524624253  -0.0200893602  -0.0026110452
47 12   0.0004176609  -0.0022530821   0.0297564262  -0.0077858699   0.0005385256
47 13   0.0315575394  -0.0396604872  -0.0042366856   0.0057217560   0.0579301965
47 14   0.0135372289   0.0009688089  -0.0005634254   0.0000749880  -0.0041169160
47 15  -0.0013029368  -0.0027299764
48  1   0.0008122889   0.0003937310  -0.0014407113   0.0000806098  -0.0001683013
48  2  -0.0005907490   0.0000758782   0.0002466650  -0.0006334209  -0.0001668390
48  3   0.0000305761   0.0002063160  -0.0000650549   0.0001590377   0.0003077292
48  4   0.0000192738  -0.0000101750   0.0000700547  -0.0000205781  -0.0000147920
48  5   0.0000407588   0.0000080819  -0.0000018300  -0.0000076076  -0.0002613913
48  6   0.0002038252  -0.0004113469   0.0000194912   0.0000190767  -0.0000041876
48  7  -0.0000549652  -0.0001230572   0.0001531234  -0.0000198052  -0.0000221034
48  8   0.0000262260  -0.0006006150   0.0012965239   0.0031056792  -0.0584949977
48  9  -0.0478886009  -0.0576930919   0.0089086816  -0.0696667768  -0.0791626583
48 10   0.0747408386   0.1459593048   0.1855046135  -0.0124539319  -0.0144304929
48 11   0.0022091815  -0.0176452808  -0.0123424045  -0.0679274482  -0.0020422062
48 12  -0.0023729100   0.0066112583   0.0081552405  -0.0032168438   0.0032247260
48 13   0.0068998941  -0.0047332371  -0.0087836082  -0.0060146520   0.0092821498
48 14   0.0095515600   0.0003388532   0.0001723360  -0.0007364264  -0.0022188142
48 15  -0.0027717013   0.0063800298
49  1   0.0001610148  -0.0000838424   0.0001418658  -0.0000250098   0.0002254407
49  2   0.0006056504   0.0003874430  -0.0005565891  -0.0002480073  -0.0007657328
49  3   0.0000343624  -0.0000888400   0.0000120512   0.0002606383   0.0003928823
49  4  -0.0000351699   0.0000304146  -0.0000455996   0.0000116832   0.0000014054
49  5   0.0000148688  -0.0000283137  -0.0000022094   0.0000045093   0.0002002892
49  6   0.0000568621  -0.0001658820  -0.0001505476  -0.0000967249   0.0001005738
49  7   0.0000197096   0.0000594197   0.0000183357   0.0000579427  -0.0000027248
49  8  -0.0000806655  -0.0184240606  -0.0185319530  -0.0074291058   0.0013992059
49  9   0.0027251465   0.0000550196  -0.2507234402  -0.0620197413  -0.0396986213
49 10   0.0464101795  -0.0611371537  -0.0124539319   0.6563820462  -0.0254170419
49 11   0.0554463771  -0.0633834348  -0.0082804528  -0.0089245457  -0.0654030862
49 12   0.0406567406   0.0074431801  -0.0012412064  -0.0002668414  -0.0001462758
49 13  -0.3036375055   0.0443630934  -0.0169310976   0.0146881685   0.0774930566
49 14   0.0220077559  -0.0179238187   0.0106307352   0.0006149461   0.0020115927
49 15  -0.0001420408  -0.0006333924
50  1   0.0000123276  -0.0000304737   0.0002322813  -0.0000871450  -0.0000650142
50  2   0.0002138164   0.0001061991  -0.0001009003  -0.0000166029   0.0000334720
50  3   0.0002048189  -0.0000698714   0.0000202194  -0.0000177212  -0.0000398725
50  4  -0.0000340231   0.0000152918  -0.0000771512   0.0000235898   0.0000209265
50  5   0.0000246786  -0.0000036874   0.0000377898   0.0000366285   0.0000202231
50  6  -0.0001269041   0.0000299993   0.0000859601   0.0000256449  -0.0001177354
50  7  -0.0000316316   0.0002696463  -0.0001283026  -0.0000435036   0.0000164320
50  8   0.0000358929   0.0121087246   0.0109225184   0.0039124445   0.0016972354
50  9  -0.0047260834  -0.0029909332  -0.1230165259  -0.1928194145  -0.0509411887
50 10  -0.0189245798  -0.0367437154  -0.0144304929  -0.0254170419   0.6906524337
50 11   0.1498739428  -0.0077677294  -0.0012051770   0.0013378508   0.0406725551
50 12  -0.3081286978  -0.0695167946  -0.0002675902   0.0006408433   0.0002767228
50 13   0.1049493794  -0.1510147216  -0.0131600157   0.0348476671  -0.0132145162
50 14  -0.0012765824  -0.0199749206   0.0105499405   0.0001502071   0.0009908258
50 15  -0.0051629467  -0.0033589215
51  1  -0.0001536435   0.0000690677  -0.0006477482   0.0001063720   0.0001065071
51  2   0.0002077571   0.0002056982  -0.0002209201  -0.0000374096  -0.0000889512
51  3  -0.0000697407  -0.0001477599  -0.0000824496  -0.0001020596   0.0000133220
51  4  -0.0000043414   0.0000195220  -0.0000150345  -0.0000018542  -0.0000193440
51  5  -0.0000092261  -0.0000016399  -0.0000065304   0.0000117752  -0.0000206076
51  6   0.0000238404   0.0002053599  -0.0000472742   0.0000305633   0.0000828601
51  7   0.0000464076  -0.0001584456   0.0000394522   0.0000217868  -0.0000064657
51  8  -0.0000185742   0.0007427380   0.0000320486   0.0024822538  -0.0003547734
51  9  -0.0029799005   0.0062634563  -0.0553841424  -0.0434536615  -0.0776367879
51 10  -0.0011764082  -0.0192285633   0.0022091815   0.0554463771   0.1498739428
51 11   0.1757474212  -0.0083679861   0.0015148667  -0.0092866493   0.0073761810
51 12  -0.0692299090  -0.0526812766  -0.0001579540   0.0002935785  -0.0004663375
51 13  -0.0006358932  -0.0203920166  -0.0638137684   0.0106489350   0.0037308835
51 14   0.0091591925  -0.0077673422   0.0036557300   0.0018244780  -0.0003492346
51 15  -0.0034829937   0.0065140625
52  1  -0.0004443727   0.0003160921   0.0003961366  -0.0000930803  -0.0001173294
52  2   0.0000790005   0.0000158118  -0.0001692201   0.0000572108   0.0001616349
52  3   0.0000119697  -0.0001547773  -0.0000826169  -0.0001114323  -0.0001113979
52  4  -0.0000301976   0.0000214196  -0.0000347989   0.0000279679   0.0000098522
52  5   0.0000344157  -0.0000264414   0.0000265849   0.0000443188   0.0003615976
52  6  -0.0002192796   0.0008112872  -0.0001037117  -0.0000989582  -0.0000640803
52  7  -0.0000206691  -0.0000336792  -0.0000742573   0.0000220914   0.0000058869
52  8  -0.0000146350   0.0019897220  -0.0000835734  -0.0005606862  -0.0179691576
52  9   0.0107045155   0.0004773452   0.0152392300   0.0779023616   0.0212284602
52 10  -0.3070055074   0.0447079107  -0.0176452808  -0.0633834348  -0.0077677294
52 11  -0.0083679861   0.6589227519  -0.0276697700   0.0543720454  -0.0012738572
52 12  -0.0003029082  -0.0001525069  -0.0655525595   0.0410504588   0.0082561695
52 13   0.0461287236  -0.0613807361  -0.0118547547  -0.2498605751  -0.0610918682
52 14  -0.0392526606   0.0014448112   0.0027566332  -0.0000301318  -0.0184681611
52 15  -0.0184672011  -0.0074384362
53  1   0.0003148869  -0.0003239450   0.0000856645  -0.0000474073  -0.0002210831
53  2  -0.0000015868  -0.0001769422   0.0000648952  -0.0000149675  -0.0000858573
53  3  -0.0000298408   0.0000685617   0.0000621577   0.0000013048   0.0002162282
53  4   0.0000234416  -0.0000693619   0.0000263884  -0.0000054665   0.0000271693
53  5   0.0000253876   0.0000012371  -0.0001018494  -0.0001827617  -0.0000411131
53  6   0.0001009671   0.0003893580  -0.0000687076  -0.0001440537   0.0000422200
53  7   0.0000025929  -0.0000187123  -0.0000032051   0.0001091207   0.0000634895
53  8  -0.0000688103   0.0009755113  -0.0052209108  -0.0032814569  -0.0197603034
53  9   0.0106771097  -0.0002993726   0.0355038353  -0.0121476904  -0.0013630848
53 10   0.1062891914  -0.1524624253  -0.0123424045  -0.0082804528  -0.0012051770
53 11   0.0015148667  -0.0276697700   0.6914930726   0.1531898370  -0.0002850568
53 12   0.0006702798   0.0002381442   0.0409601905  -0.3079372476  -0.0737567569
53 13  -0.0191312100  -0.0364587925  -0.0146008717  -0.1224473122  -0.1929874814
53 14  -0.0503630370   0.0016397471  -0.0048035813  -0.0030457931   0.0121176868
53 15   0.0110338645   0.0035274528
54  1   0.0003949462   0.0000853594  -0.0005762100   0.0001350394   0.0000479596
54  2   0.0004144005   0.0001147854  -0.0000910869   0.0002422166   0.0001394825
54  3   0.0002315689  -0.0006513741  -0.0001758493  -0.0000687254  -0.0006043307
54  4  -0.0000060623  -0.0000273646   0.0000176320  -0.0000087573   0.0000032327
54  5  -0.0000028252   0.0000024566  -0.0000221930   0.0000437555  -0.0003065900
54  6   0.0008668832  -0.0014252497  -0.0000464919  -0.0001267261   0.0001526020
54  7  -0.0000044538   0.0000263955  -0.0000049863  -0.0000293884   0.0000093135
54  8   0.0000653542  -0.0004069602  -0.0034775755   0.0063734704  -0.0082784717
54  9   0.0034974716   0.0031135232   0.0106513532   0.0034984172   0.0101630330
54 10   0.0002012317  -0.0200893602  -0.0679274482  -0.0089245457   0.0013378508
54 11  -0.0092866493   0.0543720454   0.1531898370   0.1848052062  -0.0001349488
54 12   0.0003386506  -0.0007119197   0.0082303880  -0.0729293478  -0.0563833286
54 13  -0.0005294080  -0.0196700530   0.0022642891  -0.0560655752  -0.0438178484
54 14  -0.0796333675  -0.0002716012  -0.0030118160   0.0066426202   0.0009473754
54 15   0.0001991568   0.0029095861
55  1  -0.0000264895   0.0000012070   0.0000024444   0.0000301815  -0.0000083621
55  2   0.0000047585   0.0000117863  -0.0000084743  -0.0000098732  -0.0000282984
55  3  -0.0000035916  -0.0000016906  -0.0000191749   0.0000097854   0.0000150241
55  4  -0.0000057827  -0.0000067993  -0.0000032957   0.0000050864  -0.0000020298
55  5   0.0000065261  -0.0000024257  -0.0000002849  -0.0000009522   0.0000259243
55  6   0.0000120780   0.0000079967  -0.0000076947   0.0000222950  -0.0000030377
55  7   0.0000278336  -0.0000026838   0.0000033151   0.0000104985  -0.0000024649
55  8  -0.0000145665   0.0009983335   0.0005253458   0.0007264459   0.0002295895
55  9  -0.0013311601  -0.0003600129   0.0083367185  -0.0249387215  -0.0060043906
55 10  -0.0037282470  -0.0026110452  -0.0020422062  -0.0654030862   0.0406725551
55 11   0.0073761810  -0.0012738572  -0.0002850568  -0.0001349488   0.0647391070
55 12  -0.0442719725  -0.0073024394   0.0001322660  -0.0000138136   0.0001654623
55 13   0.0004715718   0.0297125632   0.0079278625  -0.0054389333   0.0017004058
55 14  -0.0010940489   0.0011052645  -0.0007492322   0.0003529504  -0.0001901715
55 15   0.0015794572   0.0003824956
56  1   0.0000265495  -0.0001017545  -0.0000221213   0.0000057784   0.0000088098
56  2  -0.0000086206   0.0000150135   0.0000335858  -0.0000166312  -0.0000022149
56  3   0.0000378332  -0.0000065976  -0.0000124722   0.0000069857  -0.0000199529
56  4  -0.0000041552  -0.0000128199   0.0000111789  -0.0000005456   0.0000032131
56  5   0.0000135005  -0.0000002504  -0.0000008240   0.0000094958  -0.0000073844
56  6   0.0000273712  -0.0000019606   0.0000026047  -0.0000223274   0.0000208363
56  7  -0.0000136311   0.0000125247  -0.0000223868  -0.0000074472   0.0000063999
56  8   0.0000187841  -0.0004434025   0.0006548892   0.0011674770   0.0003501099
56  9  -0.0008274875  -0.0002413583   0.0057072397  -0.0139149031  -0.0036502405
56 10  -0.0037398919   0.0004176609  -0.0023729100   0.0406567406  -0.3081286978
56 11  -0.0692299090  -0.0003029082   0.0006702798   0.0003386506  -0.0442719725
56 12   0.3274662216   0.0767346102  -0.0000095407  -0.0001730351   0.0003232465
56 13  -0.0008887626  -0.0079752508  -0.0027563082   0.0028311084   0.0017600592
56 14  -0.0012476552   0.0002070336   0.0005736698   0.0011777115  -0.0000975989
56 15  -0.0005224038  -0.0002188392
57  1   0.0000442871  -0.0001826954   0.0000435087  -0.0000302172   0.0000374727
57  2  -0.0000078937   0.0000035562   0.0000322039  -0.0000073745   0.0000045345
57  3   0.0000365285   0.0000119098   0.0000039635   0.0000168274   0.0000078951
57  4  -0.0000013306  -0.0000161641   0.0000086811   0.0000044505   0.0000150728
57  5   0.0000102453  -0.0000009388   0.0000094886   0.0000099644  -0.0000051856
57  6   0.0000400045  -0.0000074580   0.0000244854  -0.0000253542  -0.0000059462
57  7  -0.0000248856   0.0000637752  -0.0000609125  -0.0000105174   0.0000100896
57  8   0.0000066018   0.0004910213   0.0012748576  -0.0034603571   0.0000771347
57  9  -0.0004379922   0.0001642311   0.0021332230  -0.0071194052   0.0004566152
57 10  -0.0021970599  -0.0022530821   0.0066112583   0.0074431801  -0.0695167946
57 11  -0.0526812766  -0.0001525069   0.0002381442  -0.0007119197  -0.0073024394
57 12   0.0767346102   0.0448515033   0.0001718423   0.0003482482  -0.0012228989
57 13  -0.0003625609   0.0010058040   0.0019808780  -0.0008716880  -0.0013653444
57 14   0.0071017710   0.0006303036   0.0010587168  -0.0033362981  -0.0000726519
57 15  -0.0000050120   0.0002372722
58  1  -0.0000207951   0.0000026810  -0.0000045384  -0.0000454492   0.0000554229
58  2   0.0000298786  -0.0000718651  -0.0000002214   0.0000490409   0.0000197526
58  3  -0.0000316857   0.0000462861   0.0001327807  -0.0000170106   0.0000447379
58  4   0.0000105616   0.0000033050   0.0000045857  -0.0000268143   0.0000034555
58  5  -0.0000339338   0.0000278234  -0.0000135816  -0.0000248434  -0.0000412906
58  6  -0.0000306107  -0.0000549546   0.0000029196  -0.0000185161   0.0000014060
58  7  -0.0000141192  -0.0000172946   0.0000077486  -0.0000681311  -0.0000037033
58  8   0.0000552192  -0.0001933464   0.0015833724   0.0003708883   0.0011062281
58  9  -0.0007267841   0.0003939317  -0.0054231084   0.0017479304  -0.0010614149
58 10   0.0003607358   0.0297564262   0.0081552405  -0.0012412064  -0.0002675902
58 11  -0.0001579540  -0.0655525595   0.0409601905   0.0082303880   0.0001322660
58 12  -0.0000095407   0.0001718423   0.0651862788  -0.0445997768  -0.0082180942
58 13  -0.0037192747  -0.0025913954  -0.0019516653   0.0082107472  -0.0249468704
58 14  -0.0064037357   0.0002112385  -0.0013495857  -0.0003511902   0.0010166278
58 15   0.0005113835   0.0007011308
59  1  -0.0000338831  -0.0000186194   0.0000263680  -0.0000368184   0.0000235658
59  2   0.0000632412   0.0001728350  -0.0000691436  -0.0000078233   0.0000591321
59  3   0.0002695341  -0.0001588152  -0.0001228582   0.0000543536  -0.0001875461
59  4  -0.0000298177   0.0000217845  -0.0000248004  -0.0000176202  -0.0000027172
59  5  -0.0000015147  -0.0000026536   0.0000125960   0.0000638462  -0.0000021072
59  6  -0.0002102349  -0.0001226400   0.0000388323   0.0000244865  -0.0000125025
59  7  -0.0000172755   0.0000589363  -0.0000233035  -0.0000823141  -0.0000073295
59  8   0.0000938670  -0.0000888817  -0.0005177534  -0.0002127155   0.0001251948
59  9   0.0005160844   0.0013038154   0.0027710090   0.0017466760  -0.0013074612
59 10  -0.0007468149  -0.0077858699  -0.0032168438  -0.0002668414   0.0006408433
59 11   0.0002935785   0.0410504588  -0.3079372476  -0.0729293478  -0.0000138136
59 12  -0.0001730351   0.0003482482  -0.0445997768   0.3267181221   0.0814023729
59 13  -0.0036321582   0.0004319544  -0.0023921106   0.0055633851  -0.0135871152
59 14  -0.0040364893   0.0003313850  -0.0008088834  -0.0002509011  -0.0004185975
59 15   0.0005990121   0.0012894776
60  1  -0.0000740013  -0.0000033683  -0.0000047962   0.0000341247   0.0000572593
60  2  -0.0000477694  -0.0001453811  -0.0000123336   0.0000663900   0.0000187547
60  3  -0.0001282809   0.0000387867   0.0001118109   0.0000674209  -0.0000304491
60  4   0.0000203076  -0.0000194256   0.0000077412   0.0000164879   0.0000118699
60  5  -0.0000060129   0.0000032737  -0.0000224428  -0.0000609370   0.0000741851
60  6  -0.0000093103   0.0001522033  -0.0000098498  -0.0000067475  -0.0000388970
60  7   0.0000077427  -0.0000233240  -0.0000058670   0.0000416799   0.0000098152
60  8  -0.0000385333  -0.0000668719   0.0000241669   0.0001793571   0.0006994223
60  9   0.0011808308  -0.0035059687  -0.0008523900  -0.0013049549   0.0067279714
60 10  -0.0005512515   0.0005385256   0.0032247260  -0.0001462758   0.0002767228
60 11  -0.0004663375   0.0082561695  -0.0737567569  -0.0563833286   0.0001654623
60 12   0.0003232465  -0.0012228989  -0.0082180942   0.0814023729   0.0474670986
60 13  -0.0022316808  -0.0021143133   0.0062273355   0.0023104744  -0.0073435101
60 14   0.0010116128   0.0000885016  -0.0004419193   0.0001655256   0.0004473991
60 15   0.0012944567  -0.0034569527
61  1   0.0000159406  -0.0001775135   0.0001143373  -0.0001088777  -0.0001887128
61  2  -0.0003553753  -0.0002607633   0.0004649608   0.0000274907   0.0003875416
61  3   0.0001061928   0.0002054879  -0.0001034160  -0.0001754555  -0.0002844455
61  4   0.0000559656  -0.0000455647   0.0000786515   0.0000101600   0.0000254823
61  5   0.0000182299   0.0000117352   0.0000149165   0.0000035680   0.0000662691
61  6   0.0000163566   0.0000749124   0.0001286481   0.0000818249  -0.0000972943
61  7  -0.0000721449   0.0001727832  -0.0001450568  -0.0000091286  -0.0000055615
61  8  -0.0000158092  -0.0018470170  -0.0030085424  -0.0020061032  -0.0000661780
61  9   0.0009452391   0.0002923334  -0.0548572855  -0.0370414538  -0.0171699279
61 10  -0.0251329123   0.0315575394   0.0068998941  -0.3036375055   0.1049493794
61 11  -0.0006358932   0.0461287236  -0.0191312100  -0.0005294080   0.0004715718
61 12  -0.0008887626  -0.0003625609  -0.0037192747  -0.0036321582  -0.0022316808
61 13   0.6964325632   0.0161311530   0.0713941838  -0.1303136040   0.0019406503
61 14  -0.0075589279  -0.2225357483  -0.1222651213  -0.0555120946  -0.0010452629
61 15   0.0301535782   0.0077954888
62  1  -0.0001692092   0.0000650959  -0.0000914035   0.0001156347   0.0002165462
62  2   0.0003250244   0.0004640863  -0.0002651218  -0.0001125793  -0.0005564883
62  3  -0.0001005852  -0.0002202356   0.0001302644   0.0000136534   0.0005346791
62  4   0.0000042270   0.0000177833  -0.0000340623   0.0000341838   0.0000022671
62  5   0.0000315627  -0.0000083953   0.0000335601   0.0000320947  -0.0001477981
62  6  -0.0000262805   0.0002447772   0.0001636267   0.0001691205  -0.0000896005
62  7  -0.0000001567  -0.0000690943  -0.0000122923   0.0000614099  -0.0000079211
62  8  -0.0000871469  -0.0041302167  -0.0012882713  -0.0028765579   0.0009561558
62  9  -0.0005511214   0.0001170700   0.0056685828   0.0566740350   0.0142962734
62 10   0.0310905773  -0.0396604872  -0.0047332371   0.0443630934  -0.1510147216
62 11  -0.0203920166  -0.0613807361  -0.0364587925  -0.0196700530   0.0297125632
62 12  -0.0079752508   0.0010058040  -0.0025913954   0.0004319544  -0.0021143133
62 13   0.0161311530   0.6507924229   0.1442335755   0.0629106844  -0.3142129897
62 14  -0.0620568971  -0.1222847113  -0.1502182285  -0.0460101965  -0.0005371355
62 15  -0.0065675728  -0.0023202689
63  1   0.0000584182  -0.0000127689   0.0002458185  -0.0000329629  -0.0001820828
63  2   0.0000082737   0.0000270704  -0.0001106414  -0.0001515647  -0.0002467177
63  3  -0.0000154299  -0.0000378006   0.0000191212   0.0001599911   0.0002293569
63  4  -0.0000187501   0.0000067029  -0.0000190880  -0.0000010978  -0.0000062533
63  5   0.0000112489  -0.0000098241  -0.0000164627  -0.0000073542   0.0001263604
63  6  -0.0000099319  -0.0006249127  -0.0001467831  -0.0000936457  -0.0000050631
63  7   0.0000492332  -0.0000076720   0.0000659253   0.0000185098   0.0000107555
63  8  -0.0000193359  -0.0022628007  -0.0027389521   0.0065286684   0.0003146905
63  9   0.0001239626  -0.0004787718  -0.0059761102   0.0094145692   0.0084628897
63 10   0.0066980098  -0.0042366856  -0.0087836082  -0.0169310976  -0.0131600157
63 11  -0.0638137684  -0.0118547547  -0.0146008717   0.0022642891   0.0079278625
63 12  -0.0027563082   0.0019808780  -0.0019516653  -0.0023921106   0.0062273355
63 13   0.0713941838   0.1442335755   0.1764539380   0.0086797833  -0.0688992501
63 14  -0.0774054178  -0.0553204267  -0.0457546266  -0.0537683044  -0.0005602519
63 15   0.0010441522   0.0026363679
64  1  -0.0000933310  -0.0000469158   0.0001340036  -0.0001191096  -0.0000036993
64  2  -0.0002261605  -0.0001096242   0.0001159167  -0.0000323449  -0.0000229060
64  3  -0.0000881721   0.0001072242   0.0003881761  -0.0001554535   0.0001453886
64  4   0.0000750836  -0.0000292432   0.0000659797   0.0000008916   0.0000235585
64  5   0.0000078643   0.0000302015   0.0000057982  -0.0000304189  -0.0000067197
64  6  -0.0000387974   0.0000815318   0.0001619620   0.0000329256  -0.0000432348
64  7  -0.0000453640  -0.0000372056   0.0000342455  -0.0000331565   0.0000511361
64  8   0.0000545033   0.0004871408  -0.0007139556  -0.0000234136  -0.0041745733
64  9   0.0030332909  -0.0004919146  -0.0081596537  -0.0211083533  -0.0056241688
64 10  -0.0545546459   0.0057217560  -0.0060146520   0.0146881685   0.0348476671
64 11   0.0106489350  -0.2498605751  -0.1224473122  -0.0560655752  -0.0054389333
64 12   0.0028311084  -0.0008716880   0.0082107472   0.0055633851   0.0023104744
64 13  -0.1303136040   0.0629106844   0.0086797833   0.7155384816  -0.0400782871
64 14   0.0564986467   0.0072264574  -0.0260905854  -0.0063242684  -0.2938751138
64 15   0.0957007538  -0.0030207408
65  1  -0.0001172700  -0.0002210228   0.0000475247  -0.0000035634  -0.0000986365
65  2  -0.0003807425  -0.0001898095   0.0002170209  -0.0001815084   0.0002271695
65  3  -0.0000649472   0.0001070164  -0.0001169135   0.0001014366  -0.0002418796
65  4   0.0000090756  -0.0000218527   0.0000467684   0.0000038449  -0.0000038594
65  5   0.0000156297  -0.0000083076   0.0000089219   0.0000375582   0.0001398380
65  6  -0.0000441933  -0.0001689468  -0.0001004366   0.0000218239   0.0001247669
65  7   0.0000553488   0.0000238183   0.0000570344  -0.0000104473  -0.0000330579
65  8   0.0000201226  -0.0006824148  -0.0009881164  -0.0002427891   0.0040595037
65  9   0.0004953296  -0.0014395920  -0.0218387303  -0.0526294589  -0.0141809859
65 10  -0.0367066338   0.0579301965   0.0092821498   0.0774930566  -0.0132145162
65 11   0.0037308835  -0.0610918682  -0.1929874814  -0.0438178484   0.0017004058
65 12   0.0017600592  -0.0013653444  -0.0249468704  -0.0135871152  -0.0073435101
65 13   0.0019406503  -0.3142129897  -0.0688992501  -0.0400782871   0.6364453039
65 14   0.1339494682   0.0045430349  -0.0127728804  -0.0034429253   0.0957196244
65 15  -0.0961237828  -0.0057136003
66  1   0.0000791139  -0.0000033709   0.0004153936  -0.0002259286  -0.0003808336
66  2  -0.0001309585  -0.0003538320   0.0003237472   0.0000086699   0.0006039227
66  3   0.0002123261   0.0002076932  -0.0002730043  -0.0000921777  -0.0008476855
66  4  -0.0000205756  -0.0000059479   0.0000032533  -0.0000283906   0.0000024758
66  5   0.0000031961   0.0000048149  -0.0000085787  -0.0000078263   0.0002529297
66  6   0.0000385147  -0.0005660956  -0.0001643680  -0.0001042221   0.0000149276
66  7   0.0000297341   0.0000629500  -0.0000476750  -0.0000566194   0.0000329117
66  8   0.0001512577  -0.0000291390  -0.0001707777  -0.0007784264  -0.0003367587
66  9  -0.0016181876   0.0067560684  -0.0057331489  -0.0140677392  -0.0128799865
66 10  -0.0167868556   0.0135372289   0.0095515600   0.0220077559  -0.0012765824
66 11   0.0091591925  -0.0392526606  -0.0503630370  -0.0796333675  -0.0010940489
66 12  -0.0012476552   0.0071017710  -0.0064037357  -0.0040364893   0.0010116128
66 13  -0.0075589279  -0.0620568971  -0.0774054178   0.0564986467   0.1339494682
66 14   0.1751814104   0.0018306026  -0.0071459397   0.0004665715  -0.0029895267
66 15  -0.0055811864  -0.0377351387
67  1   0.0000278090  -0.0000054214  -0.0000087643   0.0000008152   0.0000038185
67  2  -0.0000284446   0.0000101810   0.0000341721  -0.0000011536   0.0000116842
67  3   0.0000234820  -0.0000018958   0.0000184836  -0.0000062166  -0.0000091007
67  4   0.0000127035  -0.0000041093   0.0000229397  -0.0000018018   0.0000006071
67  5   0.0000065062   0.0000050686  -0.0000005890   0.0000044277  -0.0000726937
67  6  -0.0000249527  -0.0000204355   0.0000265662  -0.0000136586  -0.0000159383
67  7  -0.0000266897  -0.0000176778   0.0000165595  -0.0000038849  -0.0000029501
67  8   0.0000102783  -0.0010865984  -0.0010278222  -0.0004392782  -0.0000073131
67  9  -0.0001546492   0.0001239188  -0.0041949849   0.0041254335  -0.0002658186
67 10  -0.0000453979   0.0009688089   0.0003388532  -0.0179238187  -0.0199749206
67 11  -0.0077673422   0.0014448112   0.0016397471  -0.0002716012   0.0011052645
67 12   0.0002070336   0.0006303036   0.0002112385   0.0003313850   0.0000885016
67 13  -0.2225357483  -0.1222847113  -0.0553204267   0.0072264574   0.0045430349
67 14   0.0018306026   0.2350214888   0.1323149821   0.0607218374   0.0007763599
67 15  -0.0006748258   0.0003554714
68  1   0.0000097575   0.0000270280   0.0000032234   0.0000235810  -0.0000038584
68  2   0.0000025746   0.0000255073   0.0000022833  -0.0000064816   0.0000014340
68  3   0.0000209156  -0.0000194107  -0.0000182657   0.0000116419  -0.0000040592
68  4   0.0000005999   0.0000039639   0.0000026212   0.0000006287  -0.0000019385
68  5   0.0000065499  -0.0000020252   0.0000032115   0.0000150681  -0.0000475698
68  6  -0.0000566268  -0.0000145480  -0.0000047864   0.0000116595  -0.0000125260
68  7   0.0000034926  -0.0000026806   0.0000118301  -0.0000058262  -0.0000143466
68  8   0.0000070295   0.0006515771   0.0003815394   0.0001209733  -0.0001590222
68  9  -0.0000320735   0.0003404455   0.0029896655   0.0005167228  -0.0016042089
68 10   0.0009886281  -0.0005634254   0.0001723360   0.0106307352   0.0105499405
68 11   0.0036557300   0.0027566332  -0.0048035813  -0.0030118160  -0.0007492322
68 12   0.0005736698   0.0010587168  -0.0013495857  -0.0008088834  -0.0004419193
68 13  -0.1222651213  -0.1502182285  -0.0457546266  -0.0260905854  -0.0127728804
68 14  -0.0071459397   0.1323149821   0.1562948773   0.0512969092   0.0002947978
68 15   0.0008810702   0.0013215284
69  1   0.0000341517   0.0000251797  -0.0000029937   0.0000078672   0.0000156507
69  2   0.0000030927   0.0000183685   0.0000314224   0.0000112097   0.0000148016
69  3   0.0000245172  -0.0000091942   0.0000447816   0.0000102695  -0.0000039273
69  4   0.0000142291   0.0000008013   0.0000075173   0.0000065180   0.0000065323
69  5   0.0000101117   0.0000065055   0.0000134468   0.0000102130  -0.0001558746
69  6  -0.0001043219   0.0000406684   0.0000586231   0.0000289758  -0.0000551506
69  7  -0.0000338598  -0.0000015383  -0.0000059396  -0.0000102585  -0.0000133726
69  8   0.0000080711   0.0000247067  -0.0000712683   0.0002322235   0.0001398589
69  9   0.0003621062  -0.0012284163  -0.0004984345  -0.0014941647   0.0071607373
69 10   0.0002638758   0.0000749880  -0.0007364264   0.0006149461   0.0001502071
69 11   0.0018244780  -0.0000301318  -0.0030457931   0.0066426202   0.0003529504
69 12   0.0011777115  -0.0033362981  -0.0003511902  -0.0002509011   0.0001655256
69 13  -0.0555120946  -0.0460101965  -0.0537683044  -0.0063242684  -0.0034429253
69 14   0.0004665715   0.0607218374   0.0512969092   0.0460099713   0.0005920908
69 15   0.0012157642  -0.0034463608
70  1  -0.0000300317   0.0000231032  -0.0000062226   0.0000747579   0.0000088981
70  2  -0.0000208232   0.0000555781   0.0000045229  -0.0000189020  -0.0000350293
70  3  -0.0000336860  -0.0000042526  -0.0000636672   0.0000307998   0.0000636618
70  4   0.0000211641  -0.0000083069   0.0000213525   0.0000126361   0.0000006376
70  5   0.0000142589  -0.0000057681  -0.0000042422  -0.0000013988  -0.0000113911
70  6  -0.0000367734   0.0000192377  -0.0000001029   0.0000651363  -0.0000173788
70  7   0.0000105412  -0.0000296755   0.0000202428   0.0000602585  -0.0000325501
70  8  -0.0000828400  -0.0000691297   0.0000429670   0.0001612693  -0.0010918572
70  9   0.0006541764   0.0000445624   0.0004752781  -0.0007213010  -0.0000718411
70 10  -0.0019086306  -0.0041169160  -0.0022188142   0.0020115927   0.0009908258
70 11  -0.0003492346  -0.0184681611   0.0121176868   0.0009473754  -0.0001901715
70 12  -0.0000975989  -0.0000726519   0.0010166278  -0.0004185975   0.0004473991
70 13  -0.0010452629  -0.0005371355  -0.0005602519  -0.2938751138   0.0957196244
70 14  -0.0029895267   0.0007763599   0.0002947978   0.0005920908   0.3122795226
70 15  -0.1039163931   0.0040826879
71  1   0.0000212898  -0.0000690979  -0.0000272443  -0.0000291432  -0.0000217655
71  2  -0.0000057818  -0.0000455145   0.0000177139   0.0000067348   0.0000302681
71  3   0.0000153642   0.0000194952  -0.0000272658  -0.0000229442  -0.0000143995
71  4  -0.0000082695  -0.0000089823  -0.0000030928  -0.0000041128   0.0000039770
71  5   0.0000008335  -0.0000067561  -0.0000127766  -0.0000161395   0.0000666051
71  6   0.0000867539  -0.0000104599  -0.0000052518  -0.0000733108   0.0000276204
71  7   0.0000032515   0.0000217720  -0.0000193939   0.0000068212   0.0000370839
71  8   0.0000097693   0.0000366271   0.0000199258   0.0003747800  -0.0010213576
71  9   0.0003908801  -0.0000488294  -0.0007017634  -0.0009624096  -0.0001604277
71 10  -0.0030601399  -0.0013029368  -0.0027717013  -0.0001420408  -0.0051629467
71 11  -0.0034829937  -0.0184672011   0.0110338645   0.0001991568   0.0015794572
71 12  -0.0005224038  -0.0000050120   0.0005113835   0.0005990121   0.0012944567
71 13   0.0301535782  -0.0065675728   0.0010441522   0.0957007538  -0.0961237828
71 14  -0.0055811864  -0.0006748258   0.0008810702   0.0012157642  -0.1039163931
71 15   0.0977435122   0.0079538990
72  1  -0.0000344684   0.0000262161   0.0000177329   0.0000657469   0.0000466778
72  2   0.0000029777   0.0000784823  -0.0000339110  -0.0000191398  -0.0000454981
72  3  -0.0000768799  -0.0000151391  -0.0000351346   0.0000556282   0.0001334030
72  4   0.0000213354  -0.0000031241   0.0000076129   0.0000229117   0.0000026629
72  5   0.0000074880  -0.0000033044   0.0000110936   0.0000086221  -0.0000301458
72  6  -0.0000655181   0.0000700856   0.0000276448   0.0000955333  -0.0000300190
72  7   0.0000045754  -0.0000247577   0.0000077332   0.0000611446  -0.0000504306
72  8  -0.0001294867   0.0001598985   0.0003752058  -0.0012223788  -0.0004255385
72  9   0.0001133504   0.0001760825  -0.0000987518  -0.0002224981  -0.0007766918
72 10  -0.0019936031  -0.0027299764   0.0063800298  -0.0006333924  -0.0033589215
72 11   0.0065140625  -0.0074384362   0.0035274528   0.0029095861   0.0003824956
72 12  -0.0002188392   0.0002372722   0.0007011308   0.0012894776  -0.0034569527
72 13   0.0077954888  -0.0023202689   0.0026363679  -0.0030207408  -0.0057136003
72 14  -0.0377351387   0.0003554714   0.0013215284  -0.0034463608   0.0040826879
72 15   0.0079538990   0.0277222510
$end
