$vibrational normal modes
 1  1   0.1397855812  -0.1083821005  -0.1138809676   0.0037906297  -0.1292083079
 1  2  -0.1488135630   0.1240116765  -0.1147272991  -0.0001473014   0.0377104990
 1  3   0.0092636865   0.0290699751  -0.0111829465  -0.0158382536  -0.0116566085
 1  4  -0.0158309725  -0.0765006392   0.0625528111   0.0835211874  -0.0936369605
 1  5   0.0029031189  -0.0029058454  -0.0155169361  -0.0161654116   0.0048241471
 1  6   0.0045436150  -0.0060302991   0.0032043176  -0.0062393055  -0.0057418902
 1  7   0.0041385029  -0.0042886757  -0.0069259144   0.0072559960  -0.0275422788
 1  8  -0.0259379369  -0.0294308844  -0.0352650779  -0.0475268982  -0.0283417674
 1  9  -0.0594489035  -0.0214877977   0.0186818076   0.0192251214   0.0202746141
 1 10   0.0402307198  -0.0229624222  -0.0394745279  -0.2114801067   0.2138497163
 1 11   0.0407413086   0.0416572281  -0.0688273653  -0.0973211073   0.0308589228
 1 12  -0.0752355552  -0.2217097545   0.0655401241  -0.1897830608   0.1309968627
 1 13   0.0022553135   0.0024639585  -0.0032046002  -0.0034715215  -0.0044725798
 1 14  -0.0044134294  -0.0034778808   0.0043450650   0.0038268819  -0.0023813116
 1 15   0.0058316881   0.0058892662
 2  1   0.0198411605   0.0427742950   0.0246501872   0.2191357265  -0.0278145122
 2  2   0.0344709939   0.0714637569   0.0255563406   0.0113273381   0.1123309461
 2  3   0.0266831834   0.0771400700  -0.0251524327  -0.0373516410  -0.0267929358
 2  4  -0.0360753003   0.2177972901  -0.2330390234   0.1067848679  -0.0675938562
 2  5   0.0065367454  -0.0070388725  -0.0371532909  -0.0377844603   0.0130937463
 2  6   0.0102834126  -0.0133117020   0.0080668214  -0.0196677235  -0.0191405389
 2  7   0.0097059686  -0.0114409612  -0.0120547507   0.0116711904   0.1870595067
 2  8   0.1836097672   0.1744578062   0.2106325439  -0.0414015470   0.0742911617
 2  9  -0.0103617977   0.0793234861   0.0013408191   0.0013911469   0.0004714113
 2 10   0.0054668111  -0.0002277365  -0.0053606880  -0.0251491753   0.0246868457
 2 11   0.0048028612   0.0049187478   0.0419897554  -0.0254723398  -0.0586387483
 2 12  -0.0480825501   0.0103181120   0.1055820699  -0.0738869660  -0.0750570188
 2 13  -0.0126539108  -0.0139339621   0.0146080832   0.0157549014   0.0293980525
 2 14   0.0292269673   0.0307519026  -0.0328201078  -0.0113198714   0.0011458096
 2 15  -0.0329350941  -0.0333876288
 3  1   0.0093825056  -0.0886295980  -0.1083657284   0.0353347677   0.1251036775
 3  2   0.0374915762   0.0844128290   0.0727896252  -0.1590513008  -0.0460049078
 3  3  -0.1001152788  -0.2445523665   0.0901201630   0.1350499084   0.0971635355
 3  4   0.1304432675   0.0513871118  -0.0570713387   0.0392836886  -0.0285276327
 3  5  -0.0234670037   0.0244345711   0.1356730284   0.1409622674  -0.0458597982
 3  6  -0.0354527862   0.0493603034  -0.0273949749   0.0541691127   0.0535611659
 3  7  -0.0333981884   0.0346207173   0.0524868688  -0.0526375236   0.0453165499
 3  8   0.0472155361   0.0474811765   0.0568291012  -0.0169335262   0.0168162441
 3  9  -0.0108746188   0.0195375768   0.0028638228   0.0030973959   0.0020407161
 3 10   0.0066522287  -0.0027279531  -0.0064041165  -0.0318665865   0.0316694021
 3 11   0.0061712440   0.0062897478   0.0034823641  -0.0185661633  -0.0126862844
 3 12  -0.0222570871  -0.0234060064   0.0366699647  -0.0428142057  -0.0056136629
 3 13  -0.0033605677  -0.0036984778   0.0037938492   0.0040993343   0.0078751692
 3 14   0.0078276655   0.0083806502  -0.0088494960  -0.0027863949   0.0000552090
 3 15  -0.0087085114  -0.0088234975
 4  1   0.0509081105  -0.0720560178  -0.1221254026   0.0290080680  -0.0866569861
 4  2  -0.1879679398   0.0547619926  -0.0906647853  -0.0113275451   0.0223651733
 4  3   0.0210219130   0.0156337857   0.0177512946  -0.0019980936   0.0182852753
 4  4  -0.0024483805   0.0678425482  -0.1041285206   0.2306589320  -0.2112793814
 4  5   0.0031501854  -0.0029519385   0.0167242672   0.0172705711   0.0062820031
 4  6  -0.0030316065  -0.0003638184   0.0063653236  -0.0038220178  -0.0041525678
 4  7  -0.0076068091   0.0085076092   0.0054905268  -0.0065782317  -0.1813529155
 4  8  -0.1805968475   0.1710747848   0.2072308572   0.0750313795  -0.0376003222
 4  9   0.0602815014  -0.0474747369  -0.0071228585  -0.0073299032  -0.0162159224
 4 10   0.0015935152   0.0163100951  -0.0025813963   0.0763586272  -0.0774279792
 4 11   0.0155329297   0.0159336200  -0.0299244457   0.0455328102   0.0548799564
 4 12   0.0646928548   0.1098332915  -0.0666381298   0.1199706672  -0.0428856499
 4 13  -0.0210387260  -0.0222160705   0.0335106844   0.0343196087   0.0082675985
 4 14   0.0083505850  -0.0255231386   0.0191712154  -0.0215750341   0.0274428140
 4 15   0.0211473255   0.0201834395
 5  1   0.1261546280   0.0337502777   0.0099123212   0.2143466208  -0.0816366512
 5  2   0.0828142795   0.1621759923  -0.0389103886  -0.0315444231   0.0632808269
 5  3   0.0491857923   0.0432961004   0.0439278590  -0.0041799548   0.0443819113
 5  4  -0.0047799917   0.0830691292  -0.0650570917  -0.1077957493   0.1179197911
 5  5   0.0062250114  -0.0062476276   0.0372091413   0.0390689649   0.0148166095
 5  6  -0.0055531319   0.0002699494   0.0159298833  -0.0004925228  -0.0004512098
 5  7  -0.0204845061   0.0202680155   0.0104485431  -0.0096295982   0.0729669029
 5  8   0.0747393885  -0.0691427149  -0.0836172566  -0.0357540428  -0.0427885504
 5  9  -0.0540686923  -0.0379764988  -0.0177882989  -0.0179172276  -0.0394412104
 5 10  -0.0034686571   0.0396926635   0.0021011730   0.1933775929  -0.1945888390
 5 11   0.0374220092   0.0383351227  -0.0940848839  -0.0517753831   0.0804170894
 5 12  -0.0124806873  -0.0054487376  -0.2125842197   0.1579778942   0.1394389441
 5 13   0.0081973820   0.0086742506  -0.0133552915  -0.0136893756  -0.0046501813
 5 14  -0.0046685517   0.0092355091  -0.0061216676   0.0108276573  -0.0127082298
 5 15  -0.0078328044  -0.0073916571
 6  1   0.0369362990  -0.1808869845  -0.0485442485  -0.0315587610   0.1187058906
 6  2   0.0461304180   0.0875620966   0.1483887101  -0.0247586122   0.1159082386
 6  3  -0.1901314991  -0.1226023234  -0.1609088983   0.0131676790  -0.1609168415
 6  4   0.0171082424   0.0314976618  -0.0293212132  -0.0030592687   0.0077194532
 6  5  -0.0236808171   0.0226324210  -0.1389510070  -0.1436609738  -0.0536337282
 6  6   0.0223633756   0.0000900880  -0.0581634112   0.0057371195   0.0065568679
 6  7   0.0707892721  -0.0712003110  -0.0382723230   0.0382188426   0.0000771437
 6  8  -0.0011383693   0.0021211612   0.0037425083  -0.0005961462  -0.0164225735
 6  9  -0.0081378599  -0.0165258222  -0.0063670810  -0.0064685941  -0.0127193990
 6 10  -0.0013760375   0.0132609639   0.0004811987   0.0617282984  -0.0636133917
 6 11   0.0119728551   0.0123275606  -0.0290839630  -0.0088692940   0.0283487134
 6 12   0.0038606474   0.0116192220  -0.0654843320   0.0568123255   0.0329704547
 6 13  -0.0001106947  -0.0001064011   0.0001004820   0.0001010726  -0.0003608105
 6 14  -0.0003216485  -0.0003142252   0.0004700915   0.0005535054  -0.0003691613
 6 15   0.0002363841   0.0002182715
 7  1  -0.0892529167  -0.0389120836  -0.1209213702   0.0656934011  -0.0090234133
 7  2  -0.2498000748  -0.0549155073  -0.0402407005  -0.0182919023   0.0089776802
 7  3   0.0115941093   0.0024460447  -0.0079851930   0.0165644859  -0.0074774726
 7  4   0.0171016993   0.1961642529  -0.1838143379  -0.0652875166   0.0960214889
 7  5   0.0028261532  -0.0027051784  -0.0172051405  -0.0171614703   0.0007278063
 7  6  -0.0075996931   0.0057064832   0.0039549008   0.0103777809   0.0105372799
 7  7   0.0051542191  -0.0030367602  -0.0046266668   0.0053801535  -0.1526121937
 7  8  -0.1535968306  -0.1428320796  -0.1720812849   0.0070546188   0.0687961771
 7  9   0.0364926109   0.0691560768  -0.0142026971  -0.0145052333  -0.0176068338
 7 10   0.0209311143   0.0160630207  -0.0216785575   0.1344564478  -0.1350198540
 7 11  -0.0262413198  -0.0268238559   0.0726403610  -0.0053434101  -0.0838527814
 7 12  -0.0402686112  -0.1619027487  -0.0286297957  -0.0801489518   0.1440865820
 7 13   0.0225359462   0.0239750800  -0.0146411849  -0.0150442820   0.0202465272
 7 14   0.0200267761   0.0012319642  -0.0097216375  -0.0311811067   0.0281961073
 7 15   0.0127998641   0.0121266482
 8  1   0.1063486295   0.0175701574   0.0165340921   0.2377273650  -0.0506061248
 8  2   0.0749660086   0.1526053663  -0.0394151517  -0.0635459448   0.0195431891
 8  3   0.0215349050   0.0074526346  -0.0187552466   0.0390467080  -0.0174865199
 8  4   0.0406196935   0.0670308747  -0.0412143125  -0.1565845420   0.1622167758
 8  5   0.0060350159  -0.0060114455  -0.0390321001  -0.0405674553   0.0023134815
 8  6  -0.0164572515   0.0138184706   0.0082457430   0.0199634636   0.0201243657
 8  7   0.0107337020  -0.0100135647  -0.0080680688   0.0081765953  -0.1133100521
 8  8  -0.1129881562  -0.1050576433  -0.1270259662   0.0656605136   0.0035549132
 8  9   0.0676056861  -0.0054838662   0.0177372028   0.0176427194   0.0173048649
 8 10  -0.0294205622  -0.0158490082   0.0294874212  -0.1677302012   0.1688557447
 8 11   0.0326398378   0.0334416976   0.0031194271   0.0814050115   0.0349787898
 8 12   0.0883153468   0.0982099428   0.1625494074  -0.0615101271  -0.1795187198
 8 13   0.0171775958   0.0182664036  -0.0094150516  -0.0097213307   0.0163500037
 8 14   0.0161125326  -0.0017024169  -0.0047098730  -0.0232289461   0.0217279156
 8 15   0.0099829794   0.0094801052
 9  1   0.0275436699  -0.0966242662  -0.0740404765  -0.1011790004   0.0445165574
 9  2   0.0383484831   0.0565095179   0.1821115896   0.0968798483   0.2824935609
 9  3  -0.0875692485   0.0098306257   0.0716763403  -0.1454704548   0.0660755453
 9  4  -0.1491783336   0.0405188773  -0.0327439965  -0.0505771546   0.0553767859
 9  5  -0.0222385098   0.0240872972   0.1413848697   0.1477551503  -0.0080025520
 9  6   0.0580473786  -0.0513942943  -0.0314607924  -0.0600640501  -0.0644100755
 9  7  -0.0374456913   0.0368970596   0.0233468629  -0.0246118835  -0.0495583625
 9  8  -0.0492049074  -0.0517376534  -0.0631303957   0.0191758453   0.0093563185
 9  9   0.0230929481   0.0067681692   0.0033262005   0.0033845059   0.0029170148
 9 10  -0.0053282968  -0.0024487751   0.0056104772  -0.0300675654   0.0307005421
 9 11   0.0058994239   0.0060100880   0.0092534320   0.0215698799  -0.0001654226
 9 12   0.0193682904   0.0077559647   0.0409495929  -0.0259530799  -0.0318683358
 9 13   0.0072777716   0.0077508033  -0.0042435090  -0.0043874366   0.0067661718
 9 14   0.0067200616  -0.0003082642  -0.0024093646  -0.0099075472   0.0091994927
 9 15   0.0042110442   0.0039595390
10  1  -0.1403746757  -0.0425713282  -0.1116564065   0.0772112223   0.0259438034
10  2  -0.2724936379  -0.0953672330  -0.0140268074  -0.0140053118   0.0104436485
10  3  -0.0102026276   0.0017181839  -0.0100481675  -0.0155522826  -0.0111902199
10  4  -0.0156178972   0.0762523748  -0.0622731233  -0.0834329432   0.0931085089
10  5   0.0025010817  -0.0024595717   0.0159788588   0.0170090119  -0.0055914347
10  6  -0.0037563326   0.0059586011  -0.0033346250  -0.0073690244  -0.0072781863
10  7   0.0029343467  -0.0041885146   0.0027726218  -0.0022686030   0.0312309697
10  8   0.0324559475  -0.0293402616  -0.0351044188  -0.0474328639  -0.0291860982
10  9  -0.0599321666  -0.0225226283   0.0228629631   0.0230376902  -0.0195134013
10 10  -0.0380543964   0.0220188236   0.0364327557  -0.2131577148   0.2145123411
10 11  -0.0415892998  -0.0427152426  -0.0707910292  -0.0981751204   0.0337224777
10 12  -0.0746446488   0.2177033322  -0.0670430237   0.1882938204  -0.1277025149
10 13   0.0046472624   0.0049619512   0.0044475683   0.0045675304   0.0024010392
10 14   0.0023899674  -0.0026039350   0.0041431710   0.0059450771  -0.0047237207
10 15  -0.0021977243  -0.0020651734
11  1  -0.0200233426   0.0112395727   0.0379507334   0.2660961583   0.0345129184
11  2   0.0187053650   0.0522366883   0.0245457071  -0.0529570046   0.0236443777
11  3  -0.0292845200   0.0075194356  -0.0237440235  -0.0358378270  -0.0260195090
11  4  -0.0357326295  -0.2179013864   0.2332035313  -0.1072109519   0.0674157353
11  5   0.0061858952  -0.0057021329   0.0384463785   0.0391736029  -0.0136341211
11  6  -0.0098761350   0.0133226119  -0.0090270233  -0.0217641322  -0.0216559359
11  7   0.0095884939  -0.0087110292   0.0071313579  -0.0078603924  -0.1885276656
11  8  -0.1897508990   0.1730108410   0.2096973560  -0.0419654695   0.0702089676
11  9  -0.0118137549   0.0780872654   0.0028047631   0.0025123044   0.0008371858
11 10  -0.0064313007  -0.0000468815   0.0059957062  -0.0270950962   0.0275187219
11 11  -0.0050596029  -0.0052153756   0.0423775308  -0.0253046158  -0.0589566784
11 12  -0.0478048282  -0.0086240593  -0.1051593729   0.0748007551   0.0725664728
11 13  -0.0297179620  -0.0316511073  -0.0209619390  -0.0216686082  -0.0223177787
11 14  -0.0218642250   0.0249505865  -0.0316593522  -0.0268261851   0.0179318350
11 15   0.0157179861   0.0149476737
12  1  -0.0088271646   0.0790736298  -0.1594705295  -0.1038479513  -0.0233161687
12  2   0.0219086471   0.0222812098   0.1401390150   0.0838895654   0.2880411560
12  3   0.1061695863   0.0146124091   0.0908695716   0.1341174555   0.0974769239
12  4   0.1313559145  -0.0495242450   0.0556200215  -0.0374752194   0.0276424279
12  5  -0.0223726406   0.0229742740  -0.1423368860  -0.1478341988   0.0473459811
12  6   0.0344939831  -0.0508777672   0.0323686511   0.0633865121   0.0662233097
12  7  -0.0308443693   0.0330245230  -0.0239675025   0.0253610845  -0.0466782665
12  8  -0.0467531577   0.0512136286   0.0626114098  -0.0169028001   0.0160720995
12  9  -0.0099835173   0.0187642366   0.0036018592   0.0036875147  -0.0023300822
12 10  -0.0058888771   0.0025674043   0.0059385509  -0.0319661143   0.0327687510
12 11  -0.0063200651  -0.0064837226   0.0031238162  -0.0184287996  -0.0119357798
12 12  -0.0216707398   0.0228433845  -0.0364806251   0.0419721705   0.0049693696
12 13  -0.0075010843  -0.0079970940  -0.0051441700  -0.0053436758  -0.0057389486
12 14  -0.0056546863   0.0064238222  -0.0081033247  -0.0065603469   0.0043087716
12 15   0.0040054952   0.0037835880
13  1  -0.0510975995  -0.0795017510  -0.1036077290   0.0520202294  -0.0167859308
13  2  -0.2333112505  -0.0260634830  -0.0382826895  -0.0027515494   0.0253631447
13  3  -0.0218446250   0.0167600480   0.0195824853  -0.0009533349   0.0192902683
13  4  -0.0024254979  -0.0674884719   0.1040996010  -0.2305243664   0.2113970081
13  5   0.0023290528  -0.0025553103  -0.0164732675  -0.0176918873  -0.0060108921
13  6   0.0031931287   0.0004047783  -0.0072662090  -0.0017452138  -0.0022552176
13  7  -0.0083066104   0.0071640395  -0.0018220503   0.0007024510   0.1805988419
13  8   0.1803916138   0.1724709867   0.2079102110   0.0759247937  -0.0335610944
13  9   0.0616640259  -0.0462544308  -0.0074985813  -0.0074356682   0.0158580849
13 10  -0.0018078530  -0.0156245078   0.0031851708   0.0792158220  -0.0792306907
13 11  -0.0148784086  -0.0151668889  -0.0284676379   0.0465486675   0.0530734462
13 12   0.0646537925  -0.1105888495   0.0675669664  -0.1212080552   0.0439714979
13 13  -0.0213901457  -0.0227044043  -0.0301448671  -0.0309179314   0.0169089171
13 14   0.0170009467  -0.0323652177   0.0325876620   0.0000557773   0.0085136257
13 15  -0.0212395448  -0.0203505155
14  1  -0.1261442808   0.0204769746   0.0527048132   0.2710265462   0.0884381447
14  2  -0.0296022242  -0.0383755311   0.0888945461  -0.0103679543   0.0715835960
14  3  -0.0507074012   0.0427538899   0.0438251037  -0.0017991304   0.0440402136
14  4  -0.0047056680  -0.0831449849   0.0652168999   0.1080669908  -0.1179603905
14  5   0.0065862168  -0.0067450321  -0.0369775156  -0.0386929261  -0.0144390621
14  6   0.0065258232  -0.0004892365  -0.0154835468   0.0045383712   0.0038974116
14  7  -0.0199088917   0.0206795371  -0.0122312231   0.0124361874  -0.0730418562
14  8  -0.0708343802  -0.0688732706  -0.0831242758  -0.0351826603  -0.0446364155
14  9  -0.0540009828  -0.0387240262  -0.0183118936  -0.0186015184   0.0390369395
14 10   0.0033697136  -0.0394449631  -0.0011361803   0.1926877233  -0.1941758713
14 11  -0.0380925917  -0.0389015009  -0.0946977343  -0.0514676033   0.0814237770
14 12  -0.0124794052   0.0037111947   0.2114215515  -0.1595340146  -0.1354152233
14 13   0.0090757029   0.0096173420   0.0126749537   0.0129963876  -0.0056670731
14 14  -0.0057178939   0.0125039566  -0.0120007684   0.0022640989  -0.0053575383
14 15   0.0094042651   0.0090951885
15  1  -0.0377522320   0.1724107167  -0.2192446227  -0.0368910634  -0.0168322547
15  2   0.0132815095   0.0191696627   0.0645216292  -0.0508203659   0.1266506787
15  3   0.1916609603  -0.1141891417  -0.1615324683   0.0089493181  -0.1610786674
15  4   0.0175195287  -0.0319133963   0.0299435875   0.0004579054  -0.0055486120
15  5  -0.0236904244   0.0237587868   0.1379956766   0.1433370957   0.0533828479
15  6  -0.0229291435   0.0010251285   0.0579068818  -0.0121611770  -0.0100226285
15  7   0.0697767149  -0.0706070900   0.0385113929  -0.0388179606   0.0001378657
15  8  -0.0010140031  -0.0017069884  -0.0029267037  -0.0020034905  -0.0162373372
15  9  -0.0083508482  -0.0163492920  -0.0064398752  -0.0065957089   0.0125783561
15 10   0.0000174847  -0.0130241716   0.0003231907   0.0619941223  -0.0637405277
15 11  -0.0120950189  -0.0123938266  -0.0290606403  -0.0086385710   0.0284341645
15 12   0.0042997284  -0.0115275649   0.0655139877  -0.0575100810  -0.0316793632
15 13  -0.0001452706  -0.0001650867  -0.0002349702  -0.0002499322   0.0005394684
15 14   0.0005002918  -0.0005805867   0.0006895542   0.0006106273  -0.0004024955
15 15  -0.0000359845  -0.0000418949
16  1   0.0906000901  -0.0696271816  -0.1289860908   0.0199505220  -0.1136481326
16  2  -0.1702788270   0.0862850817  -0.1107824453  -0.0144813318   0.0211150006
16  3   0.0371991406   0.0162509902   0.0390239230  -0.0036151493   0.0396469853
16  4  -0.0047986872  -0.0292246935  -0.0096339046   0.2420117925  -0.2386281392
16  5  -0.0297394574   0.0303938442   0.0268770000   0.0280296294  -0.0382501412
16  6   0.0155147386  -0.0006218786  -0.0430368430   0.0036945118   0.0042655520
16  7   0.0413166994  -0.0419550627  -0.0279410563   0.0278322256  -0.1951013118
16  8  -0.1932762995   0.1704138664   0.2089117427   0.0711746774  -0.1498791415
16  9   0.0080721652  -0.1600360360  -0.1021846572  -0.1015711196  -0.1462727763
16 10  -0.0102159235   0.1481380668   0.0030979986  -0.0707682154   0.0695934063
16 11  -0.1002770809  -0.1028430875   0.1436766337   0.1114949569  -0.1073996021
16 12   0.0556962260   0.0898196108   0.1235012261  -0.0373975613  -0.1486059262
16 13   0.2521435138   0.2663631334  -0.3930416348  -0.4025282293  -0.1004567929
16 14  -0.1017762762   0.2818009314  -0.2094480431   0.2480865210  -0.3126329304
16 15  -0.2275995973  -0.2163245998
17  1   0.2243608024   0.0395283006  -0.0068222671   0.1919457681  -0.1482226559
17  2   0.1266224650   0.2402585956  -0.0885634816  -0.0393960710   0.0600491216
17  3   0.0885383306   0.0445995304   0.0960461616  -0.0078909844   0.0964462540
17  4  -0.0106059885  -0.1566459215   0.1679955195  -0.0761113329   0.0469525903
17  5  -0.0743239187   0.0751464534   0.0620225447   0.0653711801  -0.0944354520
17  6   0.0403079464  -0.0002581083  -0.1044308706   0.0172171850   0.0200517004
17  7   0.0991396852  -0.1030592740  -0.0709761118   0.0743475041   0.0852118301
17  8   0.0899707310  -0.0646966673  -0.0721315806  -0.0614778305  -0.3170820229
17  9  -0.1977067827  -0.3109289595  -0.2534030158  -0.2510396792  -0.3617231400
17 10  -0.0322529586   0.3657345523   0.0163960600  -0.1699247744   0.1697283693
17 11  -0.2495928586  -0.2559991331   0.3312112743   0.0753518572  -0.3333174441
17 12  -0.0728281409  -0.0833774197   0.2532451162  -0.2456104190  -0.0963546776
17 13  -0.1015881158  -0.1072854260   0.1586007044   0.1624310533   0.0421649927
17 14   0.0428549080  -0.1124003120   0.0823302640  -0.1032867600   0.1287123267
17 15   0.0909811586   0.0863405318
18  1   0.0671573018  -0.3218696997   0.0179999570  -0.0295436883   0.1714929211
18  2   0.0589332650   0.1142042885   0.1811254061  -0.0145653116   0.1139266115
18  3  -0.3423212173  -0.1298815133  -0.3566563919   0.0261921931  -0.3541927306
18  4   0.0353072905  -0.0483835420   0.0491277439   0.0024563813  -0.0127067429
18  5   0.2745677099  -0.2763430054  -0.2312563713  -0.2416627397   0.3564961611
18  6  -0.1458228864   0.0016305400   0.3847014986  -0.0644206157  -0.0691831397
18  7  -0.3904109805   0.3903272141   0.2695712421  -0.2678670496  -0.0084453097
18  8   0.0032773819  -0.0111301328  -0.0189312014  -0.0107567283  -0.1002356797
18  9  -0.0501897618  -0.0973644509  -0.0783157101  -0.0756669455  -0.1145377660
18 10  -0.0079258469   0.1115826667   0.0055668907  -0.0545934403   0.0599795906
18 11  -0.0786155885  -0.0807649983   0.1055106213   0.0334207818  -0.1022515395
18 12  -0.0131177871  -0.0128755044   0.0831093911  -0.0703766528  -0.0424738907
18 13   0.0004310953   0.0005254227  -0.0005420063  -0.0007143371   0.0002937979
18 14   0.0001857111   0.0005459610  -0.0009154086  -0.0006172032   0.0000950010
18 15  -0.0006062338  -0.0004452418
19  1  -0.1584836736  -0.0103128687  -0.1272054813   0.0853101760   0.0242315765
19  2  -0.2803061881  -0.1088727225  -0.0213713125  -0.0271487097  -0.0032485183
19  3   0.0207262036  -0.0083724784  -0.0169289903   0.0365952478  -0.0161517242
19  4   0.0374772048   0.0929259563  -0.0591633035  -0.2019884818   0.2106338415
19  5  -0.0317708266   0.0322560493  -0.0265309458  -0.0268633774  -0.0066321643
19  6   0.0447986703  -0.0402854926  -0.0235328789  -0.0403959784  -0.0421832181
19  7  -0.0232496707   0.0252441894   0.0204653631  -0.0192919992  -0.1681811427
19  8  -0.1707684214  -0.1488913499  -0.1790155361  -0.1571865061   0.2041507365
19  9  -0.0719683477   0.2294958394  -0.1908075047  -0.1881866242  -0.1421895836
19 10   0.1999207926   0.1302199873  -0.2049429713  -0.1225697304   0.1179039486
19 11   0.1764919473   0.1807888618  -0.0362019923   0.2036574288   0.1355985355
19 12   0.2416666716   0.0843593214   0.1885628823  -0.0905109906  -0.1842761111
19 13  -0.2718736258  -0.2891621658   0.1629455028   0.1678233185  -0.2410090294
19 14  -0.2382267006  -0.0012234684   0.0959269985   0.3461319046  -0.3167878190
19 15  -0.1405478752  -0.1327835772
20  1   0.1890124911   0.0102734538   0.0050287483   0.2338755738  -0.0926596970
20  2   0.1126320359   0.2232551270  -0.0895850975  -0.0965749408  -0.0188681555
20  3   0.0393199484  -0.0204702497  -0.0420614322   0.0842762015  -0.0386557867
20  4   0.0878689812   0.1942274723  -0.1944120528   0.0136570331   0.0184488579
20  5  -0.0741044606   0.0747112029  -0.0595065022  -0.0609630442  -0.0142806319
20  6   0.1051693873  -0.0934269646  -0.0568895501  -0.0943756636  -0.1036977452
20  7  -0.0548962188   0.0531049372   0.0510267319  -0.0553307637  -0.1236486680
20  8  -0.1219047495  -0.1109203110  -0.1389299179   0.2746652400  -0.1563049116
20  9   0.2107597757  -0.1969670900   0.2360866706   0.2327984026   0.1716419387
20 10  -0.2500639237  -0.1569589731   0.2564673795   0.1489142574  -0.1416573252
20 11  -0.2175564644  -0.2227731264   0.1581385793  -0.1601313172  -0.2508448499
20 12  -0.2511590764  -0.2161110493  -0.0919765790  -0.0660041122   0.2256159317
20 13  -0.2049201984  -0.2179546292   0.1206152376   0.1241846677  -0.1829110732
20 14  -0.1807838195   0.0029086193   0.0683932725   0.2601930191  -0.2391916332
20 15  -0.1062983672  -0.1004481550
21  1   0.0493329807  -0.1687431099  -0.0274239330  -0.1533310948   0.0395117463
21  2   0.0450793683   0.0589561775   0.2410395219   0.2020179508   0.4107682155
21  3  -0.1577167488   0.1091350591   0.1542373258  -0.3141760964   0.1426341246
21  4  -0.3234650339   0.0594298870  -0.0584819094  -0.0205652752   0.0319210075
21  5   0.2736075457  -0.2746010158   0.2184936422   0.2255013437   0.0538911812
21  6  -0.3914812643   0.3438027346   0.2070879348   0.3668413747   0.3902541157
21  7   0.2057857997  -0.1992091810  -0.1941416971   0.2012154870  -0.0469253286
21  8  -0.0462485395  -0.0094763861  -0.0027274626   0.0543109456  -0.0209308651
21  9   0.0462841166  -0.0286403783   0.0414616569   0.0400022920   0.0292888494
21 10  -0.0454601219  -0.0271381325   0.0445457428   0.0270748804  -0.0273391613
21 11  -0.0387607205  -0.0396162186   0.0383425618  -0.0200670690  -0.0525768853
21 12  -0.0403289905  -0.0487535066  -0.0038686008  -0.0270713182   0.0397352939
21 13  -0.0872855477  -0.0928798608   0.0516750930   0.0532690279  -0.0775737414
21 14  -0.0767992985   0.0006327309   0.0297287376   0.1107958227  -0.1018588609
21 15  -0.0452168863  -0.0426314961
22  1  -0.2491069589  -0.0171533996  -0.1107063453   0.1057967993   0.0864508025
22  2  -0.3206782343  -0.1808370686   0.0252780063  -0.0191971492  -0.0003927746
22  3  -0.0185892303  -0.0096066442  -0.0224599557  -0.0330075251  -0.0242289847
22  4  -0.0334072968  -0.0280335223   0.0008600940   0.1669705507  -0.1662218451
22  5  -0.0316763315   0.0319695275   0.0244802811   0.0266044828   0.0369152954
22  6   0.0275012678  -0.0397693942   0.0259513074   0.0421821917   0.0467318510
22  7  -0.0215970106   0.0210737258  -0.0235699550   0.0276048292   0.0372476657
22  8   0.0406665382  -0.0266985059  -0.0279885324  -0.3370365553  -0.1243015396
22  9  -0.3915161259  -0.0743284206   0.3035303890   0.2996855062  -0.1738018510
22 10  -0.3394400721   0.1963519012   0.3278102979   0.1920489254  -0.1853910741
22 11   0.2784074029   0.2853145438   0.2175737363   0.3673953809  -0.0711449354
22 12   0.3024387523  -0.2630943704   0.1219844267  -0.2580410983   0.1274301755
22 13  -0.0566784021  -0.0603657115  -0.0406685452  -0.0421019872  -0.0394973709
22 14  -0.0387171395   0.0420467906  -0.0547904654  -0.0503367886   0.0349103364
22 15   0.0266347355   0.0252124620
23  1  -0.0355765850  -0.0011751010   0.0431233553   0.2843253629   0.0587413228
23  2   0.0125519473   0.0447095014   0.0241996544  -0.0776591545  -0.0115142760
23  3  -0.0517757184  -0.0203464789  -0.0516896547  -0.0778401668  -0.0561374355
23  4  -0.0772619329  -0.2297837502   0.2392415234  -0.0761918612   0.0352402779
23  5  -0.0738885744   0.0750956382   0.0568421207   0.0603832423   0.0854951954
23  6   0.0623052708  -0.0922655715   0.0575590120   0.0992578451   0.1047998432
23  7  -0.0442329413   0.0486520855  -0.0522051149   0.0545447278  -0.2032584127
23  8  -0.2049359029   0.1828802003   0.2246866059  -0.0796461387   0.0645577535
23  9  -0.0521406215   0.0780592143   0.0371680388   0.0366922174  -0.0182683854
23 10  -0.0428486218   0.0212501988   0.0418873977   0.0222010125  -0.0203602859
23 11   0.0338827358   0.0346845397   0.0888155779   0.0283860334  -0.0854605040
23 12  -0.0104447596  -0.0708481970  -0.0924162965   0.0258777458   0.1133416164
23 13   0.3557080804   0.3788471705   0.2460165102   0.2544796829   0.2571375335
23 14   0.2521755132  -0.2759528847   0.3515031327   0.3001269482  -0.2015599798
23 15  -0.1696805694  -0.1607599851
24  1  -0.0159268712   0.1444611818  -0.1793922713  -0.1580869751  -0.0811597767
24  2   0.0158348145  -0.0019337621   0.1663815717   0.1786255960   0.4207021100
24  3   0.1899423463   0.1180535661   0.1939723260   0.2898082125   0.2085989026
24  4   0.2847232128  -0.0631666568   0.0667663549   0.0002860494  -0.0101565668
24  5   0.2734990106  -0.2759353567  -0.2100814215  -0.2256769503  -0.3194677725
24  6  -0.2325016333   0.3390439158  -0.2131860696  -0.3854249181  -0.4007033669
24  7   0.1674899145  -0.1780145709   0.1945248803  -0.2023629025  -0.0565019158
24  8  -0.0547238811   0.0031775432  -0.0039768739  -0.0614709369   0.0002760177
24  9  -0.0613354161   0.0103689868   0.0450022604   0.0434012357  -0.0243901025
24 10  -0.0521404703   0.0283680506   0.0483088130   0.0282072797  -0.0288637466
24 11   0.0417723439   0.0427642173   0.0490822286   0.0506652128  -0.0316033558
24 12   0.0324621422  -0.0492969988  -0.0098213624  -0.0232395570   0.0436434838
24 13   0.0897108105   0.0955933347   0.0618137188   0.0640279885   0.0648836429
24 14   0.0637486428  -0.0696994966   0.0888200955   0.0753050179  -0.0505111014
24 15  -0.0428291458  -0.0404971826
25  1   0.0890106718  -0.1122053891  -0.1046172911   0.0152892795  -0.0942824458
25  2  -0.1714745705   0.0836177125  -0.0885405258   0.0043038791   0.0392313993
25  3  -0.0118284420   0.0301956509  -0.0081943549   0.0173784208  -0.0077866727
25  4   0.0171155480  -0.1963352384   0.1842009207   0.0649099069  -0.0955811398
25  5   0.0026669574  -0.0028701749   0.0164961329   0.0166008173  -0.0011992513
25  6   0.0075947402  -0.0056844273  -0.0036160277   0.0096126502   0.0097865586
25  7   0.0042545349  -0.0048218577   0.0058920572  -0.0053166825   0.1494216622
25  8   0.1464928414  -0.1420610293  -0.1722300299   0.0072859631   0.0708846239
25  9   0.0366066800   0.0691894857  -0.0127089719  -0.0130763964   0.0171744489
25 10  -0.0231689934  -0.0162762100   0.0242572738   0.1346041063  -0.1367142856
25 11   0.0261729350   0.0268686685   0.0706957574  -0.0065637643  -0.0815227119
25 12  -0.0405126034   0.1660150297   0.0287152341   0.0826259401  -0.1476079019
25 13   0.0099787188   0.0109919960   0.0069472661   0.0076088328  -0.0244107139
25 14  -0.0243856881  -0.0090886907   0.0027334667  -0.0248935037   0.0245076824
25 15  -0.0287911106  -0.0292388075
26  1  -0.1060045946   0.0362088850   0.0460352139   0.2474548736   0.0571763745
26  2  -0.0217116762  -0.0287681728   0.0894335671   0.0217516198   0.1165291205
26  3  -0.0222396002   0.0771150793  -0.0199956610   0.0401985156  -0.0185218088
26  4   0.0407504938  -0.0669293187   0.0408460066   0.1564548972  -0.1627129368
26  5   0.0066393269  -0.0066610729   0.0378185665   0.0388010972  -0.0010967160
26  6   0.0163564037  -0.0138097098  -0.0075417756   0.0172084682   0.0169281110
26  7   0.0112869412  -0.0118141689   0.0146239973  -0.0145763054   0.1145297888
26  8   0.1134656691  -0.1048470057  -0.1273540569   0.0664433948   0.0070521181
26  9   0.0688283973  -0.0037120647   0.0141897718   0.0146342521  -0.0181227692
26 10   0.0298610200   0.0160040972  -0.0309007237  -0.1655687843   0.1670096548
26 11  -0.0317597905  -0.0325901583   0.0049161878   0.0825117340   0.0328270748
26 12   0.0888921086  -0.0994073417  -0.1620004439   0.0612793553   0.1794377727
26 13   0.0072384381   0.0079975908   0.0041095353   0.0044842654  -0.0184464659
26 14  -0.0184550100  -0.0098004111   0.0050769053  -0.0182021593   0.0188120219
26 15  -0.0210761585  -0.0214330130
27  1  -0.0285513083   0.0887726522  -0.1936765191   0.0326680449   0.0573644735
27  2   0.0210746279   0.0502318509   0.0308766519  -0.1716838662  -0.0408518483
27  3   0.0850163940  -0.2416441856   0.0712097712  -0.1458463254   0.0669891698
27  4  -0.1470961843  -0.0417615980   0.0335925110   0.0521434676  -0.0564262677
27  5  -0.0235386244   0.0233695482  -0.1354094647  -0.1404646078   0.0063613783
27  6  -0.0575980849   0.0497270328   0.0266983357  -0.0510478330  -0.0518173280
27  7  -0.0382074213   0.0371885547  -0.0520383234   0.0524651929   0.0491391566
27  8   0.0515261570  -0.0475365308  -0.0572864097   0.0194052344   0.0102376268
27  9   0.0245998133   0.0070560882   0.0024507324   0.0026567303  -0.0024794845
27 10   0.0057430608   0.0023957286  -0.0057140821  -0.0299552557   0.0298120604
27 11  -0.0057121161  -0.0058374500   0.0098620839   0.0222363258  -0.0007083042
27 12   0.0199221522  -0.0079092652  -0.0412960318   0.0271413748   0.0319953083
27 13   0.0033158811   0.0036533989   0.0020326271   0.0022309493  -0.0083033528
27 14  -0.0083008926  -0.0039252112   0.0017740242  -0.0083019095   0.0084092863
27 15  -0.0095894775  -0.0097371977
28  1   0.1584375788  -0.1429965946  -0.0972690917  -0.0045625135  -0.1267572003
28  2  -0.1409679928   0.1375518707  -0.1064807604   0.0149181280   0.0526080174
28  3  -0.0229515484   0.0433632623  -0.0186808119   0.0412296304  -0.0174897907
28  4   0.0411905530  -0.0922820684   0.0592812645   0.2007881218  -0.2108086051
28  5  -0.0362449927   0.0355355185   0.0314181008   0.0330884973   0.0037702058
28  6  -0.0492006150   0.0428050808   0.0228680358  -0.0296363813  -0.0293019159
28  7  -0.0291149845   0.0258021896  -0.0445291689   0.0450808114   0.1628448975
28  8   0.1577201618  -0.1429873272  -0.1737591708  -0.1561821166   0.2030658773
28  9  -0.0710812274   0.2248059575  -0.1705471734  -0.1714492894   0.1410507114
28 10  -0.2208704416  -0.1273936925   0.2279403524  -0.1155557852   0.1147849140
28 11  -0.1755694548  -0.1798898028  -0.0334484917   0.2073536394   0.1342691854
28 12   0.2444377569  -0.0856376260  -0.1882834012   0.0907859361   0.1851915916
28 13  -0.1214174952  -0.1336456743  -0.0775793620  -0.0844878442   0.2913733312
28 14   0.2907357367   0.1189020393  -0.0465226420   0.2810839385  -0.2812997545
28 15   0.3154240375   0.3210329524
29  1  -0.1880683254   0.0425273949   0.0573396942   0.2503496522   0.0982087420
29  2  -0.0593015565  -0.0994916326   0.1399627982   0.0564805216   0.1564111164
29  3  -0.0393345277   0.1082879891  -0.0434988012   0.0904091344  -0.0435038440
29  4   0.0910576887  -0.1931733356   0.1938968870  -0.0120115917  -0.0205968605
29  5  -0.0794064811   0.0780084736   0.0670997275   0.0719637456   0.0164599388
29  6  -0.1063052937   0.0931346428   0.0501871117  -0.0685835473  -0.0698494052
29  7  -0.0546117048   0.0553627940  -0.0938671989   0.0938016588   0.1249534521
29  8   0.1347665066  -0.1033630241  -0.1237109144   0.2744408569  -0.1494518787
29  9   0.2143411555  -0.1896952838   0.2089169494   0.2104059078  -0.1705450561
29 10   0.2740397721   0.1538145120  -0.2820830462   0.1414322686  -0.1426207880
29 11   0.2170733153   0.2224766325   0.1533816504  -0.1649213129  -0.2479252453
29 12  -0.2538062980   0.2215409178   0.0911275639   0.0697631929  -0.2310089182
29 13  -0.0908212364  -0.0998768487  -0.0570606831  -0.0617900896   0.2186099332
29 14   0.2182288165   0.0933423025  -0.0393267384   0.2102455611  -0.2117060714
29 15   0.2360416571   0.2401053324
30  1  -0.0513150853   0.1646157338  -0.2401279226   0.0845295135   0.0622685679
30  2   0.0143631634   0.0477618033  -0.0277713786  -0.2782670805  -0.1675147955
30  3   0.1544675317  -0.3473437988   0.1533689814  -0.3255343458   0.1498997056
30  4  -0.3273972747  -0.0652138398   0.0600003390   0.0219977758  -0.0281146579
30  5   0.2797072796  -0.2757315409  -0.2433185511  -0.2610038063  -0.0460606028
30  6   0.3785266242  -0.3288359568  -0.1788105125   0.2527024037   0.2541389966
30  7   0.2056695196  -0.2011835439   0.3361789713  -0.3350923038   0.0540373678
30  8   0.0363385206  -0.0405241724  -0.0518427585   0.0549893657  -0.0153264352
30  9   0.0400812393  -0.0252984473   0.0364587195   0.0360856703  -0.0307657204
30 10   0.0480901973   0.0251777059  -0.0498049995   0.0275355978  -0.0278241344
30 11   0.0387849676   0.0396320050   0.0382385686  -0.0196683918  -0.0530843828
30 12  -0.0417125863   0.0520839823   0.0041354574   0.0284971114  -0.0426720196
30 13  -0.0413087092  -0.0454419402  -0.0260629267  -0.0284149483   0.0994013656
30 14   0.0990405142   0.0417490892  -0.0170302403   0.0957320803  -0.0959871857
30 15   0.1074078832   0.1090793905
31  1   0.2479629920  -0.1345446045  -0.1137895805  -0.0249994821  -0.1888987419
31  2  -0.1006711544   0.2093833259  -0.1530886792   0.0051118238   0.0485024095
31  3   0.0155648968   0.0406041423  -0.0231079942  -0.0337912309  -0.0265493852
31  4  -0.0325160319   0.0280936369  -0.0011638937  -0.1644738617   0.1644375135
31  5  -0.0320249450   0.0311247558  -0.0283974185  -0.0299016387  -0.0364129495
31  6  -0.0226816357   0.0368414205  -0.0203120458   0.0288856165   0.0299214470
31  7  -0.0183893627   0.0229621181   0.0342439189  -0.0341228485  -0.0308405167
31  8  -0.0194622243  -0.0281953229  -0.0357727690  -0.3337158726  -0.1202878594
31  9  -0.3852604090  -0.0683563130   0.2644476079   0.2657382637   0.1770990264
31 10   0.3719478249  -0.2000659772  -0.3629747262   0.1835241747  -0.1834917181
31 11  -0.2772839098  -0.2841084585   0.2156978140   0.3713384768  -0.0673254891
31 12   0.3074592868   0.2694801280  -0.1196364216   0.2618634051  -0.1336891568
31 13  -0.0252753990  -0.0278621771   0.0292665521   0.0316943052   0.0559308239
31 14   0.0553810454   0.0540522030  -0.0585842044  -0.0238452208   0.0056826583
31 15  -0.0591411542  -0.0601628374
32  1   0.0349063000   0.0573145812   0.0193257444   0.2000404970  -0.0528608098
32  2   0.0405887326   0.0787256406   0.0263720162   0.0381345045   0.1492923356
32  3   0.0500064962   0.1083117975  -0.0550361778  -0.0850154091  -0.0614207210
32  4  -0.0816570567   0.2288023504  -0.2401059410   0.0771243177  -0.0372786098
32  5  -0.0806461516   0.0783593355  -0.0705598326  -0.0725379397  -0.0877730973
32  6  -0.0652685821   0.0942315543  -0.0521879079   0.0732869440   0.0719557982
32  7  -0.0522541828   0.0532707851   0.0985659327  -0.0985729700   0.1989638141
32  8   0.2012056368   0.1757905839   0.2107910400  -0.0789307865   0.0683269313
32  9  -0.0522764084   0.0804116812   0.0315441719   0.0319671117   0.0192827910
32 10   0.0462105222  -0.0222279459  -0.0449224215   0.0221361512  -0.0235330862
32 11  -0.0338075347  -0.0346656462   0.0873867761   0.0283345184  -0.0841148949
32 12  -0.0101736950   0.0733027180   0.0938971681  -0.0248543299  -0.1173653028
32 13   0.1553650382   0.1706455472  -0.1760735194  -0.1890558695  -0.3480315093
32 14  -0.3455461421  -0.3480709725   0.3721339982   0.1307495881  -0.0154299904
32 15   0.3630310091   0.3685144474
33  1   0.0180135989  -0.1578484007  -0.0884502379   0.0892906172   0.1827205191
33  2   0.0435523825   0.1085396206   0.0467341586  -0.2550109880  -0.1768709525
33  3  -0.1823027912  -0.3522225216   0.1939854734   0.3010393995   0.2166060653
33  4   0.2893439889   0.0686764943  -0.0644688163  -0.0004897295   0.0144662151
33  5   0.2800558511  -0.2734010456   0.2521020234   0.2614873873   0.3042099457
33  6   0.2299294852  -0.3264663084   0.1837515168  -0.2708620733  -0.2646374898
33  7   0.1847512070  -0.1905354095  -0.3356145599   0.3335459603   0.0681009759
33  8   0.0521304110   0.0355375522   0.0463295372  -0.0594829829   0.0067827034
33  9  -0.0506287797   0.0104576541   0.0375019815   0.0369482992   0.0265705851
33 10   0.0539451995  -0.0272444932  -0.0526922002   0.0285534976  -0.0288878246
33 11  -0.0412063652  -0.0420837286   0.0494573100   0.0502331751  -0.0323835146
33 12   0.0334038679   0.0529812621   0.0113592651   0.0246627358  -0.0471443561
33 13   0.0416713649   0.0457679193  -0.0471005096  -0.0506580902  -0.0935213971
33 14  -0.0926672156  -0.0937859456   0.0999266042   0.0348219122  -0.0038316913
33 15   0.0974371905   0.0987233911
34  1  -0.0906337917  -0.0834251716  -0.0960499374   0.0609003638   0.0106676606
34  2  -0.2509608239  -0.0575320990  -0.0175876534   0.0009659707   0.0266564957
34  3  -0.0394029679   0.0173296701   0.0429791622  -0.0027186821   0.0425748655
34  4  -0.0049066998   0.0293315789   0.0094851704  -0.2414616346   0.2380575994
34  5  -0.0336773903   0.0335940795  -0.0284385374  -0.0293554360   0.0428446150
34  6  -0.0177706474   0.0011037190   0.0463108837  -0.0145459011  -0.0141445212
34  7   0.0442610919  -0.0474114503   0.0348688009  -0.0372598497   0.1970603012
34  8   0.1982411523   0.1688214240   0.2012975778   0.0709668710  -0.1454985310
34  9   0.0099029726  -0.1588212735  -0.1041639334  -0.1032110553   0.1444502224
34 10   0.0019288983  -0.1452889115   0.0066348436  -0.0666152995   0.0667725609
34 11   0.1010811467   0.1036696143   0.1442092398   0.1120046788  -0.1084501273
34 12   0.0555849989  -0.0872098858  -0.1203126923   0.0372881587   0.1437381510
34 13   0.2589738455   0.2747894254   0.3558389950   0.3646986359  -0.1920432211
34 14  -0.1936861876   0.3599378272  -0.3612164627   0.0068213409  -0.1017061205
34 15   0.2334135634   0.2233603081
35  1  -0.2245024646   0.0153136832   0.0693279117   0.2928177339   0.1544320133
35  2  -0.0734194237  -0.1166143225   0.1388559964  -0.0014021689   0.0752005128
35  3  -0.0894761654   0.0443574048   0.0953370649  -0.0053502090   0.0955352509
35  4  -0.0101542992   0.1574594022  -0.1691057715   0.0770624917  -0.0482751851
35  5  -0.0729276025   0.0734139673  -0.0633323961  -0.0643011010   0.0929609106
35  6  -0.0398268175   0.0009504688   0.1035375484  -0.0242474030  -0.0225092550
35  7   0.0958260760  -0.0999082253   0.0686177250  -0.0713626730  -0.0783478213
35  8  -0.0725994779  -0.0712827808  -0.0910115488  -0.0636153910  -0.3201125991
35  9  -0.1971780451  -0.3130514960  -0.2583653491  -0.2568033190   0.3585903788
35 10   0.0123406409  -0.3620734002   0.0071511805  -0.1709990346   0.1688716128
35 11   0.2500001147   0.2564014793   0.3295524694   0.0747269131  -0.3316347980
35 12  -0.0731858493   0.0902750980  -0.2515832811   0.2499360366   0.0875786023
35 13  -0.1056183576  -0.1121095318  -0.1450619420  -0.1487269669   0.0765849025
35 14   0.0770956122  -0.1452222732   0.1448883005  -0.0059963580   0.0440321457
35 15  -0.0958905222  -0.0918837723
36  1  -0.0682675289   0.3133573793  -0.2857560126  -0.0390226175  -0.0696853323
36  2   0.0004800679  -0.0074949580   0.0318800201  -0.0608105933   0.1341196072
36  3   0.3441268498  -0.1144184051  -0.3571640176   0.0248005796  -0.3539241520
36  4   0.0423165000   0.0465216751  -0.0464163747  -0.0132899036   0.0197622258
36  5   0.2745372712  -0.2743695594   0.2376479819   0.2406503836  -0.3514330151
36  6   0.1549610802  -0.0044826540  -0.3831693093   0.1009639881   0.0888316144
36  7  -0.3812680947   0.3853614958  -0.2713714577   0.2708231853   0.0083312358
36  8   0.0198935811   0.0241971126   0.0331011481  -0.0021165282  -0.1011532997
36  9  -0.0468199892  -0.0989157773  -0.0805433272  -0.0779344920   0.1137509086
36 10   0.0056144200  -0.1107238237   0.0038203669  -0.0551460394   0.0601882690
36 11   0.0790750098   0.0811086700   0.1056965709   0.0336325328  -0.1022227014
36 12  -0.0126827429   0.0133081329  -0.0834034159   0.0714099209   0.0412411563
36 13   0.0030283140   0.0031448671   0.0042650243   0.0042252339  -0.0027551110
36 14  -0.0026240375   0.0049308891  -0.0047675235  -0.0007091013  -0.0005191330
36 15   0.0025512996   0.0025654002
37  1  -0.0903081113   0.0844088090   0.0996850591  -0.0716585242  -0.0313528401
37  2  -0.1013974133   0.2033045782   0.0339699504   0.0148891610  -0.0209870502
37  3  -0.0389964258  -0.0185754437   0.0439052897  -0.0029670860  -0.0427065046
37  4   0.0053238798   0.0293637112  -0.0108709732  -0.2366752953  -0.2426274227
37  5  -0.0339971051  -0.0341311344   0.0300283072  -0.0284752464  -0.0433923324
37  6   0.0179051153   0.0009798908   0.0469426232  -0.0150766181   0.0138235655
37  7   0.0450985884   0.0476129066  -0.0354693376  -0.0375682803   0.1965282312
37  8  -0.1987998110  -0.2039345547   0.1656001759  -0.0697738228   0.1383797863
37  9   0.0460367937  -0.1594025459   0.1034993536  -0.1039154612   0.1451201210
37 10   0.0036751250   0.1446266278  -0.0067743733  -0.0666148281  -0.0668058811
37 11  -0.1036036275   0.1011546451   0.1459583250  -0.1106466764   0.1078190452
37 12   0.0549897125  -0.0874357353  -0.1200395985  -0.0387339483  -0.1433986600
37 13  -0.2772459909   0.2585744233   0.3665600859  -0.3532870197  -0.1911492395
37 14   0.1954694473  -0.3690794710  -0.3502256109  -0.0079018133  -0.1031026612
37 15  -0.2310280728   0.2245074115
38  1  -0.2245323942  -0.0139389290  -0.0375685047  -0.0140301825  -0.3237277592
38  2   0.0994061331   0.1415893046   0.0490099396   0.0405376443  -0.0611740376
38  3  -0.0877442474  -0.0471688603   0.0962136483  -0.0058046858  -0.0946900848
38  4   0.0109268903   0.1584284613   0.1685314348   0.0753668511   0.0499414458
38  5  -0.0727387491  -0.0736881241   0.0660362357  -0.0615904265  -0.0930155485
38  6   0.0395912739   0.0006598179   0.1036810390  -0.0249609159   0.0218696518
38  7   0.0964668924   0.0992219629  -0.0691493848  -0.0712260151  -0.0781799013
38  8   0.0729239461   0.0872424283  -0.0758223061   0.0660376838   0.3591414738
38  9  -0.1105445234  -0.3126000264   0.2565995086  -0.2584391101   0.3601167037
38 10   0.0166530623   0.3601803548  -0.0074819018  -0.1709231882  -0.1688958250
38 11  -0.2561321737   0.2500779262   0.3321179360  -0.0713049285   0.3292873802
38 12  -0.0745917229   0.0899211585  -0.2483964903  -0.2531274371  -0.0872315299
38 13   0.1132394947  -0.1056522185  -0.1496523670   0.1442854521   0.0763459094
38 14  -0.0779269115   0.1490935095   0.1406076680   0.0062695078   0.0448092572
38 15   0.0950527040  -0.0924946892
39  1  -0.0690024155  -0.3141713474   0.0069184374   0.0096252962   0.1936665692
39  2   0.0584517715   0.1217281262   0.1491268147   0.0281135361  -0.1435353737
39  3   0.3415619247   0.1252629401  -0.3600147856   0.0265068776   0.3503214610
39  4  -0.0451255968   0.0469123345   0.0461505425  -0.0134745295  -0.0203568617
39  5   0.2735550696   0.2750954376  -0.2474851222   0.2301990888   0.3513326736
39  6  -0.1539862148  -0.0034008630  -0.3833330982   0.1036977210  -0.0860456521
39  7  -0.3834827362  -0.3823190624   0.2732399106   0.2700289312   0.0082992483
39  8  -0.0201941478  -0.0297590971   0.0275609688   0.0027597248   0.1098756298
39  9  -0.0198664548  -0.0991749740   0.0802388949  -0.0786579982   0.1145439049
39 10   0.0069621345   0.1104118291  -0.0039315551  -0.0552669028  -0.0603725704
39 11  -0.0812609215   0.0793472774   0.1069273955  -0.0327460828   0.1017859981
39 12  -0.0130656345   0.0130895132  -0.0827843241  -0.0725998016  -0.0413492520
39 13  -0.0036071451   0.0032989191   0.0048783813  -0.0045586495  -0.0029979186
39 14   0.0029090238  -0.0055482401  -0.0050977361   0.0006432014  -0.0006374509
39 15  -0.0028301718   0.0028762577
40  1   0.1590650968   0.1429505590   0.1008911064  -0.0061917418   0.1060645087
40  2  -0.2113919406   0.0082178945   0.1228529625   0.0392692269  -0.0305038873
40  3  -0.0214634879  -0.0447085196  -0.0187435907   0.0418190700   0.0173329305
40  4  -0.0418883954  -0.0927097323  -0.0577213685   0.1969137592   0.2146015964
40  5  -0.0365763430  -0.0360866208  -0.0332068928   0.0321225569  -0.0039724897
40  6   0.0498037325   0.0432518595   0.0232945316  -0.0309350875   0.0288111580
40  7  -0.0295157393  -0.0257691992   0.0454145685   0.0454692984   0.1622664480
40  8  -0.1581364797   0.1734452104  -0.1435716276   0.1544942530  -0.1786914964
40  9  -0.1196261200   0.2259203405   0.1693041469  -0.1724495384   0.1413907700
40 10  -0.2185189345   0.1293673235  -0.2287945070  -0.1155038695  -0.1148177702
40 11   0.1798994560  -0.1754758039  -0.0321728659  -0.2079684815  -0.1330846750
40 12   0.2445940106  -0.0859758665  -0.1873535694  -0.0930747409  -0.1847229617
40 13   0.1298223383  -0.1256146317  -0.0793138069   0.0814309973   0.2890735498
40 14  -0.2922503415  -0.1195930316  -0.0387917766  -0.2677709701  -0.2951955889
40 15  -0.3131565303   0.3237289492
41  1  -0.1881517694  -0.0407831064  -0.0255832088   0.0284428619  -0.2675132502
41  2   0.0853017125   0.1244932820   0.0478821514   0.1295125927  -0.0818218768
41  3  -0.0356843066  -0.1101690868  -0.0432211109   0.0907033386   0.0426770039
41  4  -0.0915479914  -0.1942700692  -0.1927441573  -0.0114994620   0.0201962249
41  5  -0.0792298058  -0.0783021745  -0.0701883182   0.0691797245  -0.0167702161
41  6   0.1063793394   0.0930138403   0.0504955169  -0.0707024819   0.0677819843
41  7  -0.0547942031  -0.0547878963   0.0945413663   0.0935710539   0.1243584018
41  8  -0.1350585378   0.1249223367  -0.1018658294  -0.2731912057   0.0910362583
41  9   0.2449285171  -0.1918071082  -0.2075196323   0.2117712712  -0.1710578466
41 10   0.2713619719  -0.1563936941   0.2833280713   0.1414627294   0.1427679568
41 11  -0.2225802159   0.2171691223   0.1532151947   0.1668956079   0.2460896185
41 12  -0.2546447923   0.2218474692   0.0924692060  -0.0687621191   0.2306363777
41 13   0.0970318926  -0.0937990477  -0.0582683701   0.0594847862   0.2167288238
41 14  -0.2192080359  -0.0939164231  -0.0333952387  -0.2001615480  -0.2219615512
41 15  -0.2341780844   0.2419488482
42  1  -0.0517179407  -0.1675826465  -0.0386914535  -0.1139319884   0.0617226342
42  2   0.0445719390   0.0664769241   0.2087910001  -0.3045078637  -0.0683686550
42  3   0.1451041375   0.3542176940   0.1520805497  -0.3261536793  -0.1467593849
42  4   0.3287108467  -0.0657881993  -0.0596382739   0.0219878868   0.0288235279
42  5   0.2787625574   0.2764710354   0.2542420216  -0.2505220365   0.0470512545
42  6  -0.3783638285  -0.3280758591  -0.1797520627   0.2599983147  -0.2461700391
42  7   0.2063292738   0.1988944700  -0.3383461697  -0.3339138101   0.0545853513
42  8  -0.0366918624   0.0499857747  -0.0433100732  -0.0546662910   0.0045676572
42  9   0.0424393606  -0.0254398479  -0.0360373934   0.0361184131  -0.0306772232
42 10   0.0473854888  -0.0254539843   0.0497611664   0.0273507795   0.0276753497
42 11  -0.0395595069   0.0384770588   0.0383636419   0.0198418488   0.0525849489
42 12  -0.0416183514   0.0520679452   0.0043213204  -0.0286465902   0.0423914335
42 13   0.0443908272  -0.0429266512  -0.0267775739   0.0275251450   0.0991199912
42 14  -0.1000637669  -0.0422258636  -0.0144293711  -0.0916744388  -0.1012371070
42 15  -0.1071797694   0.1105570575
43  1  -0.0507660279   0.0800468469   0.1073353841  -0.0627942576  -0.0038219079
43  2  -0.1190545927   0.1718203974   0.0547518916   0.0111860321  -0.0223671850
43  3  -0.0212602534  -0.0174399938   0.0200039558  -0.0010636384  -0.0193534374
43  4   0.0026110921  -0.0680381659  -0.1048510260  -0.2257828413  -0.2157954575
43  5   0.0023581397   0.0025953088   0.0174354501  -0.0172006137   0.0060935837
43  6  -0.0032024923   0.0004251392  -0.0073630687  -0.0017379740   0.0021385047
43  7  -0.0084919351  -0.0072520448   0.0019600005   0.0007799213   0.1800931438
43  8  -0.1809256211  -0.2087559637   0.1713891282  -0.0755983733   0.0170403224
43  9   0.0680689312  -0.0468069279   0.0074485905  -0.0074803357   0.0159269102
43 10  -0.0016054012   0.0155718308  -0.0032024126   0.0791948006   0.0792644129
43 11   0.0152472429  -0.0147969215  -0.0283273868  -0.0469083976  -0.0526553704
43 12   0.0647835436  -0.1105106483   0.0659582564   0.1221615858  -0.0438883655
43 13   0.0229027669  -0.0213677265  -0.0310577881   0.0299547939   0.0168324195
43 14  -0.0171593905   0.0331963908   0.0316133511   0.0000763800   0.0086097775
43 15   0.0210239783  -0.0204567553
44  1  -0.1261860999  -0.0197010318  -0.0209614745   0.0076815492  -0.2578165180
44  2   0.0555931308   0.0633403590   0.0990041555   0.0313308256  -0.0641179323
44  3  -0.0490861758  -0.0443307779   0.0442308806  -0.0020053173  -0.0436638953
44  4   0.0050528481  -0.0835276796  -0.0641083468   0.1061933213   0.1201120768
44  5   0.0065729715   0.0067698987   0.0386422320  -0.0371415660   0.0144525223
44  6  -0.0065009410  -0.0004471271  -0.0155078953   0.0046387790  -0.0037546425
44  7  -0.0200441868  -0.0205289993   0.0123150552   0.0124160240  -0.0729564624
44  8   0.0711495199   0.0835347865  -0.0686693233   0.0355248865   0.0567075667
44  9  -0.0410892435  -0.0384456933   0.0181782192  -0.0187095283   0.0391987560
44 10   0.0038396357   0.0392068718   0.0011106764   0.1925692798   0.1941968516
44 11   0.0390250746  -0.0379406567  -0.0956671955   0.0505667409  -0.0808814914
44 12  -0.0121140411   0.0041329318   0.2095179732   0.1621158677   0.1350902076
44 13  -0.0097305249   0.0090635229   0.0130769775  -0.0126086842  -0.0056536407
44 14   0.0057844784  -0.0128191564  -0.0116042743  -0.0021997126  -0.0055066817
44 15  -0.0093243534   0.0091581635
45  1  -0.0379741626  -0.1728835774  -0.0595838374   0.0074605764   0.1407945101
45  2   0.0456506863   0.0950570300   0.1165121625   0.0311398295  -0.1324902098
45  3   0.1895052082   0.1202109603  -0.1628428801   0.0097022467   0.1594731414
45  4  -0.0187585208  -0.0322339085  -0.0299216696   0.0002286380   0.0052844400
45  5  -0.0235993751  -0.0238133172  -0.1439583191   0.1373753492  -0.0533631320
45  6   0.0227854827   0.0008613299   0.0579242894  -0.0124320258   0.0096639448
45  7   0.0701828313   0.0700378689  -0.0387965789  -0.0387231640   0.0004057734
45  8   0.0007770942   0.0018643207  -0.0022349872   0.0020376473   0.0178575517
45  9  -0.0039332589  -0.0164291413   0.0064153504  -0.0066574305   0.0126741334
45 10   0.0001723086   0.0130045321  -0.0003403468   0.0621504058   0.0639484138
45 11   0.0124293524  -0.0121246164  -0.0293852647   0.0082940473  -0.0283459813
45 12   0.0045127742  -0.0115777267   0.0649825224   0.0585724240   0.0315744514
45 13   0.0001865296  -0.0001841608  -0.0002836074   0.0002822481   0.0005593900
45 14  -0.0005276022   0.0006452544   0.0007249395  -0.0005787571  -0.0004184312
45 15   0.0000622426  -0.0000679087
46  1   0.0895136196   0.1121580155   0.1083363947  -0.0260607022   0.0736698256
46  2  -0.1808924759   0.0621372600   0.1050032186   0.0238974587  -0.0277018324
46  3  -0.0106743786  -0.0309036086  -0.0082348491   0.0176313280   0.0077224970
46  4  -0.0174327042  -0.1974431534  -0.1826619862   0.0639825799   0.0967631343
46  5   0.0026967831   0.0029163112  -0.0174007977   0.0160988757   0.0012233071
46  6  -0.0076809510  -0.0057469261  -0.0036777399   0.0099527998  -0.0095370878
46  7   0.0043703698   0.0048682262  -0.0060062775  -0.0053868297   0.1489505351
46  8  -0.1468551149   0.1722398620  -0.1422078419  -0.0078110347  -0.0777677216
46  9   0.0176371825   0.0691457793   0.0126174003  -0.0131542489   0.0172285949
46 10  -0.0228862876   0.0164793573  -0.0243511299   0.1345078322   0.1367257137
46 11  -0.0268227927   0.0262125905   0.0710945656   0.0073078735   0.0809224875
46 12  -0.0407950221   0.1661156327   0.0299753009  -0.0824107633   0.1472769701
46 13  -0.0106700475   0.0103322856   0.0071093891  -0.0073391203  -0.0242169638
46 14   0.0245116673   0.0091124223   0.0020907412   0.0237095969   0.0257325847
46 15   0.0285835070  -0.0294836604
47  1  -0.1060806828  -0.0352390540  -0.0142933420   0.0312570732  -0.2265587084
47  2   0.0477102225   0.0537483871   0.0984527102   0.0806592083  -0.0754682569
47  3  -0.0195757461  -0.0781612478  -0.0198742838   0.0403299979   0.0181506893
47  4  -0.0409867047  -0.0671135236  -0.0395484301   0.1534174556   0.1656290043
47  5   0.0066236109   0.0066893988  -0.0394749055   0.0372228915   0.0011365481
47  6  -0.0163679933  -0.0137950968  -0.0075929346   0.0176951100  -0.0163886215
47  7   0.0113766257   0.0117278802  -0.0147434169  -0.0145554835   0.1141127679
47  8  -0.1136813035   0.1270807431  -0.1051168705  -0.0664326422  -0.0240254466
47  9   0.0648063928  -0.0042254300  -0.0140924321   0.0147243243  -0.0181772656
47 10   0.0295763995  -0.0162871706   0.0310364126  -0.1655691876  -0.1671376858
47 11   0.0325654318  -0.0318117666   0.0055047704  -0.0825808697  -0.0325443985
47 12   0.0889043856  -0.0998158997  -0.1614814389  -0.0631794749  -0.1790994733
47 13  -0.0077329536   0.0075105183   0.0041870752  -0.0043100518  -0.0182849120
47 14   0.0185349855   0.0098944595   0.0045131070   0.0173338204   0.0197056984
47 15   0.0209069732  -0.0215947186
48  1  -0.0285991578  -0.0904273339  -0.0851417146  -0.0621014774   0.0666033428
48  2   0.0378593994   0.0639979506   0.1501643582  -0.1537000902  -0.0908897916
48  3   0.0791352025   0.2454592306   0.0706488735  -0.1461213159  -0.0655746024
48  4   0.1477503758  -0.0422963162  -0.0333513801   0.0513675665   0.0576186064
48  5  -0.0234437970  -0.0234321371   0.1412446538  -0.1346333662  -0.0065034831
48  6   0.0575586167   0.0496029546   0.0268435444  -0.0525779731   0.0502539865
48  7  -0.0383224936  -0.0367498389   0.0523930656   0.0522981489   0.0491677133
48  8  -0.0519036423   0.0578567314  -0.0475101511  -0.0195081096  -0.0161841132
48  9   0.0212963686   0.0070110799  -0.0024186791   0.0026593112  -0.0024689743
48 10   0.0056781303  -0.0024396860   0.0057177934  -0.0298120637  -0.0296870816
48 11   0.0058236034  -0.0056656645   0.0101889982  -0.0221798845   0.0008310760
48 12   0.0198551714  -0.0077881403  -0.0410050763  -0.0277915925  -0.0317739117
48 13  -0.0035629604   0.0034509117   0.0020877735  -0.0021610086  -0.0082783932
48 14   0.0083851690   0.0039727736   0.0015380606   0.0079510010   0.0088653869
48 15   0.0095685834  -0.0098685370
49  1  -0.1402034860   0.0431639116   0.1155044858  -0.0880070948  -0.0464534696
49  2  -0.0798801062   0.2411074336   0.0306075137  -0.0055061877  -0.0188712305
49  3  -0.0099853630  -0.0016707121  -0.0104148377  -0.0156972845   0.0113190014
49  4   0.0157631497   0.0766157985   0.0613547224  -0.0819219759  -0.0946802144
49  5   0.0025265541   0.0024987585  -0.0169190850   0.0165371446   0.0056500449
49  6   0.0038288874   0.0060459326  -0.0033738446  -0.0076930451   0.0071678505
49  7   0.0030100758   0.0042208091  -0.0028072534  -0.0022965544   0.0311131503
49  8  -0.0325222743   0.0354563631  -0.0288958531   0.0476223738   0.0432419682
49  9  -0.0506613327  -0.0221719633  -0.0227175029   0.0231956641  -0.0196420318
49 10  -0.0381834622  -0.0214706497  -0.0365319998  -0.2130388209  -0.2145456136
49 11   0.0426261453  -0.0416766882  -0.0719363456   0.0975725553  -0.0335710764
49 12  -0.0743774473   0.2176607923  -0.0644433478  -0.1893232109   0.1274458310
49 13  -0.0049675513   0.0046624127   0.0045685363  -0.0044114282   0.0023905625
49 14  -0.0024084665   0.0027452990   0.0041705482  -0.0056269984  -0.0049863651
49 15   0.0021770261  -0.0020772511
50  1  -0.0200472205  -0.0114232266  -0.0062251477   0.0125122785  -0.2039864119
50  2   0.0072824209  -0.0273005198   0.1634056758  -0.0281243644  -0.0570907446
50  3  -0.0287877182  -0.0080290731  -0.0242962797  -0.0357276947   0.0259876581
50  4   0.0356072361  -0.2193042685  -0.2324449499  -0.1046281387  -0.0694902920
50  5   0.0061784061   0.0057281917  -0.0401249830   0.0375610604   0.0136158241
50  6   0.0099224067   0.0133593288  -0.0090093775  -0.0223805681   0.0209739517
50  7   0.0095971050   0.0086129836  -0.0071807918  -0.0078232625  -0.1879417413
50  8   0.1902520500  -0.2098161776   0.1731982639   0.0413650904  -0.0649977817
50  9  -0.0290012217   0.0784007438  -0.0027743530   0.0025190089   0.0008464292
50 10  -0.0063930541   0.0001360210  -0.0060041062  -0.0269712736  -0.0274157094
50 11   0.0051643311  -0.0050677168   0.0425130334   0.0257345302   0.0585350603
50 12  -0.0479536471  -0.0089199887  -0.1042648863  -0.0760136197  -0.0724489595
50 13   0.0317504875  -0.0297286050  -0.0215125541   0.0209094854  -0.0222265014
50 14   0.0220510217  -0.0259488395  -0.0314113144   0.0253381379   0.0190699307
50 15  -0.0155704957   0.0150372318
51  1  -0.0085729329  -0.0779314688  -0.1193579121   0.0743806809   0.1472496070
51  2   0.0370220154   0.0919343534   0.0409195047   0.2226649675  -0.1617874053
51  3   0.1082803698  -0.0125665937   0.0928037014   0.1335399624  -0.0972439619
51  4  -0.1307126693  -0.0498013938  -0.0555047635  -0.0368007360  -0.0285304995
51  5  -0.0222927511  -0.0230429543   0.1484888897  -0.1416873231  -0.0472089533
51  6  -0.0346080054  -0.0509292314   0.0322919471   0.0653177829  -0.0642925822
51  7  -0.0310145025  -0.0327801301   0.0240568318   0.0252285541  -0.0465764150
51  8   0.0469073356  -0.0620874968   0.0516892257   0.0168429605  -0.0130194567
51  9  -0.0137672743   0.0188901353  -0.0036139941   0.0037484465  -0.0023758903
51 10  -0.0059558547  -0.0025194342  -0.0060095028  -0.0322662169  -0.0330901592
51 11   0.0065405866  -0.0063884560   0.0029261069   0.0186356728   0.0118067406
51 12  -0.0218120504   0.0230953646  -0.0360761933  -0.0427469868  -0.0047925352
51 13   0.0080170130  -0.0075140687  -0.0052793772   0.0051566038  -0.0057190240
51 14   0.0057064765  -0.0066822261  -0.0080373126   0.0061936185   0.0045844290
51 15  -0.0039698401   0.0038081158
52  1   0.1403057153   0.1077901821   0.1177119137  -0.0145811924   0.1086892478
52  2  -0.2035627415   0.0217243681   0.1312950833   0.0194800924  -0.0293587303
52  3   0.0106185085  -0.0291284036  -0.0115578131  -0.0159682252   0.0117841348
52  4   0.0159270464  -0.0768723839  -0.0616317044   0.0819978208   0.0952049914
52  5   0.0029332358   0.0029547517   0.0164012043  -0.0156959594  -0.0048762491
52  6  -0.0046196049  -0.0061184917   0.0032327966  -0.0064949738   0.0056393423
52  7   0.0042372842   0.0043336327   0.0070338586   0.0072988887  -0.0274584560
52  8   0.0260036614   0.0355549430  -0.0290235069   0.0477082307   0.0423043776
52  9  -0.0504037795  -0.0211377636  -0.0185421478   0.0193340225   0.0204071156
52 10   0.0403648579   0.0223779328   0.0395929679  -0.2113653203  -0.2138846174
52 11  -0.0417382638   0.0406288419  -0.0699479452   0.0967378325  -0.0307223920
52 12  -0.0749819472  -0.2216824796   0.0629192591   0.1908031933  -0.1307411747
52 13  -0.0024031840   0.0023080073  -0.0033188198   0.0033771150  -0.0044401966
52 14   0.0044384804   0.0036020036   0.0043016063  -0.0036277319  -0.0025494691
52 15  -0.0057804278   0.0059292195
53  1   0.0197574417  -0.0425829536   0.0070722622   0.0594801987  -0.1416676904
53  2  -0.0084673611  -0.0464957868   0.1623695138   0.0699505503  -0.0788164453
53  3   0.0292673910  -0.0766880874  -0.0257334514  -0.0372107027   0.0267815263
53  4   0.0359144107   0.2191955301   0.2322780665   0.1042009065   0.0696598146
53  5   0.0065191179   0.0070625755   0.0387628329  -0.0362314354  -0.0130737002
53  6  -0.0103266607  -0.0133508772   0.0080414098  -0.0201746853   0.0185123575
53  7   0.0098038069   0.0113880307   0.0121837970   0.0116340029   0.1865466203
53  8  -0.1841713745  -0.2113054734   0.1737476255   0.0407998417  -0.0693226016
53  9  -0.0286217250   0.0796502085  -0.0013163314   0.0013843208   0.0004711525
53 10   0.0054255338   0.0001529122   0.0053535475  -0.0250200781  -0.0245733637
53 11  -0.0048987418   0.0047754257   0.0421153234   0.0259023499   0.0582112085
53 12  -0.0482287417   0.0106187525   0.1047134788   0.0751083431   0.0749437835
53 13   0.0135048152  -0.0130731845   0.0151703930  -0.0153601614   0.0292028219
53 14  -0.0294107871  -0.0316635024  -0.0321064107   0.0106748201   0.0015646459
53 15   0.0326728071  -0.0336389005
54  1   0.0099398356   0.0874567230  -0.1704414840  -0.0648083695  -0.0011588653
54  2   0.0214428793   0.0298091222   0.1082840249  -0.1476114818  -0.0802469790
54  3  -0.1054936787   0.2427410878   0.0921155079   0.1343675944  -0.0969924377
54  4  -0.1296991766   0.0516801132   0.0569521707   0.0385877252   0.0294540943
54  5  -0.0233829703  -0.0244959238  -0.1414815335   0.1350632169   0.0457107189
54  6   0.0355912942   0.0494346869  -0.0272664802   0.0556641289  -0.0518805009
54  7  -0.0337787572  -0.0345281632  -0.0526894222  -0.0523540531   0.0452695279
54  8  -0.0473872537  -0.0573426323   0.0467538930   0.0168793443  -0.0135239585
54  9  -0.0148266769   0.0196718099  -0.0028720448   0.0031442448   0.0020924168
54 10   0.0067211530   0.0026738417   0.0064824372  -0.0321592809  -0.0319886676
54 11  -0.0063844172   0.0061947100   0.0032904976   0.0187768695   0.0125566966
54 12  -0.0224017133  -0.0236585147   0.0362577623   0.0435926712   0.0054390610
54 13   0.0035871588  -0.0034705405   0.0039409329  -0.0039973111   0.0078253516
54 14  -0.0078795462  -0.0086303451  -0.0086539340   0.0026231493   0.0001517964
54 15   0.0086410314  -0.0088918633
55  1  -0.2490648914   0.0182140313   0.1145603241  -0.1165945279  -0.1069572916
55  2  -0.0316945817   0.3265787826  -0.0086928876  -0.0151893136  -0.0144689912
55  3  -0.0188473277   0.0096580355  -0.0232502969  -0.0333106483   0.0244908645
55  4   0.0336945578  -0.0281158348   0.0001331476   0.1636743812   0.1693860718
55  5  -0.0319899507  -0.0324946395  -0.0258780078   0.0258407278  -0.0373150325
55  6  -0.0279527372  -0.0403479645   0.0262289141   0.0441851280  -0.0460573850
55  7  -0.0219550197  -0.0211691087   0.0240320291   0.0278020288   0.0370951397
55  8  -0.0407690085   0.0315173292  -0.0224276576   0.3377003151   0.2182807277
55  9  -0.3475752710  -0.0718548347  -0.3015734443   0.3017311489  -0.1749322168
55 10  -0.3405450475  -0.1914409748  -0.3286779517   0.1918820276   0.1853556733
55 11  -0.2853173028   0.2783526760   0.2215832748  -0.3656152599   0.0710096645
55 12   0.3015963821  -0.2629880419   0.1184630504   0.2597885955  -0.1272143959
55 13   0.0605153940  -0.0566620597  -0.0417192973   0.0406099459  -0.0393066907
55 14   0.0390171372  -0.0437651230  -0.0544249560   0.0475277437   0.0370366715
55 15  -0.0263670399   0.0253458881
56  1  -0.0355757268   0.0008483833  -0.0113967074  -0.0057195398  -0.2282118917
56  2   0.0134304207  -0.0197842177   0.1637604824  -0.0663819123  -0.0479118364
56  3  -0.0521179319   0.0194271465  -0.0528674865  -0.0775947725   0.0560658001
56  4   0.0769701522  -0.2311867123  -0.2382247488  -0.0743334358  -0.0368599861
56  5  -0.0737125364  -0.0753984853  -0.0593408226   0.0579103757  -0.0853657049
56  6  -0.0625812137  -0.0924750577   0.0574948824   0.1025489958  -0.1019963028
56  7  -0.0445408798  -0.0483753166   0.0524845891   0.0543463048  -0.2026826367
56  8   0.2054973361  -0.2221575680   0.1858626601   0.0789054815  -0.0495334276
56  9  -0.0664438052   0.0786858773  -0.0367777025   0.0367945208  -0.0183086114
56 10  -0.0427773738  -0.0205530303  -0.0418419756   0.0220804276   0.0202572901
56 11  -0.0345805185   0.0336981765   0.0894821059  -0.0273110013   0.0848502069
56 12  -0.0109651021  -0.0709043402  -0.0923060326  -0.0271062611  -0.1130169902
56 13  -0.3800233001   0.3558233352   0.2524807885  -0.2455662502   0.2560728844
56 14  -0.2543144131   0.2870640771   0.3488244574  -0.2834512515  -0.2142747241
56 15   0.1680855727  -0.1617191417
57  1  -0.0158004864  -0.1424191809  -0.0994434139   0.1286219214   0.2050893784
57  2   0.0430945561   0.1161471628   0.0146717474   0.3683029346  -0.1954198151
57  3   0.1950558230  -0.1143542400   0.1980858257   0.2885464067  -0.2080889221
57  4  -0.2832832610  -0.0636437864  -0.0664515069   0.0006170858   0.0103739665
57  5   0.2725447548   0.2767215105   0.2191661810  -0.2162737325   0.3186146534
57  6   0.2332527630   0.3394286090  -0.2126618070  -0.3973705774   0.3891671536
57  7   0.1682385536   0.1766297234  -0.1953690025  -0.2013525767  -0.0561775965
57  8   0.0548325246  -0.0030841500  -0.0038454572   0.0619373371   0.0154166662
57  9  -0.0599290500   0.0107026048  -0.0451504675   0.0441349676  -0.0247924947
57 10  -0.0527988850  -0.0278816890  -0.0489311742   0.0284926753   0.0291578135
57 11  -0.0432258601   0.0421277003   0.0501113657  -0.0507516715   0.0315642803
57 12   0.0326915547  -0.0497402568  -0.0100321456   0.0235381746  -0.0437698049
57 13  -0.0958798260   0.0898180688   0.0634601294  -0.0618071212   0.0646401751
57 14  -0.0643140405   0.0725338913   0.0881677690  -0.0711347688  -0.0537143265
57 15   0.0424429075  -0.0407543188
58  1   0.2486176111   0.1334908202   0.1176156155   0.0142105791   0.1683772751
58  2  -0.2517061145  -0.0636488812   0.1696529434   0.0291943672  -0.0337013735
58  3   0.0173939105  -0.0407338858  -0.0239109662  -0.0340893068   0.0268336950
58  4   0.0327702097   0.0281667753   0.0001908743  -0.1612089967  -0.1675442855
58  5  -0.0323511559  -0.0316558692   0.0300517948  -0.0290632537   0.0367643390
58  6   0.0231472776   0.0374110294  -0.0205085577   0.0301124024  -0.0293668911
58  7  -0.0189460087  -0.0232137439  -0.0348956661  -0.0344361356  -0.0307753752
58  8   0.0195311626   0.0344563198  -0.0297759984   0.3343595531   0.2128390706
58  9  -0.3425609115  -0.0658849309  -0.2625849066   0.2673755905   0.1782913063
58 10   0.3730957151   0.1947245617   0.3641157897   0.1834410946   0.1834754899
58 11   0.2841269922  -0.2771477276   0.2197267368  -0.3695879477   0.0672210429
58 12   0.3066273734   0.2694013219  -0.1160466731  -0.2635925481   0.1334756640
58 13   0.0269547685  -0.0261204078   0.0303616905  -0.0308702657   0.0555166949
58 14  -0.0556859734  -0.0556493763  -0.0573506998   0.0224939390   0.0066012723
58 15   0.0586191921  -0.0605636363
59  1   0.0347948103  -0.0569591311   0.0123951728   0.0785767815  -0.1166263913
59  2  -0.0145788642  -0.0537455201   0.1615445661   0.1108345007  -0.0878634686
59  3   0.0534856389  -0.1074487936  -0.0563390861  -0.0846985877   0.0613985408
59  4   0.0813164752   0.2301887228   0.2390862736   0.0752459203   0.0389388329
59  5  -0.0804696564  -0.0786999936   0.0736890021  -0.0695999207   0.0875892889
59  6   0.0656106052   0.0944706937  -0.0520205052   0.0753415919  -0.0697192341
59  7  -0.0529415365  -0.0532070170  -0.0990169592  -0.0981441346   0.1985009678
59  8  -0.2018046044  -0.2124990328   0.1735612393   0.0781870970  -0.0531533521
59  9  -0.0675401467   0.0810506370  -0.0311852919   0.0320205958   0.0193365146
59 10   0.0461237166   0.0214849163   0.0448736074   0.0220239676   0.0234278849
59 11   0.0344924962  -0.0336716280   0.0880344124  -0.0272575808   0.0835069765
59 12  -0.0106993163   0.0733508119   0.0938223657   0.0261184770   0.1170355111
59 13  -0.1657762601   0.1600729142  -0.1828027432   0.1842812848  -0.3457124531
59 14   0.3477103149   0.3584325664   0.3641130345  -0.1233050583  -0.0202823778
59 15  -0.3601182364   0.3712666808
60  1   0.0186963942   0.1557604106  -0.1903485147  -0.1187670989  -0.0587714543
60  2   0.0153835695   0.0056847681   0.1343457608  -0.2932858338  -0.0488766443
60  3  -0.1906733188   0.3488354249   0.1983752787   0.2995672235  -0.2162769119
60  4  -0.2877980638   0.0691945415   0.0641610680  -0.0007724309  -0.0147264871
60  5   0.2791365571   0.2742818421  -0.2630506280   0.2506362175  -0.3032785605
60  6  -0.2308444139  -0.3269474360   0.1829779912  -0.2779506813   0.2559794362
60  7   0.1868576845   0.1899658343   0.3370346743   0.3317877441   0.0676524155
60  8  -0.0523501534  -0.0441325663   0.0390134850   0.0599192472   0.0063991926
60  9  -0.0511357647   0.0108093020  -0.0375982007   0.0375579652   0.0269780245
60 10   0.0546254491   0.0267364333   0.0533741645   0.0288365977   0.0291854181
60 11   0.0426306956  -0.0414496412   0.0504699115  -0.0503094355   0.0323375260
60 12   0.0336262446   0.0534249537   0.0116103221  -0.0249354605   0.0472668929
60 13  -0.0444758811   0.0429429311  -0.0489176624   0.0493934207  -0.0929249561
60 14   0.0932754115   0.0965969531   0.0977880307  -0.0328438560  -0.0051169116
60 15  -0.0966831906   0.0994893605
61  1  -0.0890682868   0.0389602070   0.1248832077  -0.0765087430  -0.0113910934
61  2  -0.1025830835   0.2006364603   0.0569282962  -0.0098024690  -0.0204578536
61  3   0.0120758803  -0.0016985139  -0.0080237099   0.0168126663   0.0074170136
61  4  -0.0173846633   0.1972740151   0.1822739909  -0.0643557143  -0.0972154588
61  5   0.0028448169   0.0027482910   0.0181400708  -0.0166369925  -0.0007553576
61  6   0.0076847231   0.0057782508   0.0040204974   0.0107420677  -0.0102841922
61  7   0.0052757612   0.0030978237   0.0046101694   0.0053706302  -0.1522049626
61  8   0.1540724159   0.1728854039  -0.1418502149  -0.0075869179  -0.0757110798
61  9   0.0180575593   0.0691061818   0.0141074388  -0.0146032213  -0.0176562265
61 10   0.0206524045  -0.0162266355   0.0217516011   0.1343775204   0.1350427116
61 11   0.0268815142  -0.0261602369   0.0730717140   0.0061011000   0.0832453112
61 12  -0.0405612840  -0.1619925650  -0.0298496144   0.0799305693  -0.1437513841
61 13  -0.0239628410   0.0224161471  -0.0151567422   0.0146452765   0.0201027188
61 14  -0.0201511908  -0.0016722391  -0.0102636705   0.0296102831   0.0296693762
61 15  -0.0127152862   0.0122335906
62  1   0.1063068348  -0.0185361292   0.0151718190   0.0407835128  -0.1189686281
62  2  -0.0489732600  -0.1276820276   0.2274070288  -0.0389611673  -0.0606322591
62  3   0.0219779591  -0.0063346954  -0.0186165193   0.0391588684   0.0171298416
62  4  -0.0408205807   0.0672250373   0.0399191174  -0.1535652496  -0.1651391783
62  5   0.0060166974   0.0060357468   0.0407550013  -0.0389212244  -0.0023469892
62  6   0.0164696636   0.0138122391   0.0082908811   0.0205382355  -0.0195047434
62  7   0.0108557082   0.0099767215   0.0080267637   0.0081041235  -0.1129260435
62  8   0.1132540159   0.1271837787  -0.1047277087  -0.0656461048  -0.0203240980
62  9   0.0645077266  -0.0060082867  -0.0176304352   0.0177739074   0.0173566239
62 10  -0.0291300720   0.0161263310  -0.0296026135  -0.1677396346  -0.1689852824
62 11  -0.0334615948   0.0326379114   0.0036707814  -0.0814858498  -0.0347011246
62 12   0.0883408294   0.0986165241   0.1620331140   0.0634221356   0.1791792304
62 13  -0.0182574333   0.0170709154  -0.0097509276   0.0094675996   0.0162265896
62 14  -0.0162043416   0.0014442279  -0.0051844183   0.0220538072   0.0228218971
62 15  -0.0099127017   0.0095596181
63  1   0.0284468615   0.0982590665  -0.2047770566   0.0716709744   0.0793933305
63  2   0.0205825615   0.0576979734  -0.0010200938   0.2290476856  -0.1505706596
63  3  -0.0851194769  -0.0139586504   0.0711016252  -0.1457150319  -0.0646468661
63  4   0.1497565925   0.0410160832   0.0325142973  -0.0497826251  -0.0565271829
63  5  -0.0221525632  -0.0241561678  -0.1475150844   0.1416266095   0.0081191726
63  6  -0.0580262986  -0.0512972015  -0.0315759371  -0.0619601358   0.0625582596
63  7  -0.0377373433  -0.0366222972  -0.0233273489  -0.0243821730  -0.0496438117
63  8   0.0495944806   0.0630085273  -0.0523472055  -0.0192692902  -0.0149495869
63  9   0.0200460221   0.0067215323  -0.0032883759   0.0033936764   0.0029035352
63 10  -0.0052597596   0.0024817986  -0.0056117871  -0.0299260025  -0.0305761121
63 11  -0.0060158394   0.0058356833   0.0095711755  -0.0215219363   0.0002894541
63 12   0.0193061254   0.0076371982   0.0406791256   0.0265967571   0.0316529661
63 13  -0.0077818810   0.0072868976  -0.0044221620   0.0042991386   0.0067539851
63 14  -0.0067967855   0.0001849667  -0.0026187160   0.0094600232   0.0097214932
63 15  -0.0042056613   0.0040166934
64  1   0.0512699805   0.0715070306   0.1260772984  -0.0398205158   0.0662366402
64  2  -0.1644163914   0.0909571035   0.1073446332   0.0025918495  -0.0254809466
64  3   0.0220575394  -0.0149680465   0.0181577787  -0.0021077011  -0.0183503210
64  4   0.0026209690   0.0683935789   0.1048790397   0.2259276150   0.2156883535
64  5   0.0031807860   0.0030057376  -0.0176571839   0.0167626125  -0.0063664334
64  6   0.0030460373  -0.0003847260   0.0064645018  -0.0039212790   0.0039992806
64  7  -0.0078278624  -0.0086115323  -0.0055868151  -0.0065952204  -0.1807387624
64  8   0.1810199574  -0.2073475450   0.1710636493  -0.0746967215   0.0213047185
64  9   0.0677416806  -0.0480342752   0.0070763861  -0.0073770437  -0.0162917084
64 10   0.0013879505  -0.0162576487   0.0025986713   0.0763270974   0.0774453989
64 11  -0.0159244595   0.0155517806  -0.0298052081  -0.0459076034  -0.0544513514
64 12   0.0648308555   0.1097600505  -0.0650563718  -0.1209172128   0.0427987643
64 13   0.0223364641  -0.0207425694   0.0345699164  -0.0332881420   0.0081967316
64 14  -0.0083748163   0.0259663580   0.0180726599   0.0205454149   0.0285646632
64 15  -0.0210069498   0.0203634999
65  1   0.1260835070  -0.0345404860   0.0217921759   0.0641690696  -0.0879415650
65  2  -0.0568134473  -0.1372362050   0.2268887616   0.0096553845  -0.0711236108
65  3   0.0506878418  -0.0417379230   0.0443447747  -0.0043988964  -0.0439863621
65  4   0.0051558770   0.0834538731   0.0639499874  -0.1059206598  -0.1200657157
65  5   0.0062113657   0.0062757117  -0.0388699846   0.0374913468  -0.0148362224
65  6   0.0055238300   0.0002245223   0.0159560898  -0.0005340211   0.0004564743
65  7  -0.0206512611  -0.0201443379  -0.0104540407  -0.0095637037   0.0728384449
65  8  -0.0750338042   0.0839134982  -0.0691126610   0.0360958161   0.0549268570
65  9  -0.0416225124  -0.0376854637   0.0176602034  -0.0180294005  -0.0396100321
65 10  -0.0039416230  -0.0394551508  -0.0020850295   0.1932448134   0.1945916673
65 11  -0.0383457591   0.0373967466  -0.0950397461   0.0508781012  -0.0798627302
65 12  -0.0121246878  -0.0058749788  -0.2107323035  -0.1605856674  -0.1391215638
65 13  -0.0087185433   0.0081135219  -0.0137987947   0.0132980755  -0.0046172867
65 14   0.0046912397  -0.0093761506  -0.0056825694  -0.0103140419  -0.0132741254
65 15   0.0077943179  -0.0074708206
66  1   0.0379858688   0.1814088890  -0.2302624878   0.0020479512   0.0052101237
66  2   0.0128025738   0.0266487756   0.0327101876   0.0439532377  -0.1102834726
66  3  -0.1914917615   0.1166710311  -0.1622111312   0.0139349417   0.1592846991
66  4  -0.0184623517   0.0317901912   0.0292813481  -0.0027798523  -0.0075111685
66  5  -0.0236065383  -0.0227204161   0.1448591374  -0.1376152228   0.0536438405
66  6  -0.0222209710   0.0002582387  -0.0582085051   0.0059960152  -0.0063944240
66  7   0.0713444281   0.0707202652   0.0382901590   0.0379071530  -0.0001820183
66  8   0.0013882103  -0.0031136931   0.0035170239   0.0006352444   0.0179824989
66  9  -0.0036708895  -0.0166062777   0.0063389748  -0.0065245408  -0.0128166954
66 10  -0.0015308928  -0.0132184856  -0.0004743252   0.0618742627   0.0637970479
66 11  -0.0123074145   0.0120646345  -0.0294094736   0.0085270305  -0.0282624418
66 12   0.0040721030   0.0116640803  -0.0649737227  -0.0578759937  -0.0328766523
66 13   0.0001465357  -0.0001262585   0.0001496896  -0.0001424920  -0.0003480461
66 14   0.0003133492   0.0003645400   0.0004954579  -0.0004998163  -0.0003567020
66 15  -0.0002628723   0.0002476083
67  1  -0.1584266318   0.0103894497   0.1312641133  -0.0961434777  -0.0445680085
67  2  -0.0720826485   0.2545814334   0.0381479963  -0.0232205612  -0.0173340667
67  3   0.0209538173   0.0097016460  -0.0170126639   0.0371360097   0.0160171748
67  4  -0.0381004247   0.0933527935   0.0575790205  -0.1981298103  -0.2144559475
67  5  -0.0321104155  -0.0328012052   0.0279660305  -0.0260167875   0.0068159717
67  6  -0.0454249878  -0.0407565335  -0.0239544236  -0.0423226448   0.0416170672
67  7  -0.0237653200  -0.0253495133  -0.0208346348  -0.0194587414  -0.1677244068
67  8   0.1713018821   0.1801520611  -0.1475244611   0.1554885152  -0.1795304739
67  9  -0.1207988886   0.2306469440   0.1895416544  -0.1894653242  -0.1425591310
67 10   0.1975353468  -0.1319133641   0.2056171484  -0.1225489986  -0.1179915032
67 11  -0.1808339436   0.1763456880  -0.0349829251  -0.2042926939  -0.1344093554
67 12   0.2418269665   0.0846926368   0.1876392491   0.0928003783   0.1838022144
67 13   0.2891384712  -0.2704034155   0.1687683854  -0.1634533406  -0.2393290137
67 14   0.2397319230   0.0058013615   0.1023216771  -0.3287371933  -0.3332042235
67 15   0.1396423855  -0.1339786858
68  1   0.1889808726  -0.0119846223   0.0266625888   0.0445546257  -0.0769927769
68  2  -0.0866411079  -0.1983536492   0.2776186475  -0.0857547399  -0.0542209254
68  3   0.0388707531   0.0224854260  -0.0417597280   0.0845005077   0.0378689175
68  4  -0.0882987315   0.1953418417   0.1932593834   0.0131126066  -0.0180116533
68  5  -0.0739538936  -0.0750209053   0.0620241414  -0.0583510540   0.0145266104
68  6  -0.1052968287  -0.0933592436  -0.0571723664  -0.0976514435   0.1009788967
68  7  -0.0554174109  -0.0527798790  -0.0512101434  -0.0549892731  -0.1231428130
68  8   0.1221396550   0.1351392852  -0.1152100364  -0.2733978549   0.0985933798
68  9   0.2431799683  -0.1991388582  -0.2346623859   0.2345216282   0.1721894485
68 10  -0.2473053630   0.1592087661  -0.2574676566   0.1489753149   0.1418584066
68 11   0.2230413631  -0.2174290620   0.1580483673   0.1621198655   0.2489767146
68 12  -0.2519854134  -0.2163909659  -0.0932349560   0.0649938481  -0.2252002935
68 13   0.2177923457  -0.2036833761   0.1248534848  -0.1208813272  -0.1815177085
68 14   0.1818062828   0.0004284945   0.0732592346  -0.2469643417  -0.2513789938
68 15   0.1055453610  -0.1012866462
69  1   0.0506228700   0.1716557413  -0.2513924436   0.1237939745   0.0843762271
69  2   0.0138506817   0.0552429576  -0.0599278823   0.3798293131  -0.1752147824
69  3  -0.1519935269  -0.1165839176   0.1529450972  -0.3146181367  -0.1395308601
69  4   0.3246289313   0.0599768293   0.0582011792  -0.0204788020  -0.0325930185
69  5   0.2727058395   0.2754157848  -0.2275708616   0.2156781946  -0.0547270916
69  6   0.3914455188   0.3431343492   0.2078764831   0.3785659940  -0.3791531459
69  7   0.2075647158   0.1977907967   0.1943150550   0.1996594425  -0.0472805595
69  8   0.0467649053   0.0104610766  -0.0014930498  -0.0539797009   0.0084436378
69  9   0.0499414421  -0.0287808227  -0.0410079126   0.0401025299   0.0292147102
69 10  -0.0447530576   0.0274027096  -0.0444979187   0.0269279797   0.0272085428
69 11   0.0395295994  -0.0384625626   0.0384548337   0.0202577998   0.0520763644
69 12  -0.0402333180  -0.0487248087  -0.0040388598   0.0272174526  -0.0394623177
69 13   0.0933301574  -0.0873234694   0.0538166967  -0.0521672837  -0.0774454372
69 14   0.0776969217   0.0008153293   0.0319801402  -0.1057886879  -0.1076911590
69 15   0.0451670654  -0.0432472030
70  1   0.0909750237   0.0686356618   0.1330310331  -0.0307790642   0.0933052682
70  2  -0.1821129203   0.0594187749   0.1275494947  -0.0006674145  -0.0265027193
70  3   0.0384517212  -0.0150824858   0.0399309133  -0.0038437538  -0.0398113340
70  4   0.0051684144  -0.0292541443   0.0110192581   0.2372415052   0.2432307200
70  5  -0.0300843107  -0.0309352552  -0.0284122917   0.0272465576   0.0388495041
70  6  -0.0156455566  -0.0004984919  -0.0436978640   0.0040425277  -0.0043511563
70  7   0.0422499199   0.0422592791   0.0284027379   0.0280589839  -0.1944467561
70  8   0.1937297531  -0.2070812679   0.1728772724  -0.0699860464   0.1430648485
70  9   0.0453742157  -0.1606094651   0.1015166975  -0.1022616779  -0.1469750571
70 10  -0.0120090582  -0.1473611342  -0.0030330345  -0.0707229658  -0.0695936460
70 11   0.1027886266  -0.1003567260   0.1454156883  -0.1101458201   0.1067675632
70 12   0.0551078281   0.0900666312   0.1232606522   0.0388896976   0.1482751698
70 13  -0.2677263607   0.2487241349  -0.4055048647   0.3904627637  -0.0996067878
70 14   0.1020874020  -0.2866165557  -0.1971698307  -0.2361966177  -0.3254866330
70 15   0.2261041543  -0.2182753521
71  1   0.2242807261  -0.0409325080   0.0385107533   0.0864901651  -0.0214380813
71  2  -0.1006178330  -0.2153297858   0.2765753153   0.0015111749  -0.0735604618
71  3   0.0900119552  -0.0418110732   0.0969614354  -0.0083507870  -0.0955935393
71  4   0.0113895736  -0.1576078628  -0.1674356823  -0.0744285037  -0.0485866440
71  5  -0.0741645819  -0.0754764431  -0.0648022575   0.0627747784   0.0945858165
71  6  -0.0400782505   0.0000502096  -0.1046423439   0.0180074533  -0.0196299432
71  7   0.1000982223   0.1025037639   0.0712216700   0.0738980380   0.0850147940
71  8  -0.0903255742   0.0772861970  -0.0586748699   0.0638966117   0.3562763128
71  9  -0.1118033582  -0.3104197465   0.2516309832  -0.2526378984  -0.3633053412
71 10  -0.0366320358  -0.3635614187  -0.0162542108  -0.1697240349  -0.1696384703
71 11   0.2557422843  -0.2497128081   0.3338073212  -0.0719215434   0.3309606116
71 12  -0.0742375068  -0.0830118022   0.2501791062   0.2488411394   0.0960238595
71 13   0.1080246511  -0.1003281151   0.1638705588  -0.1577939683   0.0418684759
71 14  -0.0430503759   0.1144392569   0.0774749875   0.0984619484   0.1342365284
71 15  -0.0905187726   0.0872502474
72  1   0.0687066847   0.3228024268  -0.2967980771   0.0000000000  -0.0475960469
72  2   0.0000000000   0.0000000000   0.0000000000   0.0501610954  -0.1033384980
72  3  -0.3434251836   0.1191557277  -0.3595621049   0.0278824652   0.3505978543
72  4  -0.0382795249  -0.0487957997  -0.0488261143   0.0027294938   0.0130161074
72  5   0.2736549937   0.2772102650   0.2411830665  -0.2316825303  -0.3565369840
72  6   0.1448270791   0.0004867918   0.3849517985  -0.0670683446   0.0675215724
72  7  -0.3935459151  -0.3877215705  -0.2699465625  -0.2659027317  -0.0084361172
72  8  -0.0031178785   0.0145025619  -0.0163905062   0.0113817149   0.1098921386
72  9  -0.0234250220  -0.0976169977   0.0780265591  -0.0764383231  -0.1153701244
72 10  -0.0093100661  -0.1113059504  -0.0055131908  -0.0547317442  -0.0601108498
72 11   0.0808102020  -0.0790383955   0.1067667805  -0.0325446418   0.1018353199
72 12  -0.0134978221  -0.0126456117   0.0825472117   0.0715942298   0.0426273437
72 13  -0.0008208963   0.0008274891  -0.0011079373   0.0012203008   0.0001597387
72 14  -0.0000524526  -0.0009583793  -0.0011753049   0.0002800073  -0.0003118436
72 15   0.0009058580  -0.0007439658
$end
