$dipgrad          cartesian dipole gradients
  -.43376354227390D+00  0.00000000000000D+00  -.17677282305719D-16
  0.00000000000000D+00  -.45756931619465D+00  0.00000000000000D+00
  -.19867475415205D-16  0.00000000000000D+00  -.33214659856627D+00
  0.21688177153695D+00  0.00000000000000D+00  -.77029232235353D-01
  0.00000000000000D+00  0.22878465849734D+00  0.00000000000000D+00
  -.53625477652104D-01  0.00000000000000D+00  0.16607329968317D+00
  0.21688177153695D+00  0.00000000000000D+00  0.77029232235353D-01
  0.00000000000000D+00  0.22878465849734D+00  0.00000000000000D+00
  0.53625477652104D-01  0.00000000000000D+00  0.16607329968317D+00
$end
