$hessian (projected)
 1  1   0.6657794158   0.0000000000   0.0000000000  -0.3328897079   0.0000000000
 1  2  -0.2576234545  -0.3328897079   0.0000000000   0.2576234545
 2  1   0.0000000000   0.0000000000   0.0000000000   0.0000000000   0.0000000000
 2  2   0.0000000000   0.0000000000   0.0000000000   0.0000000000
 3  1   0.0000000000   0.0000000000   0.4468484677  -0.1964174490   0.0000000000
 3  2  -0.2234242339   0.1964174490   0.0000000000  -0.2234242339
 4  1  -0.3328897079   0.0000000000  -0.1964174490   0.3643705244   0.0000000000
 4  2   0.2270204517  -0.0314808165   0.0000000000  -0.0306030028
 5  1   0.0000000000   0.0000000000   0.0000000000   0.0000000000   0.0000000000
 5  2   0.0000000000   0.0000000000   0.0000000000   0.0000000000
 6  1  -0.2576234545   0.0000000000  -0.2234242339   0.2270204517   0.0000000000
 6  2   0.2113995550   0.0306030028   0.0000000000   0.0120246788
 7  1  -0.3328897079   0.0000000000   0.1964174490  -0.0314808165   0.0000000000
 7  2   0.0306030028   0.3643705244   0.0000000000  -0.2270204517
 8  1   0.0000000000   0.0000000000   0.0000000000   0.0000000000   0.0000000000
 8  2   0.0000000000   0.0000000000   0.0000000000   0.0000000000
 9  1   0.2576234545   0.0000000000  -0.2234242339  -0.0306030028   0.0000000000
 9  2   0.0120246788  -0.2270204517   0.0000000000   0.2113995550
$end
