$vibrational normal modes
 1  1  -0.0496653513   0.0000000000   0.0492183166   0.0989927418   0.0000000000
 1  2   0.4229379524  -0.0000000000   0.0000000000   0.0702861750
 2  1   0.0000000000   1.0000000000   0.0000000000   0.0000000000   0.0000000000
 2  2   0.0000000000   0.0000000000   0.0000000000   0.0000000000
 3  1   0.0983103744   0.0000000000   0.2748559490  -0.1278442168   0.0000000000
 3  2   0.0613756994   0.0709056244   0.0495858371  -0.0000000000
 4  1   0.3941664046   0.0000000000  -0.1634927928   0.1979314233   0.0000000000
 4  2   0.3754392785   0.4252191859  -0.5864303497  -0.5578224690
 5  1   0.0000000000   0.0000000000   0.0000000000   0.0000000000   1.0000000000
 5  2   0.0000000000   0.0000000000   0.0000000000   0.0000000000
 6  1  -0.4751895187   0.0000000000   0.5497118980  -0.2556884337   0.0000000000
 6  2   0.1227513989  -0.5627386961  -0.3935353444  -0.4316989923
 7  1   0.3941664046   0.0000000000  -0.1634927928   0.1979314233   0.0000000000
 7  2   0.3754392785  -0.4252191859   0.5864303497  -0.5578224690
 8  1   0.0000000000   0.0000000000   0.7525880728   0.9111125186   0.0000000000
 8  2  -0.7213732060   0.0000000000  -0.0000000000  -0.0000000000
 9  1   0.6718102675   0.0000000000   0.0000000000   0.0000000000   0.0000000000
 9  2   0.0000000000  -0.5627386961  -0.3935353444   0.4316989923
$end
