$coord
   -0.20733907771563      0.35447389908203      0.28029222017988      o
   -0.91529860959836     -1.00275921094799     -0.71166272776704      h
    1.59808246691185      0.09757373637087      0.23083325799945      h
   -1.66750555944904      0.08980619101574      5.54435130317337      o
   -1.27144941323685      0.19909611804961      3.75059244817253      h
   -2.42390740165540      1.69577125058602      5.95019457093895      h
$user-defined bonds
$redundant
     number_of_atoms             6
     degrees_of_freedom         12
     internal_coordinates       12
     frozen_coordinates          0
# definitions of redundant internals
   1 k  1.0000000000000 stre    4    5           val=   1.84021
   2 k  1.0000000000000 stre    5    1           val=   3.63311
   3 k  1.0000000000000 linc    1    4    5    6 val=  -2.38682
   4 k  1.0000000000000 linp    1    4    5    6 val=  -4.03162
   5 k  1.0000000000000 tors    2    1    4    6 val= 177.55916
        1.0000000000000 tors    3    1    4    6
   6 k  1.0000000000000 stre    1    2           val=   1.82408
   7 k  1.0000000000000 stre    1    3           val=   1.82428
   8 k  0.8741784692996 bend    3    2    1      val=  10.66461
       -0.3307904351128 bend    5    2    1
       -0.3555132794297 bend    5    3    1
   9 k  0.4810602889154 bend    3    2    1      val= 108.86221
        0.6898353975179 bend    5    2    1
        0.5410250666651 bend    5    3    1
  10 k  0.0662797272292 bend    3    2    1      val=  11.70220
       -0.6439757855458 bend    5    2    1
        0.7621693941567 bend    5    3    1
  11 k  1.0000000000000 stre    4    6           val=   1.82098
  12 k  1.0000000000000 bend    5    6    4      val= 104.73016
        12 non zero eigenvalues  of BmBt
           1           3.487594047    1    0
         1
           2           3.010436527    2    0
         2
           3           2.819150622    3    0
         3
           4           2.311825803    4    0
         4
           5           1.650682324    5    0
         5
           6           1.392065353    6    0
         6
           7           1.201227874    7    0
         7
           8           0.910097147    8    0
         8
           9           0.757215616    9    0
         9
          10           0.336538311   10    0
        10
          11           0.300020047   11    0
        11
          12           0.201899300   12    0
        12
$end
