$dipgrad          cartesian dipole gradients
  -.40986074082608D+00  0.00000000000000D+00  -.41240309530235D-17
  0.00000000000000D+00  -.38857766434756D+00  0.00000000000000D+00
  -.64735022389502D-17  0.00000000000000D+00  -.32355457459387D+00
  0.20493037041301D+00  0.00000000000000D+00  -.78066418259900D-01
  0.00000000000000D+00  0.19428883217377D+00  0.00000000000000D+00
  -.34866484907213D-01  0.00000000000000D+00  0.16177728729690D+00
  0.20493037041301D+00  0.00000000000000D+00  0.78066418259900D-01
  0.00000000000000D+00  0.19428883217377D+00  0.00000000000000D+00
  0.34866484907213D-01  0.00000000000000D+00  0.16177728729690D+00
$end
