$hessian (projected)
 1  1   0.6404503267   0.0000000000   0.0000000000  -0.3202251633   0.0000000000
 1  2  -0.2494168793  -0.3202251633   0.0000000000   0.2494168793
 2  1   0.0000000000   0.0000000000   0.0000000000   0.0000000000   0.0000000000
 2  2   0.0000000000   0.0000000000   0.0000000000   0.0000000000
 3  1   0.0000000000   0.0000000000   0.4292957536  -0.1906994536   0.0000000000
 3  2  -0.2146478768   0.1906994536   0.0000000000  -0.2146478768
 4  1  -0.3202251633   0.0000000000  -0.1906994536   0.3503818734   0.0000000000
 4  2   0.2200581665  -0.0301567101   0.0000000000  -0.0293587128
 5  1   0.0000000000   0.0000000000   0.0000000000   0.0000000000   0.0000000000
 5  2   0.0000000000   0.0000000000   0.0000000000   0.0000000000
 6  1  -0.2494168793   0.0000000000  -0.2146478768   0.2200581665   0.0000000000
 6  2   0.2044568105   0.0293587128   0.0000000000   0.0101910663
 7  1  -0.3202251633   0.0000000000   0.1906994536  -0.0301567101   0.0000000000
 7  2   0.0293587128   0.3503818734   0.0000000000  -0.2200581665
 8  1   0.0000000000   0.0000000000   0.0000000000   0.0000000000   0.0000000000
 8  2   0.0000000000   0.0000000000   0.0000000000   0.0000000000
 9  1   0.2494168793   0.0000000000  -0.2146478768  -0.0293587128   0.0000000000
 9  2   0.0101910663  -0.2200581665   0.0000000000   0.2044568105
$end
