$vibrational normal modes
 1  1   0.4228653051   0.0495491748  -0.0498776870   0.0000000000   0.0000000000
 1  2   0.0991070753   0.0000000000  -0.0000000000   0.0701176817
 2  1   0.0000000000   0.0000000000   0.0000000000   0.0000000000   1.0000000000
 2  2   0.0000000000   0.0000000000   0.0000000000   0.0000000000
 3  1   0.0616964608   0.2733714737   0.0985392246   0.0000000000   0.0000000000
 3  2  -0.1288342248   0.0708318210   0.0496838829   0.0000000000
 4  1   0.3748111842  -0.1633743167   0.3958515958   0.0000000000   0.0000000000
 4  2   0.1994534377   0.4259993860  -0.5859032650  -0.5564852313
 5  1   0.0000000000   0.0000000000   0.0000000000   1.0000000000   0.0000000000
 5  2   0.0000000000   0.0000000000   0.0000000000   0.0000000000
 6  1   0.1233929217   0.5467429473  -0.4737305143   0.0000000000   0.0000000000
 6  2  -0.2576684496  -0.5621529593  -0.3943134794  -0.4334350502
 7  1   0.3748111842  -0.1633743167   0.3958515958   0.0000000000   0.0000000000
 7  2   0.1994534377  -0.4259993860   0.5859032650  -0.5564852313
 8  1  -0.7219320049   0.7553163122  -0.0000000000   0.0000000000   0.0000000000
 8  2   0.9097379582   0.0000000000  -0.0000000000   0.0000000000
 9  1   0.0000000000   0.0000000000   0.6708089636   0.0000000000   0.0000000000
 9  2   0.0000000000  -0.5621529593  -0.3943134794   0.4334350502
$end
