$dipgrad          cartesian dipole gradients
  -.30547257490081D+00  0.00000000000000D+00  -.70608666483118D-17
  0.00000000000000D+00  -.32059220991914D+00  0.00000000000000D+00
  0.41199682554449D-17  0.00000000000000D+00  -.30213433674834D+00
  0.15273628745039D+00  0.00000000000000D+00  -.59425392498843D-01
  0.00000000000000D+00  0.16029610495956D+00  0.00000000000000D+00
  -.30867826968826D-01  0.00000000000000D+00  0.15106716837416D+00
  0.15273628745039D+00  0.00000000000000D+00  0.59425392498843D-01
  0.00000000000000D+00  0.16029610495956D+00  0.00000000000000D+00
  0.30867826968826D-01  0.00000000000000D+00  0.15106716837416D+00
$end
