$hessian (projected)
 1  1   0.6429770775   0.0000000000   0.0000000000  -0.3214885388   0.0000000000
 1  2  -0.2569471627  -0.3214885388   0.0000000000   0.2569471627
 2  1   0.0000000000   0.0000000000   0.0000000000   0.0000000000   0.0000000000
 2  2   0.0000000000   0.0000000000   0.0000000000   0.0000000000
 3  1   0.0000000000   0.0000000000   0.4548852152  -0.1952659369   0.0000000000
 3  2  -0.2274426076   0.1952659369   0.0000000000  -0.2274426076
 4  1  -0.3214885388   0.0000000000  -0.1952659369   0.3542246372   0.0000000000
 4  2   0.2261065498  -0.0327360985   0.0000000000  -0.0308406129
 5  1   0.0000000000   0.0000000000   0.0000000000   0.0000000000   0.0000000000
 5  2   0.0000000000   0.0000000000   0.0000000000   0.0000000000
 6  1  -0.2569471627   0.0000000000  -0.2274426076   0.2261065498   0.0000000000
 6  2   0.2164027939   0.0308406129   0.0000000000   0.0110398137
 7  1  -0.3214885388   0.0000000000   0.1952659369  -0.0327360985   0.0000000000
 7  2   0.0308406129   0.3542246372   0.0000000000  -0.2261065498
 8  1   0.0000000000   0.0000000000   0.0000000000   0.0000000000   0.0000000000
 8  2   0.0000000000   0.0000000000   0.0000000000   0.0000000000
 9  1   0.2569471627   0.0000000000  -0.2274426076  -0.0308406129   0.0000000000
 9  2   0.0110398137  -0.2261065498   0.0000000000   0.2164027939
$end
