$vibrational normal modes
 1  1   0.0986629145   0.0000000000   0.0495686488   0.4239370602   0.0000000000
 1  2  -0.0507315524  -0.0000000000  -0.0000000000   0.0694301714
 2  1   0.0000000000   1.0000000000   0.0000000000   0.0000000000   0.0000000000
 2  2   0.0000000000   0.0000000000   0.0000000000   0.0000000000
 3  1  -0.1282307370   0.0000000000   0.2729056635   0.0620765433   0.0000000000
 3  2   0.0994841297   0.0701576283   0.0505686065   0.0000000000
 4  1   0.2011503132   0.0000000000  -0.1685490365   0.3743228757   0.0000000000
 4  2   0.4026282529   0.4330244698  -0.5810779576  -0.5510288419
 5  1   0.0000000000   0.0000000000   0.0000000000   0.0000000000   1.0000000000
 5  2   0.0000000000   0.0000000000   0.0000000000   0.0000000000
 6  1  -0.2564614740   0.0000000000   0.5458113270   0.1241530866   0.0000000000
 6  2  -0.4677530400  -0.5568022649  -0.4013350411  -0.4404054280
 7  1   0.2011503132   0.0000000000  -0.1685490365   0.3743228757   0.0000000000
 7  2   0.4026282529  -0.4330244698   0.5810779576  -0.5510288419
 8  1   0.9094652950   0.0000000000   0.7538818792  -0.7216471799   0.0000000000
 8  2  -0.0000000000  -0.0000000000  -0.0000000000  -0.0000000000
 9  1   0.0000000000   0.0000000000   0.0000000000   0.0000000000   0.0000000000
 9  2   0.6667212994  -0.5568022649  -0.4013350411   0.4404054280
$end
