$coord
    1.37835876645429     -4.52897293940375      4.26636690783866  h
    0.33547779081638     -4.49120083055923      2.50358217681304  c
   -2.10988091646736     -3.52468761430068      2.44221030445912  c
   -2.96808004894843     -2.79931318245199      4.15437884631589  h
   -3.44710433177250     -3.47238858460334      0.17852501583978  c
   -5.34501798686409     -2.70511032302109      0.12890926497153  h
   -2.33966661672536     -4.38738512464430     -2.02462884685562  c
   -3.37897466794627     -4.34065831872358     -3.78911221568010  h
    0.10757738661086     -5.35142749387766     -1.96500247720811  c
    0.97388052997480     -6.05567162239400     -3.68243529233104  h
    1.44600868777809     -5.40255911734464      0.29967431820428  c
    3.35316579593724     -6.14788529494015      0.34525785872766  h
    2.47558106409190      6.16901454837252      3.84908981499512  h
    1.83066133579769      5.40921174202740      2.05898017419147  c
    1.84490617754745      2.81131573249527      1.64851088269612  c
    2.49474314600479      1.54053085869787      3.11766217755903  h
    1.01740944249331      1.83419124766151     -0.64828636978948  c
    1.02192606034703     -0.18796197064361     -0.95962324737954  h
    0.17277077195859      3.45960390013084     -2.53485786807524  c
   -0.47542231169369      2.69746501909274     -4.32272617506166  h
    0.15599145692469      6.05850326951385     -2.12743046519520  c
   -0.50282526097017      7.32369938918303     -3.59812930763298  h
    0.98541970657406      7.03394268992578      0.17028692719669  c
    0.97309402207671      9.05774401980713      0.48879759540065  h
$user-defined bonds
$redundant
     number_of_atoms            24
     degrees_of_freedom         66
     internal_coordinates       66
     frozen_coordinates          0
# definitions of redundant internals
   1 k  1.0000000000000 stre   2    1           val=   2.04852
   2 k  0.7071067811866 bend  11    1    2      val=  -0.01919
       -0.7071067811865 bend   3    1    2
   3 k  1.0000000000000 outp   1    3   11    2 val=  -0.17352
   4 k  1.0000000000000 stre   3    4           val=   2.04797
   5 k -0.7071067811860 bend   5    4    3      val=   0.02364
        0.7071067811871 bend   2    4    3
   6 k  1.0000000000000 outp   4    2    5    3 val=   0.40641
   7 k  1.0000000000000 stre   5    6           val=   2.04774
   8 k -0.7071067811865 bend   7    6    5      val=  -0.02293
        0.7071067811866 bend   3    6    5
   9 k  1.0000000000000 outp   6    3    7    5 val=   0.42996
  10 k  1.0000000000000 stre   7    8           val=   2.04835
  11 k -0.7071067811865 bend   9    8    7      val=   0.00532
        0.7071067811866 bend   5    8    7
  12 k  1.0000000000000 outp   8    5    9    7 val=   0.27155
  13 k  1.0000000000000 stre  14   13           val=   2.04883
  14 k -0.7071067811860 bend  15   13   14      val=  -0.05268
        0.7071067811870 bend  23   13   14
  15 k  1.0000000000000 outp  13   23   15   14 val=   0.05062
  16 k  1.0000000000000 stre  15   16           val=   2.04831
  17 k -0.7071067811855 bend  17   16   15      val=   0.22490
        0.7071067811876 bend  14   16   15
  18 k  1.0000000000000 outp  16   14   17   15 val=   0.16426
  19 k  1.0000000000000 stre  19   20           val=   2.04878
  20 k  0.7071067811868 bend  21   20   19      val=   0.09486
       -0.7071067811863 bend  17   20   19
  21 k  1.0000000000000 outp  20   17   21   19 val=   0.08370
  22 k  1.0000000000000 stre  21   22           val=   2.04883
  23 k  0.7071067811867 bend  23   22   21      val=  -0.04963
       -0.7071067811864 bend  19   22   21
  24 k  1.0000000000000 outp  22   19   23   21 val=   0.00784
  25 k  1.0000000000000 stre  23   24           val=   2.04875
  26 k  0.7071067811867 bend  21   24   23      val=  -0.00487
       -0.7071067811864 bend  14   24   23
  27 k  1.0000000000000 outp  24   14   21   23 val=  -0.00201
  28 k  1.0000000000000 stre  17   15           val=   2.62960
  29 k  1.0000000000000 stre  15   14           val=   2.63016
  30 k  1.0000000000000 stre  14   23           val=   2.63085
  31 k  1.0000000000000 stre  23   21           val=   2.63039
  32 k  1.0000000000000 stre  21   19           val=   2.63070
  33 k  1.0000000000000 stre  19   17           val=   2.62955
  34 k -0.2886751345948 bend  17   14   15      val=  -0.06347
       -0.2886751345948 bend  15   23   14
        0.5773502691896 bend  14   21   23
       -0.2886751345948 bend  23   19   21
       -0.2886751345948 bend  21   17   19
        0.5773502691896 bend  19   15   17
  35 k  0.5000000000000 bend  17   14   15      val=  -0.00048
       -0.5000000000000 bend  15   23   14
        0.5000000000000 bend  23   19   21
       -0.5000000000000 bend  21   17   19
  36 k -0.4082482904639 bend  17   14   15      val=  -0.05809
        0.4082482904639 bend  15   23   14
       -0.4082482904639 bend  14   21   23
        0.4082482904639 bend  23   19   21
       -0.4082482904639 bend  21   17   19
        0.4082482904639 bend  19   15   17
  37 k -0.2886751345948 tors  15   14   23   21 val=   0.02252
       -0.2886751345948 tors  14   23   21   19
        0.5773502691896 tors  23   21   19   17
       -0.2886751345948 tors  21   19   17   15
       -0.2886751345948 tors  19   17   15   14
        0.5773502691896 tors  17   15   14   23
  38 k  0.5000000000000 tors  15   14   23   21 val=   0.01914
       -0.5000000000000 tors  14   23   21   19
        0.5000000000000 tors  21   19   17   15
       -0.5000000000000 tors  19   17   15   14
  39 k -0.4082482904639 tors  15   14   23   21 val=   0.02410
        0.4082482904639 tors  14   23   21   19
       -0.4082482904639 tors  23   21   19   17
        0.4082482904639 tors  21   19   17   15
       -0.4082482904639 tors  19   17   15   14
        0.4082482904639 tors  17   15   14   23
  40 k  0.7071067811865 tors  15   17   18   12 val=  65.00532
        0.7071067811865 tors  19   17   18   12
  41 k  0.7071156410528 bend  18   15   17      val=  -0.09759
       -0.7070979212093 bend  18   19   17
  42 k  1.0000000000000 outp  15   18   19   17 val=  -0.30523
  43 k  1.0000000000000 stre   9    7           val=   2.63096
  44 k  1.0000000000000 stre   7    5           val=   2.63012
  45 k  1.0000000000000 stre   5    3           val=   2.62967
  46 k  1.0000000000000 stre   3    2           val=   2.63015
  47 k  1.0000000000000 stre   2   11           val=   2.63079
  48 k -0.2886751345948 bend  11    7    9      val=  -0.00880
       -0.2886751345948 bend   9    5    7
        0.5773502691896 bend   7    3    5
       -0.2886751345948 bend   5    2    3
       -0.2886751345948 bend   3   11    2
        0.5773502691896 bend   2    9   11
  49 k  0.5000000000000 bend  11    7    9      val=  -0.00647
       -0.5000000000000 bend   9    5    7
        0.5000000000000 bend   5    2    3
       -0.5000000000000 bend   3   11    2
  50 k -0.4082482904639 bend  11    7    9      val=  -0.00158
        0.4082482904639 bend   9    5    7
       -0.4082482904639 bend   7    3    5
        0.4082482904639 bend   5    2    3
       -0.4082482904639 bend   3   11    2
        0.4082482904639 bend   2    9   11
  51 k -0.2886751345948 tors   9    7    5    3 val=   0.06181
       -0.2886751345948 tors   7    5    3    2
        0.5773502691896 tors   5    3    2   11
       -0.2886751345948 tors   3    2   11    9
       -0.2886751345948 tors   2   11    9    7
        0.5773502691896 tors  11    9    7    5
  52 k  0.5000000000000 tors   9    7    5    3 val=  -0.07416
       -0.5000000000000 tors   7    5    3    2
        0.5000000000000 tors   3    2   11    9
       -0.5000000000000 tors   2   11    9    7
  53 k -0.4082482904639 tors   9    7    5    3 val=  -0.01275
        0.4082482904639 tors   7    5    3    2
       -0.4082482904639 tors   5    3    2   11
        0.4082482904639 tors   3    2   11    9
       -0.4082482904639 tors   2   11    9    7
        0.4082482904639 tors  11    9    7    5
  54 k  0.5000000000000 tors  12   11    9    2 val=  55.72237
        0.5000000000000 tors  18   11    9    2
        0.5000000000000 tors  10   11    9    7
        0.5000000000000 tors  18   11    9    7
  55 k  1.0000000000000 stre  18   17           val=   2.04599
  56 k  1.0000000000000 bend  12   17   18      val= 150.72377
  57 k -0.5261207206316 outp  17   11    9   18 val=   0.43512
       -0.4711114132451 outp  17   11   10   18
       -0.4740890317318 outp  17   12    9   18
       -0.5258237476796 outp  17   12   10   18
  58 k  1.0000000000000 stre   9   10           val=   2.04842
  59 k  1.0000000000000 stre  10   18           val=   6.46885
  60 k  0.4472135955000 tors  11   18    9   10 val= 250.86467
        0.4472135955000 tors  12   18    9   10
        0.4472135955000 tors  11   18    9   10
  61 k  1.0000000000000 stre  11   12           val=   2.04813
  62 k  1.0000000000000 stre  12   18           val=   6.53132
  63 k  0.4472135955000 tors   9   18   11   12 val= 108.37640
        0.4472135955000 tors  10   18   11   12
        0.4472135955000 tors   9   18   11   12
  64 k  1.0000000000000 stre   9   11           val=   2.63112
  65 k  1.0000000000000 stre  11   18           val=   5.38124
  66 k  1.0000000000000 stre  18    9           val=   5.33931
        66 non zero eigenvalues  of BmBt
           1          12.363347019    1    0
         1
           2          10.178319616    2    0
         2
           3           8.137574424    3    0
         3
           4           6.227512117    4    0
         4
           5           5.150636008    5    0
         5
           6           5.124156207    6    0
         6
           7           4.680080900    7    0
         7
           8           4.584297830    8    0
         8
           9           4.269812544    9    0
         9
          10           4.143150839   10    0
        10
          11           4.083081125   11    0
        11
          12           3.902480804   12    0
        12
          13           3.579769349   13    0
        13
          14           3.541261813   14    0
        14
          15           3.517524246   15    0
        15
          16           3.407681298   16    0
        16
          17           3.310043504   17    0
        17
          18           3.211299953   18    0
        18
          19           3.163448902   19    0
        19
          20           3.076277472   20    0
        20
          21           2.642443219   21    0
        21
          22           2.497370831   22    0
        22
          23           2.205209163   23    0
        23
          24           1.968550730   24    0
        24
          25           1.937114428   25    0
        25
          26           1.905838921   26    0
        26
          27           1.762816934   27    0
        27
          28           1.746083897   28    0
        28
          29           1.672805447   29    0
        29
          30           1.667841582   30    0
        30
          31           1.529436173   31    0
        31
          32           1.468768915   32    0
        32
          33           1.241767361   33    0
        33
          34           1.198048775   34    0
        34
          35           1.006578839   35    0
        35
          36           0.947890034   36    0
        36
          37           0.733240885   37    0
        37
          38           0.620508219   38    0
        38
          39           0.570850139   39    0
        39
          40           0.523713191   40    0
        40
          41           0.483851150   41    0
        41
          42           0.432769873   42    0
        42
          43           0.391360294   43    0
        43
          44           0.378630385   44    0
        44
          45           0.376502400   45    0
        45
          46           0.354581002   46    0
        46
          47           0.343492858   47    0
        47
          48           0.332634325   48    0
        48
          49           0.319778388   49    0
        49
          50           0.297269642   50    0
        50
          51           0.286108279   51    0
        51
          52           0.274914683   52    0
        52
          53           0.265799145   53    0
        53
          54           0.262781220   54    0
        54
          55           0.253342105   55    0
        55
          56           0.201276055   56    0
        56
          57           0.158746657   57    0
        57
          58           0.131325765   58    0
        58
          59           0.130444737   59    0
        59
          60           0.107038039   60    0
        60
          61           0.078693719   61    0
        61
          62           0.042819165   62    0
        62
          63           0.032907043   63    0
        63
          64           0.014400348   64    0
        64
          65           0.009908344   65    0
        65
          66           0.004861365   66    0
        66
$end
