$energy      SCF               SCFKIN            SCFPOT
     1 -464.7270484288      462.3474146722     -927.0744631010
     2 -464.7280954489      462.4798305165     -927.2079259654
     3 -464.7269273707      462.5498696224     -927.2767969931
     4 -464.7277403634      462.5354264877     -927.2631668511
     5 -464.7285042768      462.5133063426     -927.2418106194
     6 -464.7278260502      462.5056054980     -927.2334315483
     7 -464.7282850790      462.5081124899     -927.2363975689
     8 -464.7288172812      462.5113743946     -927.2401916759
     9 -464.7291424445      462.5363787842     -927.2655212287
    10 -464.7292337862      462.5156403207     -927.2448741070
    11 -464.7295409319      462.5225363223     -927.2520772542
    12 -464.7293738293      462.5177714355     -927.2471452649
    13 -464.7295231883      462.5157000288     -927.2452232170
    14 -464.7296624324      462.5210933105     -927.2507557429
    15 -464.7294715478      462.4943853927     -927.2238569405
    16 -464.7295828239      462.5053171815     -927.2349000054
    17 -464.7296960985      462.5127826523     -927.2424787507
    18 -464.7296057201      462.5164480368     -927.2460537569
    19 -464.7296851962      462.5164200842     -927.2461052804
    20 -464.7297381311      462.5118124269     -927.2415505580
    21 -464.7296946337      462.5098816229     -927.2395762565
    22 -464.7297256344      462.5114763102     -927.2412019445
    23 -464.7297611238      462.5146579214     -927.2444190453
    24 -464.7297676162      462.5145244877     -927.2442921038
    25 -464.7296721989      462.5010945651     -927.2307667641
    26 -464.7297301263      462.5123000349     -927.2420301612
    27 -464.7297767040      462.5107127231     -927.2404894271
    28 -464.7296930722      462.5216336255     -927.2513266977
    29 -464.7297412460      462.5172427504     -927.2469839964
    30 -464.7297732490      462.5110972565     -927.2408705055
    31 -464.7297530570      462.5164342094     -927.2461872664
    32 -464.7297690115      462.5145502890     -927.2443193004
    33 -464.7297793962      462.5137268843     -927.2435062804
    34 -464.7297704267      462.5139719730     -927.2437423997
    35 -464.7297761552      462.5133091548     -927.2430853100
    36 -464.7297788812      462.5130134260     -927.2427923072
    37 -464.7297788380      462.5128223206     -927.2426011586
    38 -464.7297807696      462.5135167991     -927.2432975686
    39 -464.7297807251      462.5131963473     -927.2429770724
    40 -464.7297808105      462.5132277340     -927.2430085445
$end
