$hessapprox internal
  0.417912360506D+00  0.100986540802D-02  0.368044231824D+00 -0.446993322366D-04
  0.427902300178D-03  0.964222244933D-01 -0.768488363214D-02  0.904494845212D-03
  0.122646892453D-03  0.417284013238D+00 -0.203494039383D-04 -0.209307879318D-03
  0.606130889222D-03  0.118879825979D-03  0.368554626935D+00 -0.112907818992D-03
  0.443693368151D-03  0.205919576454D-01  0.131432998707D-03  0.243219559970D-03
  0.867679340818D-01 -0.726241747828D-02  0.815527202564D-03 -0.340753635490D-03
 -0.747304478190D-02  0.251368565382D-03  0.784931548727D-03  0.418113467461D+00
 -0.589756285738D-03  0.253337899237D-04 -0.800570708903D-03 -0.533670761455D-03
  0.448563890973D-04 -0.830099079535D-03 -0.422059389526D-03  0.368441279572D+00
  0.442109996616D-02  0.224592836085D-03  0.101605864444D-02  0.493249573901D-02
  0.999244180570D-03 -0.222676607867D-01  0.432315760461D-02 -0.308899533492D-03
  0.906606027403D-01 -0.776783549242D-02  0.675615021146D-03 -0.149946151335D-02
 -0.783343945875D-02  0.386289972570D-03 -0.998770966169D-04 -0.759266684638D-02
 -0.394960829233D-03  0.318330184499D-02  0.417237608488D+00  0.174777543124D-03
  0.281516766018D-03 -0.145710497340D-02  0.266293658109D-03  0.102393545096D-03
 -0.139346965039D-02  0.372046853675D-03 -0.296216985165D-03  0.105071559300D-02
  0.123529034545D-03  0.368153966812D+00 -0.138401720242D-03 -0.917399603955D-04
  0.692027077833D-02 -0.241454983825D-03 -0.475505888396D-03 -0.556458381850D-03
 -0.984222384619D-03  0.357734035474D-03 -0.222309109667D-01 -0.327248425768D-03
 -0.722064520593D-03  0.987390917877D-01 -0.726333287309D-02  0.807995257731D-03
 -0.125597035593D-03 -0.754806481853D-02  0.111415550378D-03  0.440032557926D-04
 -0.707260641796D-02 -0.526521832815D-03  0.450603707198D-02 -0.749229751735D-02
  0.190257274668D-03  0.103646342590D-03  0.418191726787D+00 -0.339087057992D-03
  0.172184639163D-04 -0.379217201757D-04 -0.357626573821D-03 -0.971060836016D-05
 -0.226608699873D-03 -0.319657905625D-03 -0.414172274876D-04  0.583783467092D-03
 -0.356743685093D-03  0.123102925936D-04 -0.436553378288D-03 -0.330203352636D-03
  0.368431875823D+00 -0.653819097523D-03 -0.148589512334D-02  0.128482293898D-02
 -0.114396554609D-02 -0.128674804140D-02  0.215738897079D-02 -0.164474733323D-02
  0.178836133641D-02 -0.287010483902D-02 -0.228716105758D-03  0.841839613109D-03
 -0.935121595425D-03 -0.117696834756D-02 -0.795662129044D-04  0.842400918699D-01
 -0.674583740670D-02  0.755252637217D-03  0.672178890881D-05 -0.700426699692D-02
  0.258701490460D-03  0.744608252183D-03 -0.657925371597D-02 -0.575925845678D-03
  0.378777533611D-02 -0.711240983840D-02  0.187953883855D-03  0.767583505060D-03
 -0.665255817857D-02 -0.294129004365D-03 -0.165757344635D-02  0.418842673500D+00
  0.650547771250D-03  0.421840329754D-04  0.554247104781D-03  0.645742617099D-03
 -0.497170586056D-04  0.469578219416D-03  0.581086842930D-03  0.127920868766D-03
 -0.906157482011D-03  0.746406662294D-03  0.594748967972D-04  0.580787007285D-03
  0.628430380824D-03  0.119023138764D-03 -0.688109463994D-04  0.687722447236D-03
  0.367908783161D+00  0.539352150136D-03  0.197089188528D-02 -0.140323236462D-02
  0.112559951056D-02  0.137864313673D-02 -0.437168064640D-02  0.134287207848D-02
 -0.214515196012D-02  0.185100385988D-02 -0.458243991959D-03 -0.108172273344D-02
  0.346743472062D-03  0.147883780434D-02  0.921977166199D-04 -0.272105918725D-01
  0.206365842808D-02 -0.358485988275D-03  0.852708021842D-01 -0.728214891921D-02
  0.694002938676D-03 -0.135170617558D-02 -0.736973642592D-02  0.354159296183D-03
  0.151434276336D-03 -0.710358676663D-02 -0.411736431490D-03  0.401030162065D-02
 -0.755384617006D-02  0.269402049667D-03 -0.159027618949D-02 -0.701530563049D-02
 -0.335060756692D-03 -0.125925091640D-02 -0.654852088603D-02  0.616709193558D-03
  0.441996356531D-03  0.418345735467D+00  0.845791400199D-03  0.142730030270D-05
  0.203755161779D-04  0.889103600969D-03  0.733133978919D-04  0.254442643418D-03
  0.817074456990D-03  0.455275298378D-04 -0.801835560680D-03  0.792390460977D-03
 -0.359603992246D-04  0.104194272673D-02  0.821536969492D-03  0.635463161193D-04
 -0.285453023905D-03  0.709991159898D-03 -0.891197901233D-04  0.259439827287D-03
  0.785435430829D-03  0.368299399429D+00 -0.395823097308D-03  0.158263492691D-02
  0.236390091475D-02  0.155142558873D-03  0.827274233257D-03  0.104389348725D-02
  0.634440899891D-03 -0.440643870214D-03 -0.431656522756D-02  0.966807558798D-03
 -0.912925342686D-03 -0.352579201421D-02 -0.824288853104D-04 -0.322191552119D-03
  0.370658964887D-02 -0.992051717372D-03  0.648221258390D-03  0.891547930114D-02
  0.969504614898D-03 -0.367639498385D-03  0.818620949141D-01 -0.761852292077D-02
  0.755363486355D-03 -0.113838386638D-02 -0.775367121027D-02  0.282923650200D-03
  0.935018537201D-04 -0.741828930560D-02 -0.450158513159D-03  0.407638592622D-02
 -0.784969412464D-02  0.251382808273D-03 -0.121256237458D-02 -0.737183688200D-02
 -0.343009782301D-03 -0.115879953665D-02 -0.688104972802D-02  0.610397659065D-03
  0.797064770508D-03 -0.733458002937D-02  0.823971908637D-03  0.979816372325D-03
  0.417713148813D+00 -0.652303523842D-03  0.137315188026D-04 -0.294794494307D-03
 -0.641223710515D-03 -0.299095500574D-04 -0.338045288718D-03 -0.598687511915D-03
 -0.635125298727D-04  0.807243982182D-03 -0.655330218745D-03  0.135742869828D-04
 -0.983256857553D-03 -0.628578759694D-03 -0.564277724113D-04 -0.196257937140D-03
 -0.534078430400D-03  0.123841851719D-03 -0.108410840854D-03 -0.611816762278D-03
  0.106549453228D-03 -0.283492056990D-03 -0.634691608482D-03  0.368395258070D+00
  0.724545029305D-03 -0.113574415449D-02 -0.192331585281D-02  0.148292325023D-04
 -0.981662661841D-03 -0.265403732980D-02 -0.690374950279D-03  0.251312283354D-03
  0.291585542708D-02 -0.109243459990D-02  0.587666929970D-03  0.221809867734D-02
  0.824877110036D-03  0.307333426818D-03  0.715920668013D-02  0.176615308692D-02
 -0.972545367190D-03  0.290455943715D-02 -0.144608224862D-02  0.342299657201D-03
 -0.229430378233D-01 -0.981048392729D-03 -0.697983899592D-04  0.788905205570D-01
 -0.731803077201D-02  0.770776440503D-03 -0.701872055112D-03 -0.752250972155D-02
  0.215198679855D-03  0.122235612696D-03 -0.711912373702D-02 -0.491668402695D-03
  0.419451620712D-02 -0.754043435226D-02  0.223065375487D-03 -0.395984544108D-03
 -0.713094458133D-02 -0.331365510979D-03 -0.118070060502D-02 -0.666608089185D-02
  0.618711936065D-03  0.113987034801D-02 -0.703846538853D-02  0.817037831802D-03
  0.487813253069D-03 -0.737721868901D-02 -0.618095390743D-03 -0.130902276506D-03
  0.418229050881D+00 -0.729809967927D-04  0.982287662359D-05  0.225982070257D-03
 -0.889129616762D-04 -0.554837965500D-05 -0.147446905826D-03 -0.812090502152D-04
 -0.209603781653D-04  0.336693948155D-03 -0.107753929779D-03 -0.291361286703D-05
  0.592240464788D-05 -0.760245647425D-04 -0.117066202119D-04 -0.171370604063D-04
 -0.645493195890D-04  0.377123270068D-04  0.241047884108D-03 -0.100106936349D-03
  0.213919297169D-04 -0.107928105103D-03 -0.100523171521D-03 -0.203650750334D-04
  0.334634470556D-03 -0.898593056065D-04  0.368473743609D+00  0.104450380289D-02
 -0.771010411396D-03 -0.121689536724D-02  0.396044278058D-03 -0.114828871446D-02
 -0.129297654657D-02  0.215123282892D-03  0.590719745120D-03  0.151345777923D-02
  0.226615491732D-03  0.758901527510D-03 -0.610823545422D-03  0.919149666964D-03
  0.140902062161D-03  0.291041802849D-01  0.138967371557D-02 -0.728580929153D-03
 -0.561572162176D-02 -0.321291733472D-03  0.508619709278D-04 -0.281894828853D-02
  0.536445900445D-04 -0.301041588473D-03  0.256789906509D-01  0.455355970623D-03
  0.275608467041D-03  0.879621925069D-01  0.176119042183D-02 -0.161359075248D-04
  0.108051360958D-02  0.157986897787D-02 -0.207439005169D-03 -0.311101926363D-03
  0.166243538422D-02  0.315889452026D-04  0.444143430878D-04  0.176108401164D-02
  0.676410188920D-05  0.501348160676D-03  0.159287767869D-02  0.611100819350D-04
  0.458249260528D-03  0.162659586814D-02 -0.181241328543D-03 -0.435647688604D-03
  0.161613592798D-02 -0.358658127204D-04 -0.525650995730D-04  0.161375809771D-02
  0.728043703071D-04  0.174686615115D-03  0.159026757713D-02  0.448214844284D-04
  0.369242567726D-04  0.622006745113D+00  0.212993453738D-02  0.959659499591D-05
  0.105221380121D-02  0.192281813124D-02 -0.229730584292D-03  0.150422290266D-03
  0.215551335681D-02 -0.629508158715D-04 -0.492723895239D-03  0.221948191112D-02
 -0.104181019958D-03  0.174374717421D-02  0.194890125520D-02  0.627262479470D-04
  0.705729334979D-03  0.185035800670D-02 -0.601766502692D-04  0.325046341728D-04
  0.212186986263D-02 -0.124136926943D-03 -0.916869293414D-03  0.209383736126D-02
  0.111667428262D-03  0.173323598115D-02  0.198324075639D-02  0.301411472731D-04
  0.104423628488D-02 -0.273236293846D-03  0.621639324897D+00  0.210037663561D-02
  0.110387324573D-04  0.421146021672D-03  0.203530531998D-02 -0.114165063217D-03
 -0.460938767294D-04  0.215579565394D-02 -0.566511257539D-04 -0.766442401407D-04
  0.214720552842D-02  0.243496704680D-05  0.346915131320D-03  0.200763737500D-02
  0.721142459344D-04 -0.605557679943D-04  0.201558380899D-02 -0.175957214712D-03
  0.121640164460D-03  0.209392508470D-02 -0.126230466322D-03 -0.968929676140D-03
  0.209060107066D-02  0.112641202535D-03  0.100340510508D-02  0.203240309037D-02
  0.326515135417D-04  0.239920532950D-03 -0.266854107331D-03 -0.453305948355D-03
  0.621677844022D+00  0.238242528224D-02 -0.107361818384D-03  0.549176309589D-04
  0.245448795917D-02  0.151739703964D-03  0.552060680054D-03  0.233460594591D-02
  0.488171913885D-04 -0.139825880943D-02  0.226118527004D-02  0.184925349463D-04
 -0.503979864363D-04  0.232937892545D-02  0.952338200280D-04  0.229055102675D-03
  0.216613515503D-02 -0.133156297823D-03 -0.386804892542D-03  0.227696212360D-02
 -0.255265893296D-03 -0.870440086635D-04  0.235394703987D-02  0.189085536199D-03
 -0.149896566801D-03  0.231778429214D-02  0.269229029555D-04  0.802901412204D-04
 -0.213785747597D-03 -0.361033774229D-03 -0.309214973600D-03  0.621738688880D+00
  0.137682559678D-02 -0.146254988653D-03 -0.103055453476D-02  0.156582113705D-02
  0.101589482250D-03 -0.374321376157D-03  0.134006398730D-02  0.129555783839D-03
 -0.483950303682D-03  0.130272554935D-02  0.414234450654D-04 -0.158075001816D-02
  0.143059359933D-02  0.339172775327D-04 -0.275020625989D-04  0.143757354894D-02
 -0.119153138299D-03 -0.955796566181D-03  0.128033286507D-02 -0.109453500223D-03
  0.872063948130D-03  0.136502682161D-02  0.605298248266D-04 -0.193074740222D-02
  0.140235239133D-02 -0.102799231963D-04 -0.127477259027D-02 -0.141946319975D-03
 -0.763791770205D-04 -0.184307526071D-03 -0.294208378811D-03  0.621854158023D+00
  0.192684508226D-02 -0.230601547029D-03 -0.784162250618D-03  0.208465878970D-02
  0.153601424182D-03 -0.275607652218D-03  0.185981878423D-02  0.105785656898D-03
 -0.170849396980D-03  0.181396687414D-02  0.697772395211D-04 -0.154553599157D-02
  0.194955003885D-02  0.179913401248D-04  0.341451377032D-03  0.187158786126D-02
  0.362274220230D-04 -0.962360552927D-03  0.182844195387D-02 -0.744556537070D-04
  0.208461918401D-05  0.189724311708D-02  0.709982142611D-04 -0.684778535774D-03
  0.190016522979D-02 -0.299995890987D-04 -0.313818372123D-03 -0.127917490483D-03
 -0.181135671334D-03 -0.165464474008D-03 -0.316642551201D-03 -0.327437475761D-03
  0.621558000264D+00 -0.278641143862D-03 -0.568734366942D-04 -0.242451009751D-03
 -0.187828277769D-03  0.302107165924D-03  0.174354360216D-02 -0.291243580073D-03
 -0.816654180645D-04 -0.234395137722D-02 -0.387089510951D-03 -0.108056197958D-03
  0.189045015065D-02 -0.282874621300D-03  0.558551992377D-04 -0.150144348322D-04
 -0.591670477460D-03  0.727855827507D-04 -0.651541005840D-04 -0.234726530175D-03
 -0.149390826593D-03 -0.402064477656D-03 -0.228574078098D-03  0.141236721325D-03
  0.289443582187D-03 -0.291808645232D-03  0.186580181620D-04  0.421418155934D-03
  0.120988720619D-03 -0.162347850746D-04  0.143176721754D-03 -0.147422487926D-03
  0.223759293177D-03  0.146797487039D-03  0.433765608983D+00  0.275782602028D-03
 -0.383812692225D-04  0.202410400772D-03  0.315175964929D-03  0.125512118276D-03
  0.484037184813D-03  0.240512571674D-03  0.136203951548D-04 -0.109152891088D-02
  0.153620812778D-03 -0.846622794357D-04  0.178530768819D-02  0.191929434251D-03
  0.695643780315D-04  0.419318907637D-03  0.327169103166D-04 -0.141260259282D-04
  0.141116393882D-03  0.238595038093D-03 -0.150854136522D-03  0.108095738324D-02
  0.241814474050D-03  0.103867228652D-03 -0.519778715159D-03  0.199846262715D-03
  0.360276404902D-04  0.355894882992D-03 -0.633168141978D-05 -0.770406402436D-04
  0.281806234231D-05 -0.178755141639D-03  0.522563063540D-04  0.622253458572D-04
 -0.448664788559D-03  0.434244345498D+00 -0.926262150406D-03 -0.176368857436D-04
 -0.521409706436D-03 -0.881821948175D-03  0.124901040774D-03  0.601730714152D-03
 -0.902034118864D-03 -0.662733557292D-04 -0.675639149269D-03 -0.948061130174D-03
 -0.410398353673D-04  0.622131810105D-03 -0.906310583895D-03 -0.152304036441D-04
 -0.103331615699D-03 -0.999936720548D-03  0.114145913861D-03 -0.995975969465D-04
 -0.856516633842D-03  0.176450697399D-04 -0.425488388754D-03 -0.878291611496D-03
  0.162169956735D-05  0.193893374095D-03 -0.900202942791D-03 -0.661569941091D-05
  0.995650445996D-04  0.130898301577D-03  0.111530000493D-03  0.187426550039D-03
  0.106138632211D-03  0.212839159534D-03  0.180429604284D-03 -0.359373326227D-03
 -0.155650069720D-03  0.434405582518D+00  0.149464728150D-02  0.292186669428D-03
 -0.508156756069D-02  0.181890456660D-02  0.548679751776D-03 -0.582652612047D-02
  0.162713202090D-02 -0.158777394649D-02  0.632232992121D-02 -0.348876607108D-03
 -0.412163941783D-03  0.524357018518D-02  0.228298458561D-02  0.380601851204D-03
 -0.274601284244D-01  0.369132168494D-02 -0.800282571092D-03  0.273344230204D-01
  0.475599629049D-03  0.544382507089D-03 -0.230416333445D-01  0.734979744333D-03
  0.124661066067D-03  0.224057892658D-01  0.149602629917D-02  0.346899591972D-03
 -0.291804386091D-02 -0.377373338837D-03  0.668583635801D-03  0.828619039725D-03
 -0.358481538968D-03 -0.171013852095D-02 -0.736959194654D-03  0.343245614697D-03
 -0.882692601748D-03  0.359583263194D-03  0.613253301482D-01  0.105466495702D-02
  0.512102351114D-03 -0.333751100686D-02  0.118490099375D-02  0.116559395208D-03
 -0.533164038174D-02  0.575819803297D-03 -0.349112553251D-03 -0.393192492635D-02
  0.384192336449D-03 -0.602227239007D-03  0.149140067867D-03  0.166723840654D-02
  0.781567021630D-04  0.172833255366D-01  0.176251778379D-02 -0.718621631299D-03
  0.178965411404D-01 -0.269646949755D-05 -0.452700664349D-04  0.187084128194D-01
  0.632888961309D-03 -0.393334168444D-03  0.161077783178D-01  0.109232048542D-02
  0.359881876089D-03  0.358240528607D-01 -0.120678777160D-03  0.881291043115D-03
  0.426805866021D-04 -0.310314341277D-03 -0.148657451447D-02 -0.104239300677D-02
 -0.210490172100D-03  0.640375806267D-03 -0.262589463048D-03 -0.176113115654D-02
  0.712165928037D-01  0.953117781779D-03  0.266641056804D-02  0.951092593428D-03
  0.140719523803D-02  0.182237861455D-02 -0.113558818573D-02  0.210165582917D-02
 -0.161362472226D-02 -0.464421771314D-02  0.207310986635D-02 -0.150157677111D-02
 -0.232295640277D-02  0.159821906389D-02 -0.180178235671D-03 -0.389605795350D-01
  0.110508320551D-02  0.379388258528D-03  0.383101807341D-01  0.242637328904D-02
 -0.279677156053D-03  0.333233111451D-01  0.242912191481D-02  0.598248932448D-04
 -0.332311746112D-01  0.206217248830D-02 -0.516914960583D-04 -0.382789114744D-01
 -0.401943201075D-03 -0.145294512298D-02 -0.909321921414D-03 -0.374566919675D-03
  0.692329495734D-03 -0.398905090917D-03 -0.317041401494D-03  0.721135351215D-03
 -0.264838697269D-03  0.636820061272D-02 -0.132311085473D-02  0.952364948104D-01
  0.146472150174D-02  0.519798322801D-04  0.473358589952D-02  0.115091696113D-02
 -0.193374437924D-03 -0.150858842909D-02  0.160187297570D-02 -0.721934422423D-04
  0.290806193274D-02  0.170995787424D-02  0.287057195166D-03  0.373979106797D-02
  0.126111693442D-02 -0.456971345613D-04 -0.485699614198D-03  0.118647600277D-02
  0.359892876764D-03  0.107973767813D-02  0.160261216420D-02 -0.140117555721D-04
 -0.243758483752D-02  0.146958924746D-02 -0.206528919525D-04  0.297809516365D-02
  0.132776386668D-02  0.401462213366D-05  0.146626750570D-02 -0.299916845385D-04
 -0.586753336502D-03 -0.282503832070D-03 -0.126957601187D-03  0.114635265178D-03
 -0.171141617621D-03  0.681142911092D-04  0.201863550910D-03  0.421495160268D-04
  0.409151163616D-02  0.108945958567D-02 -0.320390035936D-02  0.877909550131D-01
 -0.281013505744D-02  0.245571761163D-03  0.627906149254D-03 -0.300803785555D-02
 -0.730539161556D-03 -0.447637509414D-02 -0.257089111856D-02 -0.265935828235D-03
  0.952105934845D-02 -0.251353171809D-02  0.399685031484D-03 -0.103950679618D-01
 -0.236867095139D-02 -0.534697630598D-03 -0.369046050163D-02 -0.136877027779D-02
  0.771306947237D-03  0.184060355139D-02 -0.279673113315D-02  0.861290501567D-03
 -0.725156243187D-02 -0.278560020489D-02 -0.815421597510D-03  0.531084742344D-02
 -0.243194523433D-02 -0.212238697464D-03 -0.107250867192D-02  0.562730666045D-03
  0.829508963521D-03  0.422923469627D-03  0.135345346644D-02 -0.270034297489D-03
 -0.266812024749D-03  0.270715337905D-02  0.219431800916D-02  0.795844877906D-03
  0.826269143768D-02 -0.143588819381D-02 -0.312797245390D-02 -0.161479822379D-02
  0.354174256813D+00 -0.144500295085D-02  0.155208035430D-02 -0.248893303309D-02
 -0.553747339554D-03  0.105479275532D-02 -0.526916387288D-02 -0.104314655835D-02
 -0.117485855793D-02 -0.544022088175D-02 -0.139031528819D-02 -0.160521702977D-02
 -0.606601825219D-03 -0.330107330710D-03 -0.249899333663D-03 -0.611698592395D-02
 -0.811827861693D-03  0.183124139653D-03  0.251065007763D-01 -0.124078499411D-02
  0.186691753755D-04  0.243442672743D-01 -0.712338363687D-03 -0.456423022297D-03
 -0.455665921442D-02 -0.485121363169D-03  0.868597504179D-04  0.265241834763D-02
  0.245566096414D-03  0.595815928563D-03 -0.520800742750D-04 -0.253856256697D-03
 -0.461761925771D-03 -0.644651639419D-03 -0.742768547942D-03  0.493747769934D-03
 -0.640406563391D-03  0.149382923172D-02  0.302929700355D-01  0.352343170026D-01
 -0.150016778575D-02 -0.196775891192D-02  0.988273653415D-01  0.100989587183D-02
  0.109775925936D-02 -0.225775244527D-02  0.131809799307D-02  0.799383747148D-03
  0.338568160918D-03  0.621737663216D-03 -0.123453265399D-03 -0.113387654743D-02
 -0.423184021335D-03  0.213930799145D-03  0.100716854661D-02  0.730871512001D-03
  0.270258773520D-03 -0.482546103928D-03  0.557351696102D-03 -0.413978109963D-03
  0.128021594423D-02  0.562821672399D-03 -0.557851633804D-03  0.263113021480D-04
  0.635285154613D-03  0.401409556864D-03  0.182922875517D-03  0.669493464282D-03
  0.610246061337D-04  0.993968017278D-03  0.531063071347D-04  0.259354302420D-03
  0.290131688888D-03 -0.523272172517D-03 -0.312976758241D-03 -0.265587243118D-03
 -0.561415726343D-03 -0.115190553939D-02  0.371791235301D-04  0.819009806238D-03
  0.161086173434D-03  0.748458682666D-03  0.878061476274D-03  0.647396356903D-02
 -0.507081984076D-03  0.611678401022D+00  0.507026806768D-02 -0.482849346921D-03
  0.299166520114D-03  0.495162797848D-02 -0.237254412474D-03  0.158443544008D-02
  0.409556914096D-02  0.160334792632D-03  0.531872496469D-05  0.368704405536D-02
  0.972891502050D-03 -0.180939265888D-02  0.452433840245D-02  0.150613390751D-03
 -0.399289851325D-02  0.441250871371D-02 -0.291835909470D-03  0.424159821872D-02
  0.369836696138D-02 -0.291237891863D-03  0.243730076725D-02  0.402439210888D-02
  0.230661938516D-03 -0.244273008140D-02  0.424874829480D-02  0.567241349430D-04
 -0.178082662371D-02 -0.888235530868D-04  0.275292701650D-03 -0.458958347495D-05
 -0.838376216294D-03 -0.111127603082D-02 -0.122202080791D-02 -0.134707870703D-05
 -0.133681720104D-03  0.209019134223D-03  0.169130913923D-02 -0.386434006799D-03
  0.431091907754D-02  0.211705142058D-03  0.145409279835D-02  0.223365929540D-02
  0.421867112985D-03  0.619532975120D+00  0.636847055861D-03  0.102472965015D-03
 -0.298561315062D-02  0.317417736811D-03 -0.779600696596D-03 -0.206151539465D-02
  0.294446932161D-03 -0.424468087073D-04 -0.264933189076D-02 -0.236660379375D-03
 -0.266660283154D-03  0.101755064146D-02  0.278015255592D-03 -0.128433509842D-03
  0.540736825496D-02  0.140456623029D-03  0.525497036114D-03 -0.742054014446D-02
 -0.222420817894D-03  0.100297645780D-04 -0.331077979195D-02 -0.103159493878D-03
 -0.193222612559D-03  0.212242284090D-02  0.512651032903D-04 -0.538652597097D-04
  0.220619085991D-02  0.563038783794D-03  0.322583192835D-03 -0.111792794733D-03
 -0.287376258858D-03 -0.396150964003D-03 -0.507829698474D-03  0.139502479631D-03
  0.271698043460D-03  0.792015441747D-04 -0.440287530958D-02 -0.259619078801D-02
 -0.690598419312D-02 -0.546970823966D-03 -0.253443381478D-02 -0.561391265733D-02
 -0.268593865413D-03  0.533652478970D-03  0.623476261282D+00  0.113895049873D-02
 -0.544717378738D-03  0.272067497998D-02  0.533144794563D-03 -0.977442256715D-04
  0.215911503250D-02  0.129714531911D-02  0.372570263327D-03 -0.169812065926D-02
  0.210794493666D-02  0.319286100248D-03  0.221795613583D-02  0.105350646024D-02
 -0.224635483121D-04 -0.721387899349D-03  0.968698863088D-03 -0.200715868792D-03
  0.156642481302D-02  0.163186785371D-02  0.808121481892D-04  0.106488081655D-02
  0.149644353430D-02  0.789072300197D-04 -0.297730505338D-03  0.124397341480D-02
 -0.232322105936D-04 -0.885446541781D-03 -0.630054911247D-03 -0.104697567461D-02
 -0.712410885276D-03 -0.175507752665D-03  0.392861732996D-03  0.194871446852D-03
  0.300665699266D-03  0.370175957372D-03  0.197130000049D-03  0.119764394334D-02
  0.154152452011D-02  0.708507937022D-03 -0.802377161583D-03 -0.129743455092D-02
  0.369983353266D-02  0.256363660591D-02 -0.528818555140D-03 -0.347425444185D-04
  0.618129160963D+00 -0.100359041326D-03  0.137067776953D-03  0.157349372093D-02
  0.110946854715D-02  0.859796559405D-03 -0.243152996154D-03  0.210155922588D-02
 -0.236858808112D-03  0.161828634200D-02  0.345615478627D-02 -0.179764950077D-02
  0.114261041104D-02  0.139599692581D-02  0.169876326705D-03  0.117765643256D-02
  0.164210697209D-02 -0.575210450459D-03 -0.702920451469D-03  0.286082400805D-02
 -0.437119132898D-04 -0.162097963047D-02  0.241328765885D-02  0.195562088608D-03
  0.123469502237D-02  0.193051601535D-02  0.476761882744D-04  0.499417398951D-03
 -0.897724384326D-03 -0.164534422516D-02 -0.881862425405D-03  0.494705016774D-03
  0.948292593686D-03  0.135002608781D-02  0.228665523743D-03  0.274296838963D-03
  0.185046666759D-03  0.926188250188D-03  0.105356061856D-02 -0.233498394669D-02
  0.865888739977D-04 -0.540116344647D-03 -0.610742279698D-03  0.551985099256D-02
  0.203470676905D-02 -0.228545106173D-02  0.175557757070D-02  0.612296475551D+00
  0.196476449654D-02  0.148041383107D-03 -0.112493597940D-02  0.909775252969D-04
 -0.110712202652D-02  0.266877315590D-02 -0.185742525995D-02  0.723357824187D-03
 -0.598970081092D-02 -0.345140126251D-02  0.279491090993D-02  0.424445985258D-03
 -0.176926560793D-03  0.583632969720D-04 -0.165403440283D-02 -0.900560083042D-03
  0.120189734423D-03  0.124293768306D-02 -0.280287946255D-02 -0.458335635417D-03
  0.658135747254D-03 -0.205915007986D-02  0.162049400026D-03  0.128249750741D-03
 -0.124288843546D-02  0.405650792358D-04  0.110816734293D-02  0.165348561760D-02
  0.252955766196D-02  0.127627192520D-02 -0.144994167674D-02 -0.175817111846D-02
 -0.231447145281D-02 -0.118011395496D-02 -0.849004182708D-03 -0.421881664319D-03
  0.258599030109D-03 -0.168835702185D-02  0.960423116159D-03  0.154212144292D-02
  0.483100089942D-02  0.901225797092D-04 -0.103348844031D-01 -0.357684066959D-02
  0.492372812648D-02 -0.306710930391D-02  0.130322818462D-01  0.414765987184D+00
  0.287010522025D-02 -0.270642675880D-02 -0.114137792165D-02  0.192854825260D-02
 -0.166454682069D-02 -0.239191676106D-02  0.217231128404D-02  0.438355419641D-03
 -0.833549731007D-03  0.259529789669D-02  0.178137815657D-03 -0.107264161144D-02
  0.208427302351D-02 -0.362096522785D-03  0.172545087728D-02  0.167479747177D-02
  0.687921130386D-03 -0.455088338552D-02  0.137115166212D-02  0.466056755082D-03
  0.215088641206D-03  0.168892158470D-02 -0.565311641815D-03 -0.912300163663D-03
  0.185440998069D-02 -0.136549097802D-03 -0.196697163410D-02  0.163841314086D-03
  0.900305599315D-04 -0.632137885449D-03 -0.500481600227D-03 -0.743316673115D-03
 -0.111401223589D-02  0.262584617279D-03  0.118855468606D-02 -0.111780179470D-03
 -0.385219139270D-02 -0.255041493488D-02 -0.125930154479D-02 -0.151126805665D-02
 -0.733331696560D-02  0.152738760154D-03  0.118747023759D-01 -0.462101173141D-02
  0.133082870991D-02 -0.394098579134D-02 -0.778011767631D-04  0.590118023327D-02
  0.412017822676D+00  0.143492508680D-02  0.149055159222D-02 -0.169726942342D-02
  0.300619023504D-03 -0.396217139229D-03  0.220962381191D-02 -0.133162959260D-02
  0.806709254864D-04 -0.279374433088D-02 -0.324766664647D-02  0.237115027417D-02
 -0.227891194919D-03 -0.238154769882D-03  0.242908961564D-03 -0.268008909977D-02
 -0.600470457640D-03 -0.220053815982D-03  0.358174879106D-02 -0.189002522974D-02
 -0.632027485585D-03  0.397788384948D-03 -0.145047171753D-02  0.416587710857D-03
  0.455455553885D-03 -0.932530420312D-03  0.944254356640D-04  0.164239556646D-02
  0.115719811057D-02  0.186018376680D-02  0.125887017729D-02 -0.963915866036D-03
 -0.111448171779D-02 -0.142659593724D-02 -0.103498517056D-02 -0.139465863904D-02
 -0.239377287246D-03  0.209335528678D-02 -0.685463176835D-03  0.191486762481D-02
  0.143475504117D-02  0.790378818767D-02 -0.503104016558D-03 -0.137108809593D-01
 -0.370537676299D-04  0.343880876455D-02 -0.876323510623D-03  0.964072418742D-02
 -0.168534946983D-01  0.140375408826D-01  0.416933578528D+00  0.140068568082D-03
  0.234528183647D-03  0.281432088893D-01  0.491656102423D-03  0.651411348043D-03
  0.317890343225D-01  0.851067156856D-03 -0.584274342311D-03 -0.309814065226D-02
 -0.919785146596D-04 -0.508651157944D-03 -0.297525526602D-01 -0.310609668788D-04
  0.206579357685D-03  0.183077254683D-02 -0.295345415886D-03 -0.158960704184D-03
 -0.193959255192D-02  0.778672313521D-03 -0.775145357672D-03  0.361752171416D-02
  0.632125095600D-03  0.601157556736D-03 -0.273140856887D-02  0.166677787453D-03
 -0.261336834167D-04 -0.207949759917D-03  0.119602395551D-03 -0.805821554596D-03
 -0.236146418454D-03  0.263572105308D-03  0.692136571354D-03  0.844205858785D-03
 -0.860952616838D-03 -0.108514768713D-02 -0.468950219689D-03 -0.657808941564D-02
 -0.133360151646D-02 -0.640857692184D-04 -0.266961517839D-02  0.628284358656D-02
 -0.100952586757D-02 -0.161725046528D-02  0.843733004829D-03 -0.181953332101D-02
  0.835451486258D-03 -0.608704297667D-03  0.213204834843D-03 -0.432787312240D-03
  0.197371754767D-03  0.659587780906D-01 -0.359542393146D-02 -0.922402479083D-04
 -0.192487245746D-01 -0.361968506243D-02 -0.700397652517D-03  0.156954769091D-01
 -0.331192658467D-02  0.398603249467D-03 -0.326433517818D-01 -0.234641437097D-02
 -0.550252947574D-03  0.171307195256D-01 -0.329895390826D-02 -0.406859015467D-03
  0.207949793274D-02 -0.243773630048D-02  0.350592732230D-03 -0.214776984455D-02
 -0.294932560540D-02  0.635653925242D-03  0.826055651373D-03 -0.303453674863D-02
 -0.559465681974D-03 -0.858188167895D-03 -0.298356772938D-02 -0.318103686431D-03
 -0.382515002089D-03 -0.435473330967D-03  0.562460566875D-03  0.327575770246D-03
  0.101267047048D-02  0.318866045704D-03  0.340576825695D-03  0.229609175531D-02
  0.760106199191D-03  0.951153056462D-03 -0.143056882180D-02  0.277265945612D-02
  0.149268913465D-02 -0.398753954789D-02 -0.803904362267D-02  0.227800245666D-02
  0.823162392780D-03  0.210692568807D-03  0.270102954452D-02  0.166813823884D-02
 -0.965432899813D-03  0.313680264081D-02  0.254458282392D-02  0.551425860644D-03
 -0.738034369093D-02  0.551607313224D-01  0.130333657285D-02 -0.356196826695D-03
 -0.351991877676D-01  0.132339219111D-02  0.188447309693D-03 -0.297957351178D-01
  0.138879205874D-02  0.289204600520D-03  0.304610787601D-01  0.142480785652D-02
  0.175819059411D-02 -0.359091872596D-01  0.127670738307D-02  0.450470073747D-03
 -0.112989900706D-02  0.353330739646D-03 -0.840184487169D-03  0.114969496015D-02
  0.211905088617D-02 -0.835449523416D-03 -0.233885973834D-02  0.199692248748D-02
  0.914251535679D-03  0.233416012671D-02  0.156264320769D-02  0.411706449793D-04
  0.181848005931D-02 -0.630067775038D-03 -0.119951295519D-02 -0.242314095483D-03
 -0.743271683602D-03  0.968092816404D-03  0.764085029466D-03 -0.201089472189D-02
 -0.140713250379D-02 -0.399931687086D-03  0.407723913125D-02  0.158373524847D-02
 -0.270218507459D-02 -0.322889474863D-02  0.845279123427D-02  0.994357339645D-03
  0.954158385892D-03 -0.247448220205D-03  0.191381106315D-03 -0.331221040505D-02
 -0.199680987567D-03 -0.235037506933D-02 -0.629221450573D-04  0.144048610928D-03
 -0.103610120570D-01 -0.116485632596D-01  0.735230719792D-01 -0.171673950940D-02
  0.773767698003D-03  0.711486553610D-02 -0.150742046278D-02  0.377975776645D-03
  0.113811390824D-02 -0.102267781399D-02 -0.797993365890D-04 -0.672016483489D-03
 -0.159606425855D-02 -0.553138039548D-03 -0.642466837247D-02 -0.151459002798D-02
  0.367615437369D-04  0.258220968237D-03 -0.187338196143D-02 -0.662799442608D-03
  0.518616217991D-03 -0.122797687560D-02 -0.422141013317D-03  0.189902261295D-02
 -0.120772382330D-02  0.191819075810D-03 -0.119025362734D-02 -0.130123960109D-02
 -0.238414820820D-03  0.120359338066D-02  0.907147587060D-03  0.894580279192D-04
 -0.232471549085D-03  0.311711577702D-03  0.729329127254D-03  0.122700587868D-02
 -0.373462561514D-03 -0.332355271618D-03 -0.192392683501D-03 -0.214837569728D-02
  0.209090283969D-02  0.204684129768D-02  0.296875607809D-02  0.910211675539D-03
  0.988872827520D-03 -0.361739094450D-02  0.189283173440D-02 -0.108436330555D-02
  0.913588889771D-03 -0.190520670601D-02  0.506459993890D-03  0.491443479667D-02
 -0.128245116270D-02  0.189485368080D-01 -0.102001979175D-01 -0.574060763768D-03
  0.468016080693D-01 -0.916801715463D-02  0.886561273584D-03 -0.798884780044D-03
 -0.935351879869D-02 -0.116982619582D-03 -0.153425363818D-02 -0.894108954616D-02
 -0.432668560086D-03  0.736707202925D-02 -0.929444018672D-02  0.235115633276D-03
 -0.185156217256D-02 -0.879199327983D-02 -0.499881162116D-03 -0.149826234285D-02
 -0.792492914371D-02  0.757460159662D-03  0.114326862039D-02 -0.894838612110D-02
  0.117467872294D-02  0.235455424095D-02 -0.931157380489D-02 -0.101001439777D-02
 -0.202986620511D-02 -0.883571303084D-02 -0.122260527210D-03 -0.100885817736D-02
  0.202492751759D-02  0.280142214931D-02  0.240988521189D-02  0.297193383901D-02
  0.131943414336D-02  0.219613247313D-02  0.458958250491D-03  0.725521370558D-03
 -0.796067605235D-03 -0.222996094394D-03  0.146699767971D-02  0.424333470730D-02
  0.147272551104D-02 -0.621896817612D-02  0.734169476888D-03  0.995241656771D-03
  0.468298474210D-02  0.443742968426D-05  0.250696802456D-02  0.217674616406D-02
  0.104920960342D-03  0.264394085865D-02 -0.354273565991D-03  0.226097635393D-03
 -0.572743969293D-02  0.393348903288D-02 -0.233284515971D-02  0.412982328577D+00
  0.499459981242D-02 -0.655225892737D-04  0.430831480896D-02  0.450300127952D-02
 -0.224372623000D-03 -0.282616720939D-02  0.494847733942D-02 -0.528863564247D-03
  0.584719363272D-02  0.378539165988D-02  0.248370155222D-04  0.110798123079D-01
  0.416428980266D-02 -0.986782637732D-04 -0.867858415982D-02  0.316785075338D-02
  0.199471404989D-02  0.836065785556D-02  0.397031040794D-02 -0.124744014195D-02
 -0.395940189134D-02  0.418053882770D-02  0.256579500623D-03  0.328342596559D-02
  0.420181622557D-02 -0.144476444597D-04 -0.289860456949D-02  0.846959913918D-03
 -0.891330911523D-03 -0.110371985041D-03 -0.126818881462D-02 -0.277215877478D-03
 -0.235899649492D-03 -0.110313898276D-02 -0.906469309945D-03 -0.220491502739D-03
  0.119123041546D-01 -0.350867437532D-03  0.385129399454D-02 -0.882590925481D-02
 -0.882486301855D-04  0.330690927999D-04  0.217593803138D-02  0.194310971884D-02
 -0.257652966109D-02 -0.130050707304D-02 -0.237504892038D-02  0.501005788262D-02
 -0.565173559796D-02  0.631248155756D-02 -0.105046919261D-01 -0.528505412635D-02
 -0.532628580943D-02 -0.534632141041D-02  0.648373228533D-02  0.629307577330D-01
  0.587520743804D-03  0.460202939030D-03  0.784722227715D-02 -0.452002827462D-04
 -0.294814105351D-03  0.187586417566D-02  0.447183934104D-03  0.597360306093D-04
  0.151584034300D-02  0.562822423310D-03  0.669943329783D-03 -0.117785952682D-02
 -0.494193078303D-04  0.403333377210D-04  0.735670084476D-03  0.746925681764D-03
 -0.876835532180D-03 -0.455312212812D-03  0.498003962744D-03  0.360207620101D-03
  0.132182069642D-02  0.170185247597D-03 -0.112825589444D-05 -0.999601866838D-03
  0.366815521252D-04 -0.248578999809D-04 -0.287195488511D-03 -0.281430435960D-03
 -0.264598068012D-03 -0.222888666767D-03  0.543562590325D-03  0.729249950225D-04
  0.230186491463D-03  0.114419893313D-02  0.623205825716D-03  0.374243190456D-03
  0.132944539417D-02  0.197733995558D-02 -0.275734972033D-02 -0.293433009438D-02
 -0.169842841737D-02 -0.888915294907D-03 -0.589341271388D-04 -0.410065026166D-03
  0.191934976663D-02 -0.176180429041D-02  0.155071084926D-02 -0.217208446190D-02
 -0.165969499898D-02 -0.579027449466D-03  0.141737052195D-02 -0.448340806367D-02
 -0.424713065126D-02  0.585346738380D-02 -0.198408506690D-02  0.805109181530D-02
  0.108608241621D-01 -0.713551400770D-02  0.137548485457D-02 -0.670348269898D-02
 -0.852266597755D-02 -0.788794856745D-03 -0.678636320377D-02 -0.736929832902D-02
 -0.816777855771D-03  0.939060700215D-02 -0.918771948970D-02  0.126006668706D-02
 -0.762686694445D-02 -0.770181100387D-02 -0.392010664776D-03 -0.272708012739D-02
 -0.666822584006D-02  0.111147228248D-02  0.235855408660D-02 -0.815265518009D-02
  0.856044287760D-03  0.312964066580D-02 -0.836872782225D-02 -0.863024218206D-03
 -0.325775564801D-02 -0.785811851957D-02 -0.653228060568D-04 -0.189705136628D-03
  0.182673188441D-02  0.264516875433D-02  0.238217809333D-02  0.241176134289D-02
  0.740699983096D-03  0.130982036233D-02  0.911811301699D-03  0.602220256739D-03
 -0.378664464784D-03 -0.486759906645D-03  0.557500457283D-03  0.407326069078D-02
  0.257085991272D-02 -0.633673201298D-02 -0.282067349537D-02  0.161189287295D-02
  0.633335252655D-02 -0.198193689531D-03 -0.928021563543D-03  0.270849576099D-02
  0.171132435463D-02  0.115276856857D-02  0.408340143270D-02  0.120667098817D-02
 -0.815296020099D-02  0.108566362870D-01  0.492379998921D-02 -0.117927299725D-01
  0.536999436554D-02  0.138131694719D-02  0.416474207440D+00  0.143981236334D-02
 -0.802478458148D-03  0.232636620351D-02  0.107050574861D-02  0.639671025948D-04
  0.630822952418D-03  0.688718926407D-03 -0.210431646078D-04 -0.360112501574D-02
  0.384613017564D-03 -0.825752907553D-03  0.680968350296D-02  0.139956108241D-02
 -0.276024957230D-03  0.195614265643D-02  0.199710463100D-02  0.893955530093D-03
 -0.399635631341D-02 -0.105860681550D-03  0.358884072198D-03 -0.105888338578D-02
  0.302227729161D-03 -0.486478089029D-03  0.283357518366D-03  0.979544424708D-03
  0.104241267777D-03 -0.275392176943D-02  0.192878526364D-03  0.966438237250D-03
  0.250889983585D-03 -0.272163263065D-03 -0.149770728939D-02 -0.752139411311D-03
  0.131680250632D-02  0.468930320544D-03  0.427150999763D-03 -0.215686763284D-02
 -0.112789714778D-02 -0.604131484081D-03 -0.188001112738D-02 -0.314760761612D-02
  0.167213704924D-02 -0.119228895546D-02 -0.250275929873D-02 -0.110141598735D-02
  0.114386813399D-02  0.437373348505D-02 -0.435605267164D-02 -0.308688799011D-02
 -0.353915939529D-02 -0.154389389271D-02  0.561081910992D-02 -0.867060113051D-02
 -0.855501931422D-02 -0.553335348478D-03 -0.855414588694D-03 -0.131705633473D-02
 -0.214562714947D-01  0.290996106996D-01 -0.313332688897D-02  0.137777381350D-02
 -0.269144227461D-02 -0.127431564784D-02 -0.367286143548D-03 -0.392530812440D-03
 -0.153427617085D-02 -0.398108294636D-02 -0.354682762931D-02 -0.369083955422D-02
  0.431429052623D-02 -0.130677093887D-02 -0.148352993322D-02  0.119204745770D-03
 -0.204280864288D-02 -0.572280964424D-03 -0.169319465822D-04  0.371682839919D-02
 -0.248955100980D-02 -0.817810189368D-03  0.184373487848D-02 -0.251995742212D-02
  0.430177769373D-03 -0.141712011344D-02 -0.202623705156D-02  0.409326689615D-03
 -0.108501523156D-02  0.508259813946D-03  0.112334947663D-02  0.936808654623D-03
 -0.254114089362D-03 -0.774397915557D-03  0.308043382436D-03  0.442959740246D-03
 -0.115556815056D-02  0.300147808426D-03  0.260907107979D-03  0.136766931747D-02
  0.481925611926D-02 -0.808949900112D-03  0.763762527968D-02  0.253473482881D-02
  0.298184274424D-01  0.400716493042D-02 -0.108405602092D-01 -0.566403387668D-02
 -0.641595142398D-02  0.130463830880D-01 -0.438476019633D-01  0.404346727034D-01
 -0.105223828427D-02  0.131021985462D-03  0.634072209036D-03 -0.166862222305D-02
 -0.318830138538D-02  0.102485307536D-02 -0.429967722200D-02 -0.310759549398D-02
 -0.390793799402D-02  0.116981568242D+00 -0.104223114824D-01  0.559019146004D-04
  0.815802238633D-02 -0.972170931950D-02  0.114332535429D-04  0.221519336117D-02
 -0.948094340629D-02  0.204901740831D-03  0.114606650057D-02 -0.791000257744D-02
 -0.117809566332D-02  0.490207134188D-02 -0.912213392119D-02 -0.579824991185D-03
  0.281223487502D-03 -0.844207848664D-02  0.627604425916D-03 -0.117204898927D-02
 -0.848541257546D-02  0.123820217699D-02  0.319606423511D-03 -0.910328746691D-02
 -0.112294632559D-02  0.472656794666D-03 -0.887536821171D-02 -0.154415956431D-03
 -0.263596380607D-02  0.213506306360D-02  0.205546153253D-02  0.183290768733D-02
  0.339328406062D-02  0.206550097582D-02  0.326450927212D-02  0.255599385842D-03
  0.862474764610D-03 -0.101812832596D-02 -0.794849393933D-03  0.226225130025D-02
  0.183547174960D-02  0.464517213323D-04 -0.681226650039D-02  0.506891379811D-02
  0.136960217835D-02  0.337490449769D-02  0.487229176285D-03  0.440309520022D-02
 -0.911703162941D-03  0.262286970395D-02  0.571775854585D-02 -0.279804836287D-02
  0.144206303873D-02 -0.440072451143D-02 -0.523121457237D-02  0.404891632021D-02
 -0.113356896286D-01  0.152646593057D-02 -0.321628497988D-02 -0.138037547311D-01
  0.140925919990D-01 -0.106627517710D-01  0.414760001743D+00  0.150603312011D-02
  0.468611716944D-03 -0.965907072919D-02  0.140319743212D-02 -0.737865882848D-03
 -0.882134773316D-03  0.191649426911D-02  0.229766163178D-03  0.344883446595D-02
  0.240543540920D-02  0.181199084408D-02 -0.393325030226D-02  0.103049795836D-02
  0.604623737314D-03 -0.278663927806D-02  0.182341944328D-02 -0.189822361032D-02
  0.338446777742D-02  0.239476486320D-02 -0.604282180067D-03  0.620846575306D-03
  0.198789559167D-02  0.768397415699D-03 -0.128952913693D-02  0.144691177842D-02
  0.212247812812D-03 -0.789988090144D-05 -0.832807055700D-03 -0.122298632695D-02
 -0.750846293461D-03  0.375729781703D-03  0.532034075492D-03  0.869828638139D-03
  0.750482930029D-03 -0.118474949554D-03  0.618244840221D-03  0.328767998724D-02
 -0.119943351238D-03 -0.850273386600D-03 -0.488175840095D-03  0.264946921038D-02
 -0.277709609562D-02  0.303309003510D-02  0.600117773100D-03  0.256662986100D-02
 -0.321922052405D-02 -0.336158851412D-02  0.410792810103D-02 -0.215968384551D-02
  0.597232464535D-02 -0.706402641448D-02  0.702250710871D-03  0.104717929340D-01
 -0.648938896645D-02 -0.242354943661D-03  0.160640624131D-02  0.659231001602D-03
  0.160073258116D-01 -0.188761924970D-01  0.820190162917D-02 -0.233436936449D-01
  0.302468872396D-01  0.227734253739D-02  0.203967975532D-02 -0.620179732225D-02
 -0.358888205659D-03 -0.474650556856D-02  0.886637357812D-03 -0.445813872607D-03
 -0.455174598201D-03 -0.213229219948D-02  0.527172974293D-03  0.237719614424D-02
 -0.789479788942D-03  0.161498065726D-02 -0.168199201014D-03  0.148803557894D-02
  0.592778110010D-03  0.147493931996D-02 -0.366737306813D-02 -0.277414695886D-03
 -0.610870380678D-03 -0.487891625535D-03  0.214536597371D-03 -0.178569040108D-03
 -0.110019573984D-02  0.798548226544D-03  0.840269052093D-05  0.109290703780D-02
  0.139814307705D-02  0.210443718064D-02  0.713577945561D-03 -0.148454120733D-02
 -0.120955586288D-02 -0.193508244441D-02 -0.108741753504D-02 -0.103466841951D-02
 -0.204256862900D-03 -0.399549737508D-02 -0.214969191326D-02 -0.358927075483D-03
 -0.187913809638D-03  0.281675994460D-02 -0.193565635163D-02  0.418559619474D-02
  0.417003075321D-02  0.959177733871D-02 -0.342657330887D-02 -0.245773627297D-01
  0.410203178976D-01  0.147565917481D-01  0.343846964708D-01  0.133261241617D-02
  0.371380253025D-02  0.856897332271D-04 -0.859021748815D-03  0.215098560105D-02
 -0.293996587916D-02 -0.160847390001D-03  0.134162658312D-01 -0.773598285975D-02
  0.305002104695D-01  0.255935948106D-03  0.842533263948D-02  0.104035781862D+00
  0.222017279440D-02 -0.113318177208D-02 -0.982670140767D-03  0.195638138663D-02
 -0.649799774329D-03 -0.161074189199D-02  0.158777736990D-02  0.440213603526D-03
 -0.287207861586D-02  0.140204647387D-02  0.185493041616D-03  0.106970859366D-02
  0.179586875576D-02  0.470491738775D-04  0.485257043305D-03  0.154284377635D-02
 -0.194806724450D-03 -0.138352508286D-02  0.101468329427D-02 -0.157861474405D-03
  0.181324223723D-03  0.127625394969D-02 -0.709055771414D-04  0.838025640040D-04
  0.150786301505D-02  0.204527260050D-04 -0.853366826192D-03  0.306174782140D-03
  0.424144360634D-03 -0.286787400772D-03 -0.722600423643D-03 -0.883157850262D-03
 -0.900137676630D-03 -0.161282177162D-04  0.132513263422D-03  0.558779301675D-04
 -0.172885363183D-02 -0.587112839495D-03  0.285843651622D-03  0.420553274211D-03
 -0.763335759795D-03  0.115458717120D-02  0.125354084098D-02 -0.318442797321D-02
  0.538330670665D-03 -0.363452246822D-03  0.334708278029D-02 -0.198098074699D-02
 -0.573709348648D-02  0.768533149015D-04 -0.156230796998D-02  0.193880387201D-02
 -0.400510377650D-03  0.186994683167D-02  0.206173913121D-02 -0.658938998382D-03
 -0.197993672195D-02  0.835150146856D-03 -0.407294750863D-02 -0.821252463569D-02
  0.481053680802D-02  0.692462589483D-03  0.102356937455D-01  0.621136304765D+00
 -0.141700536858D-02 -0.393882788560D-03  0.134135271811D-01 -0.155006905620D-02
  0.672861378506D-04  0.340305391318D-02 -0.181412355123D-02 -0.136957537702D-02
 -0.639342541068D-02 -0.301116549314D-02 -0.214867618243D-02  0.432853493628D-02
 -0.107839271740D-02 -0.877671690170D-03  0.334439816564D-02 -0.206604777291D-02
  0.284513089456D-02 -0.432425627359D-02 -0.286629871236D-02  0.799714285840D-03
 -0.112664482602D-02 -0.228654043264D-02 -0.108315905894D-02  0.234001733711D-02
 -0.161195460515D-02 -0.242831969528D-03 -0.846726051062D-03  0.985797607974D-03
  0.137268508837D-02  0.811042262273D-03 -0.533037682671D-03 -0.726666163923D-03
 -0.116481594716D-02 -0.960589027719D-03  0.342914347447D-04 -0.842785453043D-03
 -0.389751539675D-02  0.514177297701D-03  0.196582473601D-02  0.781695724827D-04
 -0.257746223389D-02  0.482766596905D-02  0.176352765065D-02  0.210656857243D-02
 -0.386620535472D-02  0.206715735605D-02 -0.210863023235D-02  0.859254806685D-02
 -0.448561894178D-02  0.784407164409D-02  0.865672834187D-02 -0.116638644802D-02
 -0.172124983376D-01  0.376707182934D-02  0.805841501740D-03 -0.133087229213D-02
 -0.202219076861D-02 -0.228938744368D-01  0.279716373958D-01  0.186022713587D-01
  0.299734876844D-01 -0.394882158962D-01  0.160097545902D-01 -0.183094065486D-02
  0.696513980786D-01 -0.125333382407D-02  0.750977149074D-03 -0.411936745087D-02
 -0.529702436831D-03  0.691660771322D-03 -0.301994206606D-02 -0.503391781161D-03
  0.119090399657D-02  0.817812432007D-02  0.500697317032D-03  0.123699052344D-02
 -0.823923945192D-02 -0.100168179088D-02  0.594208779263D-03 -0.165381187599D-02
 -0.141101291786D-02 -0.198673722724D-02  0.474991412508D-02  0.904309108459D-03
 -0.595788547545D-03  0.325666194694D-02  0.320096878942D-03  0.831972428721D-03
 -0.226712700411D-02 -0.476018611364D-03 -0.544377053904D-04  0.382534789772D-02
 -0.451836425101D-03 -0.109758320407D-02 -0.301962447340D-03  0.386203961283D-03
  0.158142406048D-02  0.914429162323D-03 -0.100852013332D-02 -0.361304721177D-03
 -0.113999213930D-03  0.858548171671D-03  0.168651864984D-02 -0.118228002383D-03
  0.262347922763D-02  0.310348750530D-02 -0.260055671095D-02 -0.345795456087D-02
 -0.331189717914D-03  0.186926628334D-02  0.119184708303D-03  0.154644638470D-02
 -0.940270709756D-02  0.969710830922D-02 -0.109860003537D-01 -0.266825474315D-03
 -0.592623852577D-02  0.155788615554D-01  0.704037358543D-02  0.701537395537D-03
  0.208474100275D-02  0.159359080766D-02  0.282984164471D-01 -0.386509803611D-01
 -0.230519879366D-01 -0.200349686568D-01  0.268466092872D-01 -0.181814245579D-01
  0.497833144221D-02 -0.559503492908D-01  0.692731790536D-01
$end
