$coord
   -2.72315587044193      1.62926880175414     -1.88143084629965  c
   -2.02824136664180      4.09492335928614     -0.55238457455711  c
   -3.25924564552731      0.17146590911997     -0.52025886979501  h
   -1.13611771924130      0.90114322904353     -2.98441593555563  h
   -4.31320134234962      1.89714631540223     -3.17220849009838  h
   -0.43873591079659      3.82580501800335      0.73801295291609  h
   -3.61550058529562      4.82277127632068      0.55087733316692  h
   -1.49143153523866      5.55262308853101     -1.91374423122702  h
    2.03326169548943     -4.09173703944469      0.54391919710688  c
    2.71815111718097     -1.63245683682059      1.88986920647684  c
    1.51228851137199     -5.56398392378390      1.89575060583480  h
    3.62014801736826     -4.80011524936520     -0.57247154805613  h
    0.43602041320964     -3.82260861776080     -0.73688107935818  h
    4.31498624924600     -1.90066389992949      3.17217123704478  h
    1.13101326103061     -0.92304184531210      3.00487829783053  h
    3.23976071063587     -0.16053958504417      0.53831674457018  h
$user-defined bonds
$redundant
     number_of_atoms            16
     degrees_of_freedom         42
     internal_coordinates       72
     frozen_coordinates          0
# definitions of redundant internals
   1 k  1.0000000000000 stre   1    5           val=   2.06546
   2 k  0.7070961416809 bend   3    5    1      val=   0.00398
       -0.7071174190433 bend   4    5    1
        0.0000458866626 bend   2    5    1
   3 k  0.4115945793387 bend   3    5    1      val=  -1.12026
        0.4115294261347 bend   4    5    1
       -0.8131626120797 bend   2    5    1
   4 k  1.0000000000000 stre   2    7           val=   2.06551
   5 k  1.0000000000000 stre   2    8           val=   2.06552
   6 k -0.0843775866618 bend   8    7    2      val=  -0.92036
        0.5218287449745 bend   6    7    2
        0.5222761961676 bend   6    8    2
       -0.4732810034031 bend   1    7    2
       -0.4730833441603 bend   1    8    2
   7 k -0.0000120879478 bend   8    7    2      val=   0.00310
        0.6003985043818 bend   6    7    2
       -0.5999984534849 bend   6    8    2
        0.3737070955268 bend   1    7    2
       -0.3739872970551 bend   1    8    2
   8 k  0.8919105850289 bend   8    7    2      val=  -0.56901
       -0.1721804820028 bend   6    7    2
       -0.1721358307252 bend   6    8    2
       -0.2694197747819 bend   1    7    2
       -0.2695025615236 bend   1    8    2
   9 k -0.0000395490004 bend   8    7    2      val=   0.00589
       -0.3738456044057 bend   6    7    2
        0.3738488121062 bend   6    8    2
        0.6002552140602 bend   1    7    2
       -0.6001418217244 bend   1    8    2
  10 k  1.0000000000000 stre   9   11           val=   2.06552
  11 k  1.0000000000000 stre   9   12           val=   2.06551
  12 k -0.0834648115721 bend  12   11    9      val=  -0.89148
        0.5218604045582 bend  13   11    9
        0.5221587966255 bend  13   12    9
       -0.4734349800126 bend  10   11    9
       -0.4731858558650 bend  10   12    9
  13 k  0.0000763723330 bend  12   11    9      val=   0.00229
       -0.6001866065688 bend  13   11    9
        0.5999049991051 bend  13   12    9
       -0.3739666582656 bend  10   11    9
        0.3742178002408 bend  10   12    9
  14 k  0.8920580077167 bend  12   11    9      val=  -0.54603
       -0.1725449034554 bend  13   11    9
       -0.1725646769811 bend  13   12    9
       -0.2689131382736 bend  10   11    9
       -0.2690128686185 bend  10   12    9
  15 k -0.0000436289171 bend  12   11    9      val=   0.00180
       -0.3740571144432 bend  13   11    9
        0.3741273863236 bend  13   12    9
        0.6000484232192 bend  10   11    9
       -0.6000432166317 bend  10   12    9
  16 k  1.0000000000000 stre  10   14           val=   2.06546
  17 k  0.7068325637099 bend  16   14   10      val=   0.02726
       -0.7073803592455 bend  15   14   10
        0.0008684658764 bend   9   14   10
  18 k  0.4123513661969 bend  16   14   10      val=  -1.09420
        0.4110338672127 bend  15   14   10
       -0.8130298338928 bend   9   14   10
  19 k  1.0000000000000 stre   1    3           val=   2.06528
  20 k  1.0000000000000 stre   1    4           val=   2.06529
  21 k  1.0000000000000 stre   1    2           val=   2.88595
  22 k  1.0000000000000 stre   2    6           val=   2.06496
  23 k  1.0000000000000 stre   9   13           val=   2.06496
  24 k  1.0000000000000 stre   9   10           val=   2.88595
  25 k  1.0000000000000 stre  10   16           val=   2.06526
  26 k  1.0000000000000 stre  10   15           val=   2.06531
  27 k  0.8572288107088 bend   4    3    1      val=   7.09553
       -0.3641239825253 bend   2    3    1
       -0.3641050555001 bend   2    4    1
  28 k  0.0000615229829 bend   4    3    1      val=   0.02122
       -0.7070159746988 bend   2    3    1
        0.7071975733383 bend   2    4    1
  29 k  0.5149356875433 bend   4    3    1      val= 110.15063
        0.6062525355581 bend   2    3    1
        0.6060520611496 bend   2    4    1
  30 k  1.0000000000000 bend   1    6    2      val= 111.20984
  31 k  1.0000000000000 bend  10   13    9      val= 111.20937
  32 k  0.8570271713210 bend  15   16   10      val=   7.04695
       -0.3644859002250 bend   9   16   10
       -0.3642175945155 bend   9   15   10
  33 k  0.0000654757194 bend  15   16   10      val=   0.05985
       -0.7067693394350 bend   9   16   10
        0.7074440589527 bend   9   15   10
  34 k  0.5152712133725 bend  15   16   10      val= 110.15010
        0.6063226281211 bend   9   16   10
        0.6056966627759 bend   9   15   10
  35 k  0.7071067811865 tors   6    2    1    3 val=  -0.01096
        0.7071067811865 tors   6    2    1    4
  36 k  0.7071067811865 tors  15   10    9   13 val=  -0.03481
        0.7071067811865 tors  16   10    9   13
  37 k  1.0000000000000 stre   3   13           val=   5.44560
  38 k  1.0000000000000 stre   3   15           val=   5.73576
  39 k  1.0000000000000 stre   4   13           val=   5.46231
  40 k  1.0000000000000 stre   4   16           val=   5.71709
  41 k  1.0000000000000 stre   6   15           val=   5.49130
  42 k  1.0000000000000 stre   6   16           val=   5.42791
  43 k  0.7034650738880 bend  13    1    3      val= 104.94624
        0.7023194704459 bend  15    1    3
        0.1090149129816 bend  15   13    3
  44 k -0.7100023631229 bend  13    1    3      val=   2.27186
        0.7013672516674 bend  15    1    3
        0.0630921758104 bend  15   13    3
  45 k -0.0321486264042 bend  13    1    3      val=  29.06752
       -0.1217839879508 bend  15    1    3
        0.9920358492006 bend  15   13    3
  46 k  0.7050530695823 bend  13    1    4      val= 104.12832
        0.7002820399367 bend  16    1    4
        0.1118268018619 bend  16   13    4
  47 k -0.7078935520024 bend  13    1    4      val=   2.07404
        0.7043935389764 bend  16    1    4
        0.0521196822863 bend  16   13    4
  48 k -0.0422715992836 bend  13    1    4      val=  28.72627
       -0.1159086139607 bend  16    1    4
        0.9923599675036 bend  16   13    4
  49 k  0.7028680097568 bend  15    2    6      val= 123.25732
        0.7095874339214 bend  16    2    6
        0.0496209077036 bend  16   15    6
  50 k  0.7100600193661 bend  15    2    6      val=   0.66195
       -0.7040641814547 bend  16    2    6
        0.0104114019386 bend  16   15    6
  51 k -0.0423241037505 bend  15    2    6      val=  24.90939
       -0.0279159813257 bend  16    2    6
        0.9987138570323 bend  16   15    6
  52 k  0.7070801388469 bend   3    9   13      val= 123.30562
        0.7053952294400 bend   4    9   13
        0.0495504544028 bend   4    3   13
  53 k  0.7060685496456 bend   3    9   13      val=   0.13487
       -0.7081240123899 bend   4    9   13
        0.0052522641030 bend   4    3   13
  54 k -0.0387927886295 bend   3    9   13      val=  24.96941
       -0.0312722458432 bend   4    9   13
        0.9987578115791 bend   4    3   13
  55 k  0.7042000957284 bend   3   10   15      val= 103.71180
        0.7012136982048 bend   6   10   15
        0.1113623573121 bend   6    3   15
  56 k  0.7002518923276 bend   3   10   15      val=   1.82349
       -0.7118375102457 bend   6   10   15
        0.0541723757903 bend   6    3   15
  57 k -0.1172583151326 bend   3   10   15      val=  28.69571
       -0.0398335092245 bend   6   10   15
        0.9923022619520 bend   6    3   15
  58 k  0.6983201688614 bend   4   10   16      val= 105.36858
        0.7075071314080 bend   6   10   16
        0.1085476889124 bend   6    4   16
  59 k  0.7069929782490 bend   4   10   16      val=   2.25966
       -0.7054612737361 bend   6   10   16
        0.0498529835144 bend   6    4   16
  60 k -0.1118475322396 bend   4   10   16      val=  29.23826
       -0.0419291100002 bend   6   10   16
        0.9928404097671 bend   6    4   16
  61 k  0.5000000000000 tors  13    3    1    2 val=  63.37459
        0.5000000000000 tors  13    3    1    4
        0.5000000000000 tors  15    3    1    2
        0.5000000000000 tors  15    3    1    4
  62 k  0.5000000000000 tors  13    4    1    2 val=  26.77869
        0.5000000000000 tors  13    4    1    3
        0.5000000000000 tors  16    4    1    2
        0.5000000000000 tors  16    4    1    3
  63 k  0.7071067811865 tors  15    6    2    1 val=  -0.50000
        0.7071067811865 tors  16    6    2    1
  64 k  0.5000000000000 tors   4   13    3    1 val=  86.36546
        0.5000000000000 tors   4   13    3   15
        0.5000000000000 tors   9   13    3    1
        0.5000000000000 tors   9   13    3   15
  65 k  0.5000000000000 tors   6   15    3    1 val=  35.75033
        0.5000000000000 tors   6   15    3   13
        0.5000000000000 tors  10   15    3    1
        0.5000000000000 tors  10   15    3   13
  66 k  0.5000000000000 tors   3   13    4    1 val=  92.61322
        0.5000000000000 tors   3   13    4   16
        0.5000000000000 tors   9   13    4    1
        0.5000000000000 tors   9   13    4   16
  67 k  0.5000000000000 tors   6   16    4    1 val=  54.64455
        0.5000000000000 tors   6   16    4   13
        0.5000000000000 tors  10   16    4    1
        0.5000000000000 tors  10   16    4   13
  68 k  0.5000000000000 tors   3   15    6    2 val=  87.07049
        0.5000000000000 tors   3   15    6   16
        0.5000000000000 tors  10   15    6    2
        0.5000000000000 tors  10   15    6   16
  69 k  0.5000000000000 tors   4   16    6    2 val=  93.42025
        0.5000000000000 tors   4   16    6   15
        0.5000000000000 tors  10   16    6    2
        0.5000000000000 tors  10   16    6   15
  70 k  0.7071067811865 tors   3   13    9   10 val=   1.10924
        0.7071067811865 tors   4   13    9   10
  71 k  0.5000000000000 tors   4   16   10    9 val=  26.27446
        0.5000000000000 tors   4   16   10   15
        0.5000000000000 tors   6   16   10    9
        0.5000000000000 tors   6   16   10   15
  72 k  0.5000000000000 tors   3   15   10    9 val=  63.05073
        0.5000000000000 tors   3   15   10   16
        0.5000000000000 tors   6   15   10    9
        0.5000000000000 tors   6   15   10   16
        42 non zero eigenvalues  of BmBt
           1           3.098319848    1    0
         1
           2           3.097987826    2    0
         2
           3           2.141961616    3    0
         3
           4           2.141837315    4    0
         4
           5           2.010298593    5    0
         5
           6           2.010001157    6    0
         6
           7           1.598513550    7    0
         7
           8           1.598224425    8    0
         8
           9           1.279603108    9    0
         9
          10           1.279129039   10    0
        10
          11           0.934421032   11    0
        11
          12           0.934274074   12    0
        12
          13           0.725055044   13    0
        13
          14           0.724920581   14    0
        14
          15           0.681258864   15    0
        15
          16           0.681106722   16    0
        16
          17           0.388367452   17    0
        17
          18           0.388316867   18    0
        18
          19           1.525979918   19    0
        19
          20           1.525873894   20    0
        20
          21           1.494565545   21    0
        21
          22           1.494239666   22    0
        22
          23           1.264456512   23    0
        23
          24           1.264375220   24    0
        24
          25           0.602494621   25    0
        25
          26           0.602367189   26    0
        26
          27           0.695196279   27    0
        27
          28           0.695109364   28    0
        28
          29           0.569225891   29    0
        29
          30           0.569170362   30    0
        30
          31           0.349458045   31    0
        31
          32           0.349425923   32    0
        32
          33           0.186715928   33    0
        33
          34           0.186662715   34    0
        34
          35           0.342391363   35    0
        35
          36           0.342366104   36    0
        36
          37           1.593724158    0    0
         0.000000000         0.000000000         0.000000000         0.000000000
         0.000000000         0.000000000         0.000000000         0.000000000
         0.000000000         0.000000000         0.000000000         0.000000000
         0.000000000         0.000000000         0.000000000         0.000000000
         0.000000000         0.000000000         0.000000000         0.000000000
         0.000000000         0.000000000         0.000000000         0.000000000
         0.000000000         0.000000000         0.000000000         0.000000000
         0.000000000         0.000000000         0.000000000         0.000000000
         0.000000000         0.000000000         0.000000000         0.000000000
        -0.306347858         0.088654015         0.322947121         0.085068846
         0.332059993        -0.297447364         0.222215376        -0.021897574
        -0.006865625        -0.231833603         0.013510875        -0.013289691
         0.024758168        -0.065025578        -0.007215806         0.022093082
         0.067471136        -0.002766974        -0.231848545         0.011656116
        -0.013876436         0.223195144        -0.023551089        -0.006954333
         0.126213906         0.073482104        -0.288928605        -0.204481204
        -0.008498799        -0.190394372         0.013677105         0.183546595
         0.206194014         0.294377847        -0.137181267        -0.068938983
          38           1.478369562    0    0
         0.000000000         0.000000000         0.000000000         0.000000000
         0.000000000         0.000000000         0.000000000         0.000000000
         0.000000000         0.000000000         0.000000000         0.000000000
         0.000000000         0.000000000         0.000000000         0.000000000
         0.000000000         0.000000000         0.000000000         0.000000000
         0.000000000         0.000000000         0.000000000         0.000000000
         0.000000000         0.000000000         0.000000000         0.000000000
         0.000000000         0.000000000         0.000000000         0.000000000
         0.000000000         0.000000000         0.000000000         0.000000000
         0.028317129         0.562862591        -0.064352842         0.562793150
        -0.062245917         0.029633579        -0.078492926        -0.027677868
        -0.058281456        -0.009368147        -0.029982271        -0.057519676
         0.199896704         0.008713968        -0.006999269         0.201514878
        -0.008005140        -0.007221843        -0.010094345        -0.029112173
        -0.054771042        -0.079362224        -0.026588462        -0.059248600
         0.216760416        -0.246728419         0.043579820        -0.019743479
        -0.094115197         0.073299588         0.094927934        -0.075597153
         0.017646237        -0.037257049        -0.216898839         0.242922149
          39           1.170828439    0    0
         0.000000000         0.000000000         0.000000000         0.000000000
         0.000000000         0.000000000         0.000000000         0.000000000
         0.000000000         0.000000000         0.000000000         0.000000000
         0.000000000         0.000000000         0.000000000         0.000000000
         0.000000000         0.000000000         0.000000000         0.000000000
         0.000000000         0.000000000         0.000000000         0.000000000
         0.000000000         0.000000000         0.000000000         0.000000000
         0.000000000         0.000000000         0.000000000         0.000000000
         0.000000000         0.000000000         0.000000000         0.000000000
         0.470222697         0.189420193         0.417680028         0.104886475
         0.467217109         0.459157798         0.032985297         0.006062235
        -0.067104639         0.073382579         0.006188342        -0.058051629
        -0.044857512         0.013092814        -0.066893242        -0.040693701
         0.007293505        -0.065148390         0.046076541         0.001859405
        -0.067750620         0.058123580         0.006570516        -0.059759728
        -0.142042643         0.115474261         0.032144894        -0.031069728
         0.122431240         0.015192506        -0.081925830        -0.050261911
         0.007304676         0.011803210         0.111144261        -0.123206020
          40           1.059567069    0    0
         0.000000000         0.000000000         0.000000000         0.000000000
         0.000000000         0.000000000         0.000000000         0.000000000
         0.000000000         0.000000000         0.000000000         0.000000000
         0.000000000         0.000000000         0.000000000         0.000000000
         0.000000000         0.000000000         0.000000000         0.000000000
         0.000000000         0.000000000         0.000000000         0.000000000
         0.000000000         0.000000000         0.000000000         0.000000000
         0.000000000         0.000000000         0.000000000         0.000000000
         0.000000000         0.000000000         0.000000000         0.000000000
        -0.285260117        -0.391910114        -0.003969576         0.414499753
         0.068262785         0.354671581         0.135225652         0.034703464
         0.053792408        -0.105291502         0.017782342        -0.037235280
        -0.039731520        -0.114023881        -0.026448617         0.038983729
        -0.114762972         0.020510741         0.114323695        -0.015554649
         0.025848528        -0.128078791        -0.030214406        -0.064962498
        -0.008081926         0.199922096        -0.224208278         0.207001252
        -0.195962646         0.090758329        -0.213606815         0.086997600
         0.210152152        -0.224808408         0.007912265         0.184178347
          41           1.050139690    0    0
         0.000000000         0.000000000         0.000000000         0.000000000
         0.000000000         0.000000000         0.000000000         0.000000000
         0.000000000         0.000000000         0.000000000         0.000000000
         0.000000000         0.000000000         0.000000000         0.000000000
         0.000000000         0.000000000         0.000000000         0.000000000
         0.000000000         0.000000000         0.000000000         0.000000000
         0.000000000         0.000000000         0.000000000         0.000000000
         0.000000000         0.000000000         0.000000000         0.000000000
         0.000000000         0.000000000         0.000000000         0.000000000
        -0.324721640         0.176089785        -0.472198361        -0.197750895
         0.408512200         0.277073463        -0.042512257         0.049205727
         0.009012916         0.078414155         0.052834041         0.053569375
        -0.075033666         0.052235662        -0.048685681         0.076307711
         0.054421308         0.056197177        -0.079152077        -0.052094727
        -0.044072667         0.027810517        -0.051029680        -0.001597424
        -0.248313495         0.151440192         0.111246093         0.056472404
         0.093369780        -0.194863419         0.106548996        -0.194556661
         0.048987621         0.105676982        -0.260348842         0.165302648
          42           0.399512785    0    0
         0.000000000         0.000000000         0.000000000         0.000000000
         0.000000000         0.000000000         0.000000000         0.000000000
         0.000000000         0.000000000         0.000000000         0.000000000
         0.000000000         0.000000000         0.000000000         0.000000000
         0.000000000         0.000000000         0.000000000         0.000000000
         0.000000000         0.000000000         0.000000000         0.000000000
         0.000000000         0.000000000         0.000000000         0.000000000
         0.000000000         0.000000000         0.000000000         0.000000000
         0.000000000         0.000000000         0.000000000         0.000000000
         0.383157049        -0.245265048        -0.378617927         0.246028053
         0.375229591        -0.384592988        -0.069006824         0.225877664
        -0.011187809         0.067752123        -0.227639032         0.009224469
         0.001689292        -0.162919442        -0.002623038        -0.000055181
        -0.163711372         0.000594313        -0.067457241         0.223775718
        -0.010349190         0.069866103        -0.228714654         0.008769230
        -0.058757933        -0.063405392        -0.042600819         0.028137991
         0.007825765         0.031733870        -0.000252848         0.028279916
         0.035338177        -0.040191861        -0.058836622        -0.066432519
$end
