$dipgrad          cartesian dipole gradients
  0.10701642495517D+00  -.85513552237567D-02  0.11742624889265D-01
  -.17755029032275D-01  0.93093895167805D-01  -.14353482786081D-01
  0.96181183312051D-02  -.69029936801939D-02  0.96496823367653D-01
  0.11691315751362D+00  -.23326240192552D-01  -.18252811985649D-01
  -.77153726123235D-02  0.95230446240652D-01  -.17117613246368D-01
  -.13766591437903D-01  -.30676999906295D-01  0.10950529921879D+00
  0.66409257728292D-01  -.67224742008592D-01  0.33503333940893D-01
  -.48535838803962D-01  -.10494058959355D+00  0.65742703002609D-01
  0.28242220779359D-01  0.10428127146654D+00  -.57396991552317D-01
  -.84071896320264D-01  0.67598414411968D-01  0.92911283507475D-01
  0.31280012852067D-01  -.13071159933770D-01  -.66932128039968D-01
  0.92521858464892D-01  -.90129917233347D-01  0.17594680321151D-02
  -.85341660152397D-01  0.62302672375492D-02  -.13303607387919D+00
  0.35283864098284D-01  0.12456161077428D-01  0.13111888800795D-01
  -.12440019785971D+00  -.11980391947334D-01  -.39705556075281D-01
  -.83051589547351D-01  0.97443116156518D-03  -.11587805129821D+00
  0.12108380797959D-01  0.34304097569509D-01  0.47976645069419D-02
  -.11282970412304D+00  -.42385472994627D-02  -.46539095863125D-01
  -.80244632696915D-01  0.78085425933550D-01  0.96994644196043D-01
  0.40816705361762D-01  -.13784313159350D-01  -.56010770607420D-01
  0.84593786042559D-01  -.72720995859911D-01  -.15477194862117D-01
  0.42251523867489D-01  -.53747068111632D-01  0.32042394977493D-01
  -.45469936133320D-01  -.10324809468903D+00  0.70703129744889D-01
  0.36030658504170D-01  0.11230683237918D+00  -.48552279341002D-01
  0.11723487089399D+00  -.23582587220104D-01  -.18114610373730D-01
  -.73577850743583D-02  0.95246175919299D-01  -.17282513660202D-01
  -.13946406790203D-01  -.30543337187249D-01  0.10919600931143D+00
  0.10683491903870D+00  -.82899839991891D-02  0.11245651895097D-01
  -.18071803217949D-01  0.93176999118656D-01  -.14371103424769D-01
  0.10057231085700D-01  -.71772977641758D-02  0.96647786587445D-01
  0.43176966588725D-01  -.52345954026053D-01  0.30667197461443D-01
  -.44478051283192D-01  -.10550713847015D+00  0.70836338382262D-01
  0.34477468560563D-01  0.11248708042269D+00  -.47412122724120D-01
  -.80048588446605D-01  0.76379241056687D-01  0.98172336375340D-01
  0.39240676541366D-01  -.11897666567945D-01  -.55472013010548D-01
  0.85688252177680D-01  -.72541924390621D-01  -.17410683676680D-01
  -.84326826410679D-01  0.14992733074752D-02  -.11581912893672D+00
  0.12265690823654D-01  0.34636887807788D-01  0.43727742967453D-02
  -.11222359106122D+00  -.47105782473174D-02  -.45575192663869D-01
  -.86390928613748D-01  0.64973816391975D-02  -.13292535247298D+00
  0.35617006476858D-01  0.12682657130036D-01  0.12741420191868D-01
  -.12397732355568D+00  -.12184994723839D-01  -.38842232353976D-01
  -.83800761305346D-01  0.66124440201074D-01  0.94159279416696D-01
  0.30021010088237D-01  -.11163853355973D-01  -.66620504779278D-01
  0.93011683721585D-01  -.89544142018190D-01  -.18021870489064D-03
  0.67439762907809D-01  -.66320944167006D-01  0.32587282286679D-01
  -.47249530882511D-01  -.10721450426140D+00  0.65854210628638D-01
  0.26902537159935D-01  0.10427693598961D+00  -.56513818699530D-01
$end
