$energy      SCF               SCFKIN            SCFPOT
     1 -159.7369613927      158.6046131531     -318.3415745458
     2 -159.7402199920      158.7832118889     -318.5234318808
     3 -159.7405316729      158.8402453875     -318.5807770604
     4 -159.7406721646      158.8305120938     -318.5711842584
     5 -159.7407168187      158.8281477051     -318.5688645239
     6 -159.7407493288      158.8292358033     -318.5699851320
     7 -159.7407784347      158.8298877745     -318.5706662092
     8 -159.7407798870      158.8279071671     -318.5686870541
     9 -159.7407799375      158.8278968922     -318.5686768297
    10 -159.7407799323      158.8278902398     -318.5686701721
    11 -159.7407800333      158.8280680144     -318.5688480477
    12 -159.7407801211      158.8279841535     -318.5687642747
    13 -159.7407803233      158.8279856379     -318.5687659612
    14 -159.7407803741      158.8281366987     -318.5689170728
    15 -159.7406904330      158.8259210571     -318.5666114902
    16 -159.7407805216      158.8280377543     -318.5688182759
    17 -159.7407804836      158.8281914654     -318.5689719490
    18 -159.7407802814      158.8282362465     -318.5690165279
    19 -159.7407801892      158.8282301027     -318.5690102919
    20 -159.7407802197      158.8282530381     -318.5690332577
    21 -159.7407801407      158.8282534761     -318.5690336169
    22 -159.7407801813      158.8282233851     -318.5690035664
    23 -159.7407801601      158.8282142901     -318.5689944502
    24 -159.7407801664      158.8282087573     -318.5689889237
    25 -159.7407715695      158.8273310962     -318.5681026657
    26 -159.7407800198      158.8282270843     -318.5690071042
    27 -159.7407797964      158.8282391058     -318.5690189022
    28 -159.7407799418      158.8282125663     -318.5689925081
    29 -159.7407797275      158.8281916983     -318.5689714259
    30 -159.7407798836      158.8281980215     -318.5689779051
    31 -159.7407798695      158.8282149560     -318.5689948256
    32 -159.7407799010      158.8282422291     -318.5690221301
    33 -159.7407155052      158.8269443639     -318.5676598691
    34 -159.7407159677      158.8248219133     -318.5655378810
    35 -159.7407161019      158.8241195316     -318.5648356334
    36 -159.7407158982      158.8251036480     -318.5658195462
    37 -159.7407158321      158.8251292106     -318.5658450427
    38 -159.7407159360      158.8248515761     -318.5655675121
    39 -159.7407159037      158.8246419316     -318.5653578353
    40 -159.7407158851      158.8246347058     -318.5653505909
    41 -159.7407159727      158.8246654145     -318.5653813872
    42 -159.7407158508      158.8246122265     -318.5653280774
    43 -159.7407158691      158.8246143955     -318.5653302646
    44 -159.7407157211      158.8246352739     -318.5653509950
    45 -159.7407157994      158.8246299939     -318.5653457932
    46 -159.7407158145      158.8246298625     -318.5653456770
$end
