$hessapprox internal
  0.400687203219D+00  0.294225635579D-02  0.289387994066D+00  0.665264068514D-02
 -0.101966634924D-01  0.261011186744D+00 -0.178308669834D-02 -0.128804652919D-02
 -0.752055416565D-03  0.400103137098D+00 -0.190562675447D-02  0.594219522935D-02
  0.416055356720D-02 -0.992577472633D-03  0.399091552329D+00  0.278325346821D-02
  0.281279150743D-03 -0.350889532657D-01  0.191530839385D-02  0.248028320617D-02
  0.285809462049D+00 -0.203332993686D-02  0.130166922508D-01  0.109245754923D-01
  0.307260609106D-02 -0.475768840777D-02 -0.323626482576D-02  0.308631608326D+00
 -0.112602583845D-02  0.131068700443D-01 -0.497932796676D-02  0.209795459770D-02
 -0.153928077189D-02 -0.175084274031D-01 -0.111720653046D-01  0.293064195205D+00
  0.189572738646D-02 -0.181597400484D-01 -0.706087607510D-02 -0.133728657620D-02
  0.401381556369D-02  0.125695925690D-02  0.159312343154D-01  0.111715727018D-01
  0.312533233661D+00 -0.245663345962D-02  0.137171199739D-02 -0.202296078464D-03
 -0.125188092820D-02 -0.166719098959D-02  0.267711297303D-02  0.146762894283D-02
  0.904423199399D-03  0.106252671573D-03  0.400020665781D+00 -0.197175234770D-02
  0.286637290114D-02  0.107816758487D-02 -0.934783615060D-03 -0.136459691952D-02
  0.963062549205D-03 -0.207673725487D-02 -0.946225027108D-03  0.209251135986D-02
 -0.672149860423D-03  0.400015514856D+00  0.303707971027D-02  0.302946675842D-02
 -0.378780848257D-01  0.202028387632D-02  0.251645239237D-02 -0.330112677345D-01
 -0.402225903895D-02 -0.180745378387D-01  0.452231927759D-02  0.242113710214D-02
 -0.585732589410D-04  0.286156788222D+00 -0.608228169572D-03 -0.144756438023D-03
 -0.187775583746D-01 -0.379964649168D-02 -0.152133700029D-02  0.638877611787D-02
  0.168380827351D-01  0.308913058307D-02 -0.157710147730D-02 -0.765178029506D-02
 -0.384782437716D-03 -0.889834294989D-03  0.292365052607D+00 -0.824795183217D-03
  0.135298235126D-01 -0.743689160838D-02  0.196048745580D-02 -0.156103637003D-02
 -0.166769255508D-01 -0.116571916706D-01 -0.196901099489D-01  0.121626218068D-01
  0.781977078130D-03 -0.136085518687D-02 -0.194553682326D-01  0.138775924043D-02
  0.292982492958D+00  0.226866260575D-03 -0.177829398821D-02 -0.187365785336D-02
 -0.735271775545D-03 -0.523456866596D-03  0.212023032334D-03  0.297220172863D-02
  0.123482649755D-02 -0.287476664629D-02 -0.168836575555D-02 -0.144133868590D-03
  0.982448269040D-03 -0.335255960105D-02  0.171844328375D-02  0.327398075421D+00
 -0.246770355288D-02  0.200172005867D-02  0.419215811852D-02 -0.139791873706D-02
 -0.157280280826D-02  0.212260304893D-02 -0.405005323895D-03 -0.136235719513D-02
  0.104533914783D-02 -0.166732157243D-02 -0.168029819855D-02  0.141471933443D-02
 -0.325665379040D-02 -0.132420571928D-02 -0.509688088365D-03  0.398974622609D+00
  0.261534736661D-02 -0.126015608236D-01 -0.114400020874D-01 -0.132305035469D-03
  0.446897728191D-02 -0.221051699518D-03  0.968591634808D-02  0.901316886796D-02
 -0.964026587386D-02  0.265047547365D-02  0.122622472154D-02 -0.919916196764D-03
 -0.908800908780D-02  0.785987693189D-02  0.173412260701D-04  0.236500986206D-02
  0.302290356640D+00  0.574226003543D-02 -0.185895168232D-02 -0.573414911804D-01
  0.771642143861D-03  0.263293813969D-02 -0.379568435383D-01 -0.698269995914D-03
 -0.117169407484D-01  0.745692171620D-03  0.115105145947D-02  0.500310295506D-03
 -0.397047750405D-01 -0.473043937835D-02 -0.137961412834D-01  0.323614953947D-04
  0.404635977074D-02 -0.620752133539D-02  0.272215874428D+00 -0.141973509172D-02
  0.654447206020D-02  0.446568760288D-02 -0.109121108451D-02 -0.299522783140D-02
  0.172176656614D-02 -0.516480592629D-02 -0.940816187367D-03  0.447514161944D-02
 -0.239192789743D-02 -0.932025686740D-03  0.359647810352D-02 -0.132258622702D-02
 -0.317596671855D-03 -0.853517577303D-03 -0.154627907873D-02  0.614292309627D-02
  0.221669447919D-02  0.396927360309D+00 -0.743706335475D-03 -0.881266209459D-03
 -0.382243588945D-02 -0.222785433429D-02 -0.838504713164D-03  0.227393463711D-03
  0.202408388508D-02  0.276668148441D-02 -0.156905861040D-02 -0.206750516852D-02
 -0.126772240333D-02  0.938031609439D-03 -0.458371413686D-02  0.295838960929D-02
 -0.964374005760D-03 -0.155402263732D-02 -0.662536803191D-03 -0.166386801051D-02
 -0.131753266618D-02  0.398477421214D+00  0.775942918796D-02 -0.347617163357D-03
 -0.254162455492D-01  0.478105512486D-02  0.455471818377D-02 -0.192962832657D-01
  0.810350242169D-03 -0.965623733849D-02 -0.138465184312D-02  0.252986909680D-02
  0.586053538000D-02 -0.170194277039D-01 -0.196357886364D-02 -0.906214674033D-02
 -0.119978315356D-02  0.576513792436D-02 -0.936430096169D-03 -0.230068946285D-01
  0.589154933669D-02  0.690824023579D-02  0.358926678221D+00 -0.305898644552D-02
  0.777307589502D-03  0.444208879625D-02 -0.180043007435D-02 -0.224717627836D-02
  0.819947102304D-03 -0.168791124983D-02  0.312517368191D-03 -0.209673057885D-03
 -0.158177929747D-02 -0.106549259117D-02  0.310855391369D-02  0.251937808900D-02
  0.127093685918D-02 -0.694167438760D-03 -0.196969918554D-02  0.226475878057D-02
  0.334057310514D-02 -0.399541232364D-02 -0.247924141802D-02  0.513346160095D-02
  0.398319332121D+00 -0.289151155611D-02  0.271692286047D-02  0.181448999635D-02
 -0.145132533670D-02 -0.196736704913D-02  0.170476814939D-02 -0.154508773536D-02
 -0.839040377845D-03  0.197473563685D-02 -0.109426087560D-02 -0.185333729291D-02
  0.640639281071D-03 -0.238205080048D-02 -0.116694224156D-02 -0.160743090083D-03
 -0.207843532197D-02  0.163001197390D-02  0.150032755190D-02 -0.193241322917D-02
 -0.194811236729D-02  0.525988752521D-02 -0.142990708276D-02  0.400285321290D+00
  0.658652258372D-02  0.248650467929D-02 -0.260963927885D-01  0.606561390990D-02
  0.442484635558D-02 -0.183940288372D-01 -0.215543709580D-02 -0.117174843729D-01
  0.163566905977D-02  0.376969054001D-02  0.542577480513D-02 -0.198238255273D-01
 -0.274632143938D-02 -0.127739075901D-01 -0.113984873336D-02  0.559407345263D-02
  0.300574565253D-03 -0.250000292363D-01  0.643430499612D-02  0.809565570405D-02
 -0.316301141171D-01  0.746759660893D-02  0.556237371380D-02  0.353875420705D+00
 -0.187102374740D-02  0.459396442054D-02 -0.182030721438D-02 -0.125162109656D-02
 -0.193737981975D-02  0.193577003496D-02 -0.967941224592D-03 -0.116404471711D-03
  0.235708726203D-02 -0.221448012336D-02 -0.122294709132D-02  0.117380573096D-02
 -0.871336984567D-02 -0.257670996952D-03 -0.177814996075D-02 -0.201038191311D-02
  0.321101965070D-02 -0.490392911282D-03 -0.257010850201D-02 -0.230012599573D-02
  0.437970432572D-02 -0.127238804690D-02 -0.173445561163D-02  0.485027558587D-02
  0.397782594728D+00 -0.249128146417D-02  0.594633791599D-03  0.137273284900D-02
 -0.147119327607D-02 -0.202509602946D-02 -0.327128068625D-04 -0.175436770133D-02
  0.136691787105D-02 -0.233982234399D-03 -0.115279907417D-02 -0.748110212115D-03
  0.239465529359D-02  0.215053058040D-02  0.206025694958D-02 -0.100482793386D-02
 -0.115348901839D-02  0.228541343448D-02  0.235497623870D-03 -0.393827500992D-02
 -0.260327023073D-02  0.467109622493D-02 -0.371973533020D-02 -0.103409527337D-02
  0.705462337144D-02 -0.108501806404D-02  0.397446724457D+00 -0.385612528665D-02
 -0.178011608909D-02  0.148519844001D-01  0.282529254484D-02  0.403545539255D-02
 -0.101475177302D-01  0.248959419635D-02 -0.191509280345D-01 -0.551697154417D-02
  0.259430386760D-02  0.314575013042D-02 -0.765868975139D-02  0.597357773796D-02
 -0.156282580275D-01 -0.129461299168D-02 -0.477570335858D-02  0.501662113959D-02
  0.143658282772D-01  0.760128457395D-02  0.742853742393D-02 -0.107066593908D-01
 -0.732638778509D-03  0.140010213684D-02 -0.101605204023D-01  0.803715539678D-02
  0.523112826717D-02  0.239695753576D+00 -0.149875392903D-02  0.730634084253D-02
  0.199014744970D-02  0.602581990548D-03 -0.197793083749D-02 -0.736032025592D-03
 -0.424956764122D-02 -0.468946574740D-02  0.829364413987D-02  0.402801425506D-03
 -0.439195879249D-03 -0.201298441882D-02  0.376326440828D-03 -0.524504775109D-02
  0.193784814565D-02 -0.984329951427D-05  0.379480409456D-02 -0.158366690872D-02
 -0.285795272006D-02 -0.105018712423D-03 -0.325774801699D-03 -0.963326454873D-06
 -0.507648702661D-03  0.115666976201D-03 -0.928365513958D-03  0.519204134300D-04
  0.459014793878D-02  0.332586865521D+00 -0.286930931606D-02  0.660979582745D-02
  0.153909823352D-01  0.275199705704D-02 -0.344931792583D-03  0.756100876290D-03
 -0.860681834573D-02 -0.474754234617D-02  0.516331586848D-02  0.325316983847D-02
  0.212338184727D-02  0.441696227188D-02  0.101433939624D-01 -0.325358547348D-02
 -0.105596016731D-03  0.325988526070D-04  0.868392288654D-02  0.825165063982D-02
 -0.280033847015D-02  0.195753797709D-02  0.357160227313D-02 -0.260148326322D-02
  0.157803386854D-02  0.721936955601D-02  0.379546769943D-02 -0.115259080994D-02
 -0.566306260382D-02 -0.174912596604D-02  0.326159392417D+00  0.670925303968D-03
  0.536061896591D-02  0.437615144545D-02  0.621659757595D-03 -0.798798570945D-03
  0.627420271787D-02 -0.270694858839D-02  0.959792654058D-03  0.583037297921D-02
  0.340032251420D-03 -0.174561779226D-02  0.261066396111D-02 -0.458879711969D-02
 -0.768879670185D-03  0.523659321452D-03  0.850716962221D-04  0.277715599634D-02
  0.225007960694D-02 -0.227445445385D-03 -0.348482738944D-03  0.819979405398D-02
  0.160005994324D-02 -0.132755240209D-02  0.598825734869D-02 -0.224139230669D-02
  0.120791328253D-02  0.132470146926D-01 -0.195507113582D-02  0.209992232341D-02
  0.331225681103D+00  0.174778247417D-03  0.547554020183D-02  0.676956069171D-02
  0.661716892495D-03 -0.138463791551D-02  0.462727620429D-02 -0.384931358988D-02
  0.211073814741D-03  0.603924315557D-02  0.600311709666D-03 -0.138765434244D-02
  0.356239427103D-02  0.698555769037D-03 -0.569400804240D-03  0.825095533993D-03
  0.547265918516D-03  0.370451932501D-02  0.298699051282D-02 -0.181825172655D-02
 -0.530181978496D-03  0.632679745656D-02  0.552197001128D-03 -0.858915494857D-03
  0.589114558181D-02 -0.190936436690D-02  0.569445832677D-04  0.133323367417D-01
 -0.233995708770D-02 -0.309069456232D-03 -0.466664683789D-02  0.332153367145D+00
 -0.326273299724D-02 -0.292881372008D-02  0.106710238063D-01  0.237753515664D-02
  0.436556573006D-02 -0.872998462805D-02  0.441043006137D-02 -0.172851410149D-01
 -0.607843272220D-02  0.217103948822D-02  0.278075888004D-02 -0.855027904305D-02
  0.103126263200D-02 -0.148426310839D-01 -0.124783928733D-02 -0.478413839266D-02
  0.293427395152D-02  0.120997842591D-01  0.873460062860D-02  0.705985784148D-02
 -0.100757350705D-01  0.339410760640D-03  0.101985240509D-02 -0.107802473444D-01
  0.742245085214D-02  0.609611397803D-02 -0.733652230118D-01  0.472336967851D-02
 -0.276768911608D-02  0.119577939858D-01  0.132984977885D-01  0.245275412523D+00
  0.425192779971D-03 -0.329413098434D-02  0.218820473609D-02  0.602135593869D-03
  0.817536430331D-03 -0.185644905689D-02  0.378306282213D-03 -0.156562003317D-03
 -0.205893776378D-02  0.994070980942D-03 -0.964488043977D-04 -0.998086101554D-03
  0.143668182284D-01 -0.330508172278D-04  0.408614874200D-03  0.730519514845D-04
 -0.350900781461D-02  0.524350083103D-03  0.155280768023D-02  0.125372744186D-02
  0.151824304650D-02  0.306122267349D-03  0.352520494227D-03  0.776420364981D-04
  0.190674472017D-02  0.204377795829D-04 -0.226969529748D-02  0.257360589341D-02
 -0.100463145753D-02 -0.336055866236D-03 -0.810507604856D-03 -0.167550071790D-02
  0.334267715889D+00 -0.184189885401D-02  0.552121503113D-02  0.116633563501D-01
  0.233117006130D-02  0.313960207045D-03  0.158188964470D-02 -0.582711280989D-02
 -0.365023334560D-02  0.458073610144D-02  0.277232741453D-02  0.135128921987D-02
  0.318936509201D-02  0.492713184269D-02 -0.293258617430D-02  0.130448712817D-03
 -0.288229421046D-03  0.652909911718D-02  0.668444121901D-02 -0.586972258313D-03
  0.191393536016D-02  0.477391593437D-02 -0.116979710856D-02  0.803058958947D-03
  0.668825954371D-02  0.294417697089D-02  0.242502264475D-03 -0.378786735214D-02
 -0.146315787140D-02  0.270731599138D-04  0.813762271128D-03 -0.549369343799D-03
 -0.205630949326D-02 -0.799310893720D-03  0.331624479504D+00  0.728847590886D-04
  0.331531054610D-02 -0.174371610421D-02 -0.860437401014D-03  0.112784293208D-02
  0.141788235696D-02 -0.700857692550D-02  0.358023144596D-03 -0.125155776877D-02
 -0.759723768805D-03  0.536573867590D-03  0.866628187909D-03 -0.103839712693D-01
  0.706498294906D-03 -0.946016455972D-03 -0.265464968121D-03  0.712819366946D-03
  0.144738218044D-02  0.712595365015D-03 -0.674875987632D-04 -0.930332584116D-03
  0.813557508453D-03  0.141365746843D-03 -0.295310012387D-03 -0.198593695965D-03
  0.126016514615D-02 -0.209517197768D-02 -0.157975236641D-02  0.285782531683D-02
  0.490165162307D-03  0.978994738830D-03 -0.249431905975D-02  0.192838751258D-03
  0.137887956155D-02  0.164710922400D-01 -0.128938679468D-02  0.217732037353D-02
 -0.240177210769D-02 -0.412923430923D-03 -0.119089987985D-02  0.984189589196D-03
 -0.138330171949D-02  0.375852953765D-03 -0.306480375146D-03 -0.244550565096D-02
  0.137721776251D-02  0.242146767655D-02  0.111165676516D-01  0.170482048402D-02
 -0.159812568736D-02 -0.623768420979D-03 -0.416503176733D-02  0.473144986109D-03
 -0.401874305427D-02 -0.911294954695D-03 -0.326517795777D-02 -0.161151712337D-02
  0.256883128480D-03 -0.155959580461D-02 -0.133049522158D-02 -0.206082017512D-02
  0.633878787241D-03  0.116280500520D-02 -0.238536445641D-03  0.278020757807D-02
  0.276042528570D-02  0.116433356622D-02  0.614438920228D-02 -0.273952957309D-03
  0.151892954846D-03  0.181430151440D-01 -0.104584152565D-02  0.375395094350D-02
  0.174087190321D-02  0.541711543227D-03 -0.560970204396D-03 -0.287145066078D-03
 -0.364332595554D-02 -0.306523456985D-02  0.523862944882D-02  0.849287247505D-03
 -0.227092813716D-03 -0.197272811651D-02  0.739777658048D-03 -0.389537213097D-02
  0.206338673935D-02 -0.189972759475D-03  0.106327406318D-02 -0.973581116451D-03
 -0.665443928301D-03  0.228121993516D-03 -0.203924611236D-04  0.563824095890D-03
 -0.629859379248D-04 -0.736077954542D-03  0.689952756010D-04  0.934583727266D-03
  0.847065320456D-03 -0.266767623193D-02  0.387474623752D-03 -0.120538944946D-02
 -0.133646787326D-02  0.618590523215D-03  0.399695690594D-03 -0.338209655249D-04
 -0.327632940123D-03  0.692354705966D-03  0.312652246002D-01 -0.594094692167D-03
  0.263600420013D-02  0.161050496914D-02  0.295330322734D-03 -0.430092297529D-03
 -0.215449980536D-03 -0.244254571786D-02 -0.217387489893D-02  0.358653057147D-02
  0.531406091821D-03 -0.429333756263D-03 -0.139700604469D-02  0.864242152308D-04
 -0.266919806743D-02  0.164712148924D-02 -0.261645504818D-03  0.412798123591D-03
 -0.123329403814D-03 -0.263295722995D-03  0.105622092135D-03  0.294777676523D-03
  0.584583575084D-03 -0.228409777854D-03 -0.283657508086D-03 -0.302336622448D-03
  0.822000689992D-03  0.689647181483D-04 -0.174644794458D-02 -0.150255148439D-03
 -0.132762662652D-02 -0.139834297999D-02 -0.141444204470D-03  0.454215767953D-03
 -0.499221093008D-03 -0.597342874259D-03 -0.477650923289D-03  0.919129334654D-02
  0.424738089034D-02  0.305201923746D-03 -0.859591211685D-03 -0.844389417506D-03
 -0.180169729619D-03  0.133907703661D-03  0.677334516531D-03  0.102540919660D-02
  0.655045787208D-03 -0.134506010158D-02 -0.314981316496D-03  0.152973704614D-04
  0.874719159395D-03 -0.122014604460D-02  0.836691538534D-03 -0.669962004222D-03
  0.181921321615D-04 -0.222041669186D-03  0.649501635156D-04  0.404546313435D-03
  0.217694283910D-04 -0.421168418150D-03 -0.252940768442D-03 -0.333392061624D-03
 -0.287785716702D-03 -0.869897946521D-04  0.752286682126D-04 -0.106734589280D-02
  0.719305285497D-03  0.294803562958D-03 -0.254490581596D-03 -0.119206005296D-03
 -0.110971031689D-02 -0.886492897303D-04  0.203214120613D-03  0.822249920682D-04
 -0.102190875072D-03 -0.695768717528D-02 -0.204823084168D-02  0.203520523207D-02
  0.913011264194D-03 -0.380252158072D-02 -0.277156423419D-02 -0.169635666861D-03
  0.976853298970D-03  0.175608724241D-03  0.305486603156D-02  0.310618414186D-02
 -0.548102429463D-02 -0.409462883541D-03  0.588300417138D-03  0.164624794677D-02
  0.306661551579D-04  0.378669914998D-02 -0.234786852836D-02  0.456869613363D-03
 -0.962653674664D-03  0.924326452896D-04  0.962471174514D-03  0.146197674052D-03
 -0.121175499317D-02 -0.299343172314D-03  0.381541865246D-03 -0.453734664223D-03
  0.596491341634D-03 -0.439695460748D-03 -0.793982818996D-03  0.319028547784D-02
  0.112542435006D-02  0.206736633272D-02  0.228709631128D-02 -0.665912897411D-03
 -0.126789767928D-02  0.105401582540D-02  0.137043080540D-02  0.427698201077D-03
  0.528216339792D-02 -0.636636188908D-03 -0.196120261127D-02  0.232190877782D-01
 -0.582893582283D-03  0.267137203987D-02  0.165243586690D-02  0.340112938866D-03
 -0.257099047559D-03 -0.305875784791D-03 -0.276801472252D-02 -0.258044084385D-02
  0.361553474322D-02  0.868724622856D-03 -0.900049895616D-03 -0.204388792029D-02
  0.851405004714D-03 -0.291146177504D-02  0.208710846470D-02 -0.470013730088D-03
 -0.902072387738D-03  0.213053656865D-03  0.407747077322D-03 -0.209689040985D-03
  0.846944490383D-03  0.117538128408D-02 -0.452704436061D-03  0.149914862143D-03
 -0.369733256968D-03  0.122237876920D-02 -0.614309537816D-03 -0.142122346976D-02
  0.191309377484D-02 -0.158905265465D-02 -0.135165831428D-02 -0.781603494066D-03
  0.373957934721D-03  0.632736821593D-03 -0.149680919122D-02 -0.189615441514D-02
 -0.431843455020D-02  0.226347188275D-02  0.839318623095D-03 -0.117484175482D-02
  0.181492752106D-01 -0.711335008463D-03  0.398675988308D-02  0.338229954267D-02
 -0.122105584227D-03 -0.126241864865D-02  0.113653972513D-03 -0.241738442064D-02
 -0.316707129427D-02  0.585146132267D-02  0.139080799294D-03 -0.101322210562D-02
 -0.130378372937D-02 -0.207148510392D-02 -0.366502086718D-02  0.274783845229D-02
 -0.629592922280D-03  0.974043650442D-03  0.613648139618D-03 -0.936763134061D-03
 -0.601507522194D-03  0.198666063109D-02  0.150005023686D-03 -0.823077090389D-03
  0.130184612568D-02 -0.125040685572D-02  0.242196550644D-03  0.590711356778D-03
 -0.376706299091D-02 -0.144877185319D-02 -0.249123828990D-02 -0.276216781939D-02
  0.540191437305D-03  0.199825645959D-02 -0.132682796613D-02 -0.245848903324D-02
 -0.254335406164D-02 -0.480126389650D-02 -0.401497578334D-03  0.410670438837D-03
  0.362389142963D-02 -0.188364995697D-02  0.343255870085D-01
$end
