$hessian (projected)
 1  1   0.5565279947  -0.0201867785  -0.0105386168  -0.0850682371  -0.0237923034
 1  2  -0.0127991028  -0.0651592740  -0.0456486336   0.0449973175  -0.2041381961
 1  3   0.0680366315   0.1058547041  -0.2011864838   0.0297878039  -0.1227133259
 1  4  -0.0057848438  -0.0243043296  -0.0116511293   0.0079510529   0.0234679963
 1  5   0.0118940115  -0.0027086684  -0.0075332903  -0.0048474517  -0.0002220338
 1  6  -0.0000729266   0.0001403980   0.0000465226   0.0001467293  -0.0004311314
 1  7   0.0000589509  -0.0000439698   0.0000921709  -0.0001299284   0.0000837792
 1  8  -0.0000449354   0.0001300443   0.0000602464  -0.0002940855  -0.0001071865
 1  9   0.0000290853   0.0001316607  -0.0000728522   0.0000703116   0.0002811573
 1 10  -0.0001368614  -0.0001003517  -0.0000716411
 2  1  -0.0201867785   0.4911817666  -0.0383269135  -0.0238096668  -0.1629303391
 2  2  -0.0455732105  -0.0455060353  -0.1712331722   0.1216570801   0.0688413166
 2  3  -0.0764354123  -0.0455975466   0.0289459010  -0.0523217506   0.0238462136
 2  4   0.0008342500   0.0039930307   0.0020905467  -0.0037199499  -0.0109281970
 2  5  -0.0052700984  -0.0056650566  -0.0209933374  -0.0130225818  -0.0000853422
 2  6  -0.0000809854   0.0000277027   0.0001471197  -0.0001744811  -0.0001063136
 2  7   0.0000431774  -0.0000385096   0.0000084901  -0.0000526938  -0.0000060540
 2  8   0.0000010002   0.0001752165  -0.0001940538  -0.0000577550  -0.0000862202
 2  9   0.0000090795   0.0000074022   0.0001684896   0.0001322499   0.0001196082
 2 10  -0.0000437272   0.0000201656   0.0001963756
 3  1  -0.0105386168  -0.0383269135   0.5413678172  -0.0128046373  -0.0455386106
 3  2  -0.1029033828   0.0443880671   0.1206061308  -0.1641744849   0.1067524475
 3  3  -0.0453752193  -0.1199725298  -0.1229708445   0.0245708730  -0.1471926639
 3  4  -0.0042232688  -0.0195836721  -0.0100517981  -0.0058523682  -0.0160257597
 3  5  -0.0087601693   0.0053994107   0.0195610279   0.0119596146   0.0001348184
 3  6   0.0000149230  -0.0003122706  -0.0004325897  -0.0001031874   0.0002120276
 3  7  -0.0000881345   0.0000957311  -0.0001062711   0.0001362388  -0.0000511216
 3  8   0.0000485105  -0.0002611455  -0.0001099734   0.0002430397   0.0001023717
 3  9   0.0000959580  -0.0001402849  -0.0000270313  -0.0000374567  -0.0002309086
 3 10   0.0002852824   0.0002072706   0.0000137543
 4  1  -0.0850682371  -0.0238096668  -0.0128046373   0.5564328018  -0.0200959438
 4  2  -0.0104005007  -0.0026638097  -0.0075940081  -0.0047953002   0.0079451628
 4  3   0.0234482046   0.0118980905  -0.0056834834  -0.0243581415  -0.0116059308
 4  4  -0.2015906624   0.0300625232  -0.1229823206  -0.2040367160   0.0679030087
 4  5   0.1058761219  -0.0653223438  -0.0455152746   0.0448848707   0.0003462779
 4  6   0.0000645083   0.0001275278  -0.0002216736  -0.0000834087   0.0001341632
 4  7  -0.0000820090  -0.0000506472  -0.0000816720  -0.0000095163  -0.0000987165
 4  8  -0.0000648929  -0.0001466368  -0.0001199879  -0.0000162701   0.0000762768
 4  9  -0.0000952516  -0.0000427030   0.0001791999   0.0002196555  -0.0002990959
 4 10  -0.0001546313   0.0001231466   0.0001725492
 5  1  -0.0237923034  -0.1629303391  -0.0455386106  -0.0200959438   0.4910685098
 5  2  -0.0382481005  -0.0056414882  -0.0210340672  -0.0129674115  -0.0036725788
 5  3  -0.0109447684  -0.0052540591   0.0009202552   0.0039361427   0.0021358570
 5  4   0.0289304506  -0.0523680759   0.0238727588   0.0688630149  -0.0764602606
 5  5  -0.0455683558  -0.0455859994  -0.1711352802   0.1215875569   0.0000618230
 5  6  -0.0000752231  -0.0000248641  -0.0000699430  -0.0000762039   0.0000062770
 5  7  -0.0000090766   0.0000137419  -0.0000140353   0.0000016605  -0.0000086595
 5  8   0.0000035746  -0.0000223785  -0.0000184100   0.0000278874  -0.0000047136
 5  9   0.0000028734  -0.0000348570   0.0000586120   0.0000273635  -0.0000194739
 5 10   0.0000586090   0.0000026568   0.0000358560
 6  1  -0.0127991028  -0.0455732105  -0.1029033828  -0.0104005007  -0.0382481005
 6  2   0.5412947001   0.0054035549   0.0195530713   0.0119545157  -0.0057510084
 6  3  -0.0160793218  -0.0087318950  -0.0041200544  -0.0196514536  -0.0099528694
 6  4  -0.1233232897   0.0248608221  -0.1474753109   0.1065193645  -0.0451792903
 6  5  -0.1200553792   0.0445094911   0.1204297534  -0.1640962989   0.0001263325
 6  6  -0.0000272333   0.0003263462   0.0001456423   0.0000365458  -0.0003209300
 6  7  -0.0000275632  -0.0001024448  -0.0000310676  -0.0000815081  -0.0000331662
 6  8  -0.0000769575   0.0000004048  -0.0000737564  -0.0001751672  -0.0000143838
 6  9  -0.0001065861   0.0000448477   0.0000724394   0.0001821491  -0.0000675191
 6 10  -0.0002598182   0.0000122216   0.0002663679
 7  1  -0.0651592740  -0.0455060353   0.0443880671  -0.0026638097  -0.0056414882
 7  2   0.0054035549   0.0660907595   0.0521946322  -0.0488026830  -0.0067618273
 7  3  -0.0186630646   0.0174197622   0.0074229267   0.0185308011  -0.0173953708
 7  4  -0.0000811521   0.0001303932   0.0004369553   0.0004311441   0.0004560034
 7  5  -0.0004685484   0.0005437375  -0.0014748847  -0.0011555961  -0.0001586938
 7  6   0.0000523439  -0.0002611906  -0.0001508666  -0.0000466937   0.0002776942
 7  7   0.0000597152  -0.0000431084   0.0000692313   0.0001714966  -0.0000938790
 7  8   0.0000556923  -0.0000005979   0.0002556338   0.0002815795   0.0001840031
 7  9  -0.0000677302  -0.0000183392   0.0001229689  -0.0000873498  -0.0002393516
 7 10  -0.0000505302   0.0000044263   0.0000085426
 8  1  -0.0456486336  -0.1712331722   0.1206061308  -0.0075940081  -0.0210340672
 8  2   0.0195530713   0.0521946322   0.1895667949  -0.1314160292   0.0023724996
 8  3   0.0083994119  -0.0079157425  -0.0007209015  -0.0035757152   0.0030096606
 8  4  -0.0000974499   0.0014048706  -0.0000607424   0.0008329521   0.0009700342
 8  5   0.0002728045  -0.0014433267  -0.0044616147  -0.0039794349   0.0001246009
 8  6   0.0000105817   0.0000219081  -0.0000938104   0.0000167133   0.0002087318
 8  7  -0.0000142483   0.0000046033   0.0000024887  -0.0000029966  -0.0000301196
 8  8  -0.0000228552   0.0000602363  -0.0000068430   0.0000057473   0.0000746193
 8  9  -0.0000509137  -0.0000407497  -0.0000466963   0.0000195114  -0.0001973242
 8 10   0.0000025312  -0.0000000758  -0.0000476650
 9  1   0.0449973175   0.1216570801  -0.1641744849  -0.0047953002  -0.0129674115
 9  2   0.0119545157  -0.0488026830  -0.1314160292   0.1771655302   0.0034017057
 9  3   0.0116756482  -0.0121218065   0.0059681099   0.0132391556  -0.0139893143
 9  4   0.0002818295   0.0008426206   0.0009342406   0.0001625438   0.0009260577
 9  5   0.0008874814  -0.0011796688  -0.0039700398  -0.0006738645   0.0001706799
 9  6   0.0000335403   0.0002602787  -0.0000735613   0.0001938495   0.0000067857
 9  7  -0.0000486122   0.0000062911  -0.0000419209  -0.0001325881   0.0000165985
 9  8  -0.0000789509  -0.0000170357  -0.0001134985  -0.0001880370  -0.0000277947
 9  9  -0.0000512351  -0.0000380037   0.0000882710  -0.0000242194   0.0000873846
 9 10   0.0000067869  -0.0000484080   0.0000101655
10  1  -0.2041381961   0.0688413166   0.1067524475   0.0079451628  -0.0036725788
10  2  -0.0057510084  -0.0067618273   0.0023724996   0.0034017057   0.2203521954
10  3  -0.0744691859  -0.1172397058  -0.0196557143   0.0077255074   0.0138931617
10  4   0.0008400255   0.0006205234   0.0002811502   0.0009010133  -0.0022533247
10  5  -0.0014912811   0.0004417270   0.0008388102   0.0001630844   0.0001832835
10  6   0.0000622735   0.0000747599  -0.0000727526   0.0001734753  -0.0000244026
10  7  -0.0000711513   0.0000107769  -0.0000777602  -0.0000252817  -0.0000068881
10  8  -0.0000227323  -0.0000965806  -0.0001155616  -0.0000137481  -0.0000132211
10  9  -0.0000445871  -0.0000253572   0.0000334672  -0.0000292807  -0.0000215722
10 10   0.0001378501  -0.0000537760   0.0001012586
11  1   0.0680366315  -0.0764354123  -0.0453752193   0.0234482046  -0.0109447684
11  2  -0.0160793218  -0.0186630646   0.0083994119   0.0116756482  -0.0744691859
11  3   0.0842027466   0.0537090642   0.0038608650  -0.0025168880  -0.0023541065
11  4  -0.0002959185   0.0013924363   0.0004903138  -0.0022678598  -0.0050550979
11  5  -0.0029950194   0.0004626769   0.0009730838   0.0009235961   0.0002177182
11  6   0.0000228835   0.0001842670   0.0000700504   0.0001362985  -0.0000418156
11  7  -0.0000819273   0.0000118289  -0.0000825957  -0.0000426265   0.0000200698
11  8  -0.0000338216  -0.0001250623  -0.0001313101   0.0000031747  -0.0000246473
11  9  -0.0000531160  -0.0000065118  -0.0000286573  -0.0000396740   0.0000139790
11 10  -0.0000971974   0.0000175075  -0.0000316312
12  1   0.1058547041  -0.0455975466  -0.1199725298   0.0118980905  -0.0052540591
12  2  -0.0087318950   0.0174197622  -0.0079157425  -0.0121218065  -0.1172397058
12  3   0.0537090642   0.1281843453  -0.0163158679   0.0073285258   0.0120247067
12  4   0.0001100494   0.0005821390  -0.0000209154  -0.0014612834  -0.0030179834
12  5  -0.0004370031  -0.0004674509   0.0002696908   0.0008753927  -0.0002992733
12  6  -0.0000209555  -0.0000698657   0.0002896103   0.0001239952  -0.0002277442
12  7   0.0001134469  -0.0001213366   0.0001256786   0.0000819786  -0.0000241033
12  8   0.0000290383   0.0002403458   0.0002660774   0.0000936010   0.0000295101
12  9  -0.0001332916   0.0001689491  -0.0000225500   0.0000118425  -0.0000152171
12 10  -0.0002313666  -0.0002063162   0.0000952652
13  1  -0.2011864838   0.0289459010  -0.1229708445  -0.0056834834   0.0009202552
13  2  -0.0041200544   0.0074229267  -0.0007209015   0.0059681099  -0.0196557143
13  3   0.0038608650  -0.0163158679   0.2171639233  -0.0308958947   0.1373626465
13  4   0.0011762647  -0.0016669104  -0.0002948556   0.0008582326  -0.0003119128
13  5   0.0001019370  -0.0000980389  -0.0001427823   0.0003017926   0.0000781259
13  6  -0.0000028414  -0.0000153938  -0.0001104785  -0.0000879409   0.0001040635
13  7  -0.0000305519   0.0000593680  -0.0000433310  -0.0000213691   0.0000136869
13  8   0.0000078474  -0.0000827706  -0.0001046724  -0.0000158671  -0.0000055173
13  9   0.0000820955  -0.0000719040  -0.0000118141  -0.0000247691   0.0000277586
13 10   0.0001867487   0.0000764539  -0.0000260372
14  1   0.0297878039  -0.0523217506   0.0245708730  -0.0243581415   0.0039361427
14  2  -0.0196514536   0.0185308011  -0.0035757152   0.0132391556   0.0077255074
14  3  -0.0025168880   0.0073285258  -0.0308958947   0.0571431685  -0.0236794964
14  4  -0.0016368185  -0.0054727765  -0.0033125401   0.0006255079   0.0014065198
14  5   0.0006044188   0.0001414475   0.0014119968   0.0008528204  -0.0000967456
14  6   0.0000017784  -0.0001051366   0.0000299221   0.0000079856   0.0000954591
14  7   0.0000418810  -0.0000224776   0.0000578577   0.0000799635  -0.0000236042
14  8   0.0000287581   0.0000567401   0.0001862728   0.0001320604   0.0000815394
14  9  -0.0000576575   0.0000218518  -0.0000436273  -0.0000509580  -0.0001308824
14 10  -0.0000698863  -0.0000520369  -0.0000522716
15  1  -0.1227133259   0.0238462136  -0.1471926639  -0.0116059308   0.0021358570
15  2  -0.0099528694  -0.0173953708   0.0030096606  -0.0139893143   0.0138931617
15  3  -0.0023541065   0.0120247067   0.1373626465  -0.0236794964   0.1584690395
15  4  -0.0002886876  -0.0033412474  -0.0002926782   0.0003360929   0.0004730770
15  5  -0.0000201218   0.0004270632  -0.0000730661   0.0009319447  -0.0000419404
15  6  -0.0000358121   0.0000440410   0.0001308831   0.0000080147  -0.0001375891
15  7   0.0000148848   0.0000068714   0.0000074990  -0.0000400145   0.0000410094
15  8   0.0000015152   0.0000366359  -0.0000107579  -0.0000695568  -0.0000715144
15  9   0.0000215730   0.0000483806  -0.0000255681  -0.0000078327   0.0001678756
15 10  -0.0000190155  -0.0000399576  -0.0000402089
16  1  -0.0057848438   0.0008342500  -0.0042232688  -0.2015906624   0.0289304506
16  2  -0.1233232897  -0.0000811521  -0.0000974499   0.0002818295   0.0008400255
16  3  -0.0002959185   0.0001100494   0.0011762647  -0.0016368185  -0.0002886876
16  4   0.2177483934  -0.0311249029   0.1376478255  -0.0196545482   0.0038845132
16  5  -0.0162940077   0.0075215556  -0.0007469990   0.0060532026  -0.0001451162
16  6  -0.0000236702   0.0000020091   0.0001319968   0.0001747404  -0.0002607747
16  7   0.0000111826   0.0000051249   0.0000004195   0.0000046246   0.0000609797
16  8   0.0000366043   0.0000272837   0.0000177676   0.0000028013  -0.0000824906
16  9   0.0000549630   0.0000378703  -0.0001001286  -0.0001242174   0.0002389437
16 10  -0.0000223851   0.0000871869  -0.0000215266
17  1  -0.0243043296   0.0039930307  -0.0195836721   0.0300625232  -0.0523680759
17  2   0.0248608221   0.0001303932   0.0014048706   0.0008426206   0.0006205234
17  3   0.0013924363   0.0005821390  -0.0016669104  -0.0054727765  -0.0033412474
17  4  -0.0311249029   0.0572903530  -0.0239259259   0.0077119461  -0.0025359936
17  5   0.0073065354   0.0185417953  -0.0036128597   0.0132507147  -0.0001154439
17  6  -0.0000181104  -0.0000786122   0.0000428301  -0.0001999632  -0.0000895176
17  7   0.0000175853   0.0000583775   0.0000048020  -0.0000086016   0.0000660677
17  8   0.0000420802   0.0000176166  -0.0000228900  -0.0000015630  -0.0001010713
17  9   0.0001859167  -0.0000136508  -0.0001038984  -0.0001372767   0.0002601023
17 10   0.0002799447  -0.0000231065  -0.0001156273
18  1  -0.0116511293   0.0020905467  -0.0100517981  -0.1229823206   0.0238727588
18  2  -0.1474753109   0.0004369553  -0.0000607424   0.0009342406   0.0002811502
18  3   0.0004903138  -0.0000209154  -0.0002948556  -0.0033125401  -0.0002926782
18  4   0.1376478255  -0.0239259259   0.1588403077   0.0139886034  -0.0023928846
18  5   0.0120900455  -0.0173882471   0.0030306708  -0.0139968782  -0.0000176877
18  6   0.0000297211  -0.0001746420  -0.0002933743  -0.0000636047   0.0002439349
18  7   0.0000215856   0.0000845059   0.0000218336   0.0000012476   0.0000091686
18  8   0.0000192403   0.0000033781  -0.0000009435   0.0000283361  -0.0000164695
18  9   0.0001333999  -0.0000692001  -0.0000131991  -0.0000013104   0.0000917612
18 10   0.0002765373   0.0000168662  -0.0001882769
19  1   0.0079510529  -0.0037199499  -0.0058523682  -0.2040367160   0.0688630149
19  2   0.1065193645   0.0004311441   0.0008329521   0.0001625438   0.0009010133
19  3  -0.0022678598  -0.0014612834   0.0008582326   0.0006255079   0.0003360929
19  4  -0.0196545482   0.0077119461   0.0139886034   0.2202246553  -0.0743817380
19  5  -0.1170815678  -0.0066729430   0.0022921602   0.0034021235  -0.0000101449
19  6   0.0000023983  -0.0000827332  -0.0001300902  -0.0000590718   0.0001395990
19  7   0.0000140939   0.0000586651   0.0000110369  -0.0000057214   0.0000101836
19  8   0.0000109419   0.0000049028  -0.0000077203   0.0000011704  -0.0000212995
19  9   0.0000804750  -0.0000400187  -0.0000229361  -0.0000424699   0.0000791298
19 10   0.0001693043   0.0000015064  -0.0001326350
20  1   0.0234679963  -0.0109281970  -0.0160257597   0.0679030087  -0.0764602606
20  2  -0.0451792903   0.0004560034   0.0009700342   0.0009260577  -0.0022533247
20  3  -0.0050550979  -0.0030179834  -0.0003119128   0.0014065198   0.0004730770
20  4   0.0038845132  -0.0025359936  -0.0023928846  -0.0743817380   0.0840965294
20  5   0.0535870558  -0.0187649213   0.0085160315   0.0116240091  -0.0001008646
20  6  -0.0000098910  -0.0000334689   0.0000832597  -0.0000043082  -0.0000514836
20  7   0.0000319314  -0.0000316379   0.0000394110   0.0000106017   0.0000041179
20  8   0.0000081668   0.0000619096   0.0000680545   0.0000095573   0.0000143743
20  9  -0.0000238923   0.0000413766  -0.0000071393   0.0000197558  -0.0000236663
20 10  -0.0000936974  -0.0000317645   0.0000158256
21  1   0.0118940115  -0.0052700984  -0.0087601693   0.1058761219  -0.0455683558
21  2  -0.1200553792  -0.0004685484   0.0002728045   0.0008874814  -0.0014912811
21  3  -0.0029950194  -0.0004370031   0.0001019370   0.0006044188  -0.0000201218
21  4  -0.0162940077   0.0073065354   0.0120900455  -0.1170815678   0.0535870558
21  5   0.1283859493   0.0174658536  -0.0079771580  -0.0120771653  -0.0000652871
21  6   0.0000037224  -0.0000772770  -0.0000460639  -0.0000016378   0.0000510457
21  7   0.0000205237   0.0000119037   0.0000333586   0.0000106803   0.0000083379
21  8   0.0000101944   0.0000366911   0.0000424218   0.0000188620   0.0000076039
21  9   0.0000297445   0.0000010329  -0.0000227438  -0.0000342625   0.0000296807
21 10   0.0000560767  -0.0000204128  -0.0000805349
22  1  -0.0027086684  -0.0056650566   0.0053994107  -0.0653223438  -0.0455859994
22  2   0.0445094911   0.0005437375  -0.0014433267  -0.0011796688   0.0004417270
22  3   0.0004626769  -0.0004674509  -0.0000980389   0.0001414475   0.0004270632
22  4   0.0075215556   0.0185417953  -0.0173882471  -0.0066729430  -0.0187649213
22  5   0.0174658536   0.0663260804   0.0522748546  -0.0487797804  -0.0000804870
22  6  -0.0000092666  -0.0000285694   0.0000553281   0.0000429744  -0.0000837790
22  7   0.0000076549   0.0000105191   0.0000086294   0.0000139535   0.0000310025
22  8   0.0000201875   0.0000113571   0.0000178552   0.0000215454  -0.0000291564
22  9   0.0000405518   0.0000147284  -0.0000687184  -0.0000827727   0.0001100873
22 10   0.0000589618  -0.0000123339  -0.0000495010
23  1  -0.0075332903  -0.0209933374   0.0195610279  -0.0455152746  -0.1711352802
23  2   0.1204297534  -0.0014748847  -0.0044616147  -0.0039700398   0.0008388102
23  3   0.0009730838   0.0002696908  -0.0001427823   0.0014119968  -0.0000730661
23  4  -0.0007469990  -0.0036128597   0.0030306708   0.0022921602   0.0085160315
23  5  -0.0079771580   0.0522748546   0.1893069229  -0.1312675412  -0.0000513597
23  6   0.0000143923  -0.0001009834  -0.0000421669  -0.0000399558   0.0000941057
23  7   0.0000108968  -0.0000008977   0.0000149997   0.0000586146  -0.0000314210
23  8   0.0000113169   0.0000050942   0.0000574898   0.0000838584   0.0000588887
23  9  -0.0000218869   0.0000064695   0.0000106947   0.0000133685  -0.0001204786
23 10  -0.0000432565   0.0000039678   0.0000073739
24  1  -0.0048474517  -0.0130225818   0.0119596146   0.0448848707   0.1215875569
24  2  -0.1640962989  -0.0011555961  -0.0039794349  -0.0006738645   0.0001630844
24  3   0.0009235961   0.0008753927   0.0003017926   0.0008528204   0.0009319447
24  4   0.0060532026   0.0132507147  -0.0139968782   0.0034021235   0.0116240091
24  5  -0.0120771653  -0.0487797804  -0.1312675412   0.1770672789  -0.0000800272
24  6  -0.0000143610  -0.0000298299   0.0000884003   0.0000105571  -0.0001038136
24  7   0.0000082147   0.0000152593   0.0000003372   0.0000101391   0.0000389307
24  8   0.0000330781   0.0000002540   0.0000037106   0.0000207663  -0.0000431642
24  9   0.0000573704   0.0000071932  -0.0000763531  -0.0000849907   0.0001259318
24 10   0.0000702908   0.0000043843  -0.0000436871
25  1  -0.0002220338  -0.0000853422   0.0001348184   0.0003462779   0.0000618230
25  2   0.0001263325  -0.0001586938   0.0001246009   0.0001706799   0.0001832835
25  3   0.0002177182  -0.0002992733   0.0000781259  -0.0000967456  -0.0000419404
25  4  -0.0001451162  -0.0001154439  -0.0000176877  -0.0000101449  -0.0001008646
25  5  -0.0000652871  -0.0000804870  -0.0000513597  -0.0000800272   0.5566172951
25  6  -0.0197618802  -0.0103743693  -0.0848725919  -0.0234037303  -0.0127873113
25  7  -0.0643200224  -0.0446116392   0.0432632023  -0.2039450618   0.0659877801
25  8   0.1070953758  -0.2031328631   0.0301992847  -0.1226360584  -0.0056021742
25  9  -0.0244060952  -0.0118307176   0.0078444000   0.0234021986   0.0120544416
25 10  -0.0025801932  -0.0073603045  -0.0047121780
26  1  -0.0000729266  -0.0000809854   0.0000149230   0.0000645083  -0.0000752231
26  2  -0.0000272333   0.0000523439   0.0000105817   0.0000335403   0.0000622735
26  3   0.0000228835  -0.0000209555  -0.0000028414   0.0000017784  -0.0000358121
26  4  -0.0000236702  -0.0000181104   0.0000297211   0.0000023983  -0.0000098910
26  5   0.0000037224  -0.0000092666   0.0000143923  -0.0000143610  -0.0197618802
26  6   0.4914267731  -0.0386273798  -0.0233883253  -0.1624897466  -0.0460004155
26  7  -0.0446700211  -0.1737065259   0.1220062406   0.0669387744  -0.0748402742
26  8  -0.0448112758   0.0290600821  -0.0523675658   0.0236982300   0.0008993183
26  9   0.0039265939   0.0021720590  -0.0035337491  -0.0106453807  -0.0051825315
26 10  -0.0056170182  -0.0211692998  -0.0132384718
27  1   0.0001403980   0.0000277027  -0.0003122706   0.0001275278  -0.0000248641
27  2   0.0003263462  -0.0002611906   0.0000219081   0.0002602787   0.0000747599
27  3   0.0001842670  -0.0000698657  -0.0000153938  -0.0001051366   0.0000440410
27  4   0.0000020091  -0.0000786122  -0.0001746420  -0.0000827332  -0.0000334689
27  5  -0.0000772770  -0.0000285694  -0.0001009834  -0.0000298299  -0.0103743693
27  6  -0.0386273798   0.5407357302  -0.0127722502  -0.0460380995  -0.1035303637
27  7   0.0428914356   0.1208472441  -0.1625143397   0.1077465519  -0.0444142653
27  8  -0.1217685832  -0.1229889139   0.0246766528  -0.1459323540  -0.0040093850
27  9  -0.0194660711  -0.0100250159  -0.0057463905  -0.0162230363  -0.0089343204
27 10   0.0052965136   0.0193541424   0.0120024661
28  1   0.0000465226   0.0001471197  -0.0004325897  -0.0002216736  -0.0000699430
28  2   0.0001456423  -0.0001508666  -0.0000938104  -0.0000735613  -0.0000727526
28  3   0.0000700504   0.0002896103  -0.0001104785   0.0000299221   0.0001308831
28  4   0.0001319968   0.0000428301  -0.0002933743  -0.0001300902   0.0000832597
28  5  -0.0000460639   0.0000553281  -0.0000421669   0.0000884003  -0.0848725919
28  6  -0.0233883253  -0.0127722502   0.5566728233  -0.0198444575  -0.0104916157
28  7  -0.0026226064  -0.0072871876  -0.0047575529   0.0078491218   0.0234210201
28  8   0.0120424512  -0.0057010057  -0.0243599437  -0.0118849818  -0.2025265871
28  9   0.0299328178  -0.1224051544  -0.2041232945   0.0662183404   0.1069724333
28 10  -0.0642238453  -0.0448595259   0.0434877239
29  1   0.0001467293  -0.0001744811  -0.0001031874  -0.0000834087  -0.0000762039
29  2   0.0000365458  -0.0000466937   0.0000167133   0.0001938495   0.0001734753
29  3   0.0001362985   0.0001239952  -0.0000879409   0.0000079856   0.0000080147
29  4   0.0001747404  -0.0001999632  -0.0000636047  -0.0000590718  -0.0000043082
29  5  -0.0000016378   0.0000429744  -0.0000399558   0.0000105571  -0.0234037303
29  6  -0.1624897466  -0.0460380995  -0.0198444575   0.4915472557  -0.0387100567
29  7  -0.0056514835  -0.0211270885  -0.0132975831  -0.0035726913  -0.0106283103
29  8  -0.0051891174   0.0008169719   0.0039789781   0.0021218813   0.0290900420
29  9  -0.0523364336   0.0237163915   0.0670019672  -0.0748626954  -0.0448493074
29 10  -0.0446974225  -0.1737480446   0.1220413590
30  1  -0.0004311314  -0.0001063136   0.0002120276   0.0001341632   0.0000062770
30  2  -0.0003209300   0.0002776942   0.0002087318   0.0000067857  -0.0000244026
30  3  -0.0000418156  -0.0002277442   0.0001040635   0.0000954591  -0.0001375891
30  4  -0.0002607747  -0.0000895176   0.0002439349   0.0001395990  -0.0000514836
30  5   0.0000510457  -0.0000837790   0.0000941057  -0.0001038136  -0.0127873113
30  6  -0.0460004155  -0.1035303637  -0.0104916157  -0.0387100567   0.5408049280
30  7   0.0052910859   0.0193605842   0.0120095736  -0.0058519352  -0.0161848179
30  8  -0.0089582964  -0.0041068065  -0.0193870549  -0.0101242656  -0.1226696603
30  9   0.0244357212  -0.1458337238   0.1078895329  -0.0446239259  -0.1215119029
30 10   0.0428712780   0.1209945222  -0.1625796663
31  1   0.0000589509   0.0000431774  -0.0000881345  -0.0000820090  -0.0000090766
31  2  -0.0000275632   0.0000597152  -0.0000142483  -0.0000486122  -0.0000711513
31  3  -0.0000819273   0.0001134469  -0.0000305519   0.0000418810   0.0000148848
31  4   0.0000111826   0.0000175853   0.0000215856   0.0000140939   0.0000319314
31  5   0.0000205237   0.0000076549   0.0000108968   0.0000082147  -0.0643200224
31  6  -0.0446700211   0.0428914356  -0.0026226064  -0.0056514835   0.0052910859
31  7   0.0652046941   0.0512393174  -0.0469824593  -0.0064686632  -0.0189524114
31  8   0.0173411940   0.0073502432   0.0188162535  -0.0173534638  -0.0000937893
31  9   0.0001322082   0.0004331631   0.0004306886   0.0004664509  -0.0004632308
31 10   0.0005515700  -0.0014205335  -0.0011720706
32  1  -0.0000439698  -0.0000385096   0.0000957311  -0.0000506472   0.0000137419
32  2  -0.0001024448  -0.0000431084   0.0000046033   0.0000062911   0.0000107769
32  3   0.0000118289  -0.0001213366   0.0000593680  -0.0000224776   0.0000068714
32  4   0.0000051249   0.0000583775   0.0000845059   0.0000586651  -0.0000316379
32  5   0.0000119037   0.0000105191  -0.0000008977   0.0000152593  -0.0446116392
32  6  -0.1737065259   0.1208472441  -0.0072871876  -0.0211270885   0.0193605842
32  7   0.0512393174   0.1921301945  -0.1316994462   0.0021302704   0.0083751933
32  8  -0.0077059727  -0.0007086322  -0.0036283955   0.0030043967  -0.0001548187
32  9   0.0014077816  -0.0000653728   0.0008346970   0.0009696198   0.0002632852
32 10  -0.0014487357  -0.0044158081  -0.0040014997
33  1   0.0000921709   0.0000084901  -0.0001062711  -0.0000816720  -0.0000140353
33  2  -0.0000310676   0.0000692313   0.0000024887  -0.0000419209  -0.0000777602
33  3  -0.0000825957   0.0001256786  -0.0000433310   0.0000578577   0.0000074990
33  4   0.0000004195   0.0000048020   0.0000218336   0.0000110369   0.0000394110
33  5   0.0000333586   0.0000086294   0.0000149997   0.0000003372   0.0432632023
33  6   0.1220062406  -0.1625143397  -0.0047575529  -0.0132975831   0.0120095736
33  7  -0.0469824593  -0.1316994462   0.1753573533   0.0033178947   0.0119010944
33  8  -0.0121421847   0.0058608111   0.0132880140  -0.0138117597   0.0003000588
33  9   0.0008580999   0.0009365644   0.0001663499   0.0009229073   0.0008843673
33 10  -0.0011470296  -0.0040107450  -0.0007290219
34  1  -0.0001299284  -0.0000526938   0.0001362388  -0.0000095163   0.0000016605
34  2  -0.0000815081   0.0001714966  -0.0000029966  -0.0001325881  -0.0000252817
34  3  -0.0000426265   0.0000819786  -0.0000213691   0.0000799635  -0.0000400145
34  4   0.0000046246  -0.0000086016   0.0000012476  -0.0000057214   0.0000106017
34  5   0.0000106803   0.0000139535   0.0000586146   0.0000101391  -0.2039450618
34  6   0.0669387744   0.1077465519   0.0078491218  -0.0035726913  -0.0058519352
34  7  -0.0064686632   0.0021302704   0.0033178947   0.2201075998  -0.0722772812
34  8  -0.1184473878  -0.0197382769   0.0075159729   0.0142147040   0.0008566090
34  9   0.0006222148   0.0003341534   0.0009174824  -0.0022305849  -0.0014651267
34 10   0.0004229312   0.0008294032   0.0001649721
35  1   0.0000837792  -0.0000060540  -0.0000511216  -0.0000987165  -0.0000086595
35  2  -0.0000331662  -0.0000938790  -0.0000301196   0.0000165985  -0.0000068881
35  3   0.0000200698  -0.0000241033   0.0000136869  -0.0000236042   0.0000410094
35  4   0.0000609797   0.0000660677   0.0000091686   0.0000101836   0.0000041179
35  5   0.0000083379   0.0000310025  -0.0000314210   0.0000389307   0.0659877801
35  6  -0.0748402742  -0.0444142653   0.0234210201  -0.0106283103  -0.0161848179
35  7  -0.0189524114   0.0083751933   0.0119010944  -0.0722772812   0.0822691734
35  8   0.0527724354   0.0038910568  -0.0024995969  -0.0024372312  -0.0003145289
35  9   0.0013978557   0.0004875223  -0.0022166943  -0.0050346572  -0.0030566740
35 10   0.0004609104   0.0009702192   0.0009262823
36  1  -0.0000449354   0.0000010002   0.0000485105  -0.0000648929   0.0000035746
36  2  -0.0000769575   0.0000556923  -0.0000228552  -0.0000789509  -0.0000227323
36  3  -0.0000338216   0.0000290383   0.0000078474   0.0000287581   0.0000015152
36  4   0.0000366043   0.0000420802   0.0000192403   0.0000109419   0.0000081668
36  5   0.0000101944   0.0000201875   0.0000113169   0.0000330781   0.1070953758
36  6  -0.0448112758  -0.1217685832   0.0120424512  -0.0051891174  -0.0089582964
36  7   0.0173411940  -0.0077059727  -0.0121421847  -0.1184473878   0.0527724354
36  8   0.1303311081  -0.0161624154   0.0070457118   0.0121397871   0.0000914719
36  9   0.0006134226  -0.0000141059  -0.0014953319  -0.0030306076  -0.0004733795
36 10  -0.0004640705   0.0002671835   0.0008999861
37  1   0.0001300443   0.0001752165  -0.0002611455  -0.0001466368  -0.0000223785
37  2   0.0000004048  -0.0000005979   0.0000602363  -0.0000170357  -0.0000965806
37  3  -0.0001250623   0.0002403458  -0.0000827706   0.0000567401   0.0000366359
37  4   0.0000272837   0.0000176166   0.0000033781   0.0000049028   0.0000619096
37  5   0.0000366911   0.0000113571   0.0000050942   0.0000002540  -0.2031328631
37  6   0.0290600821  -0.1229889139  -0.0057010057   0.0008169719  -0.0041068065
37  7   0.0073502432  -0.0007086322   0.0058608111  -0.0197382769   0.0038910568
37  8  -0.0161624154   0.2194172500  -0.0312769692   0.1372640911   0.0011954619
37  9  -0.0016052172  -0.0002861159   0.0008419852  -0.0002973849   0.0001006346
37 10  -0.0000797966  -0.0001092797   0.0002791865
38  1   0.0000602464  -0.0001940538  -0.0001099734  -0.0001199879  -0.0000184100
38  2  -0.0000737564   0.0002556338  -0.0000068430  -0.0001134985  -0.0001155616
38  3  -0.0001313101   0.0002660774  -0.0001046724   0.0001862728  -0.0000107579
38  4   0.0000177676  -0.0000228900  -0.0000009435  -0.0000077203   0.0000680545
38  5   0.0000424218   0.0000178552   0.0000574898   0.0000037106   0.0301992847
38  6  -0.0523675658   0.0246766528  -0.0243599437   0.0039789781  -0.0193870549
38  7   0.0188162535  -0.0036283955   0.0132880140   0.0075159729  -0.0024995969
38  8   0.0070457118  -0.0312769692   0.0572365281  -0.0236914527  -0.0016375339
38  9  -0.0054401878  -0.0033756381   0.0006187282   0.0013855279   0.0005922697
38 10   0.0001206465   0.0013964020   0.0008482172
39  1  -0.0002940855  -0.0000577550   0.0002430397  -0.0000162701   0.0000278874
39  2  -0.0001751672   0.0002815795   0.0000057473  -0.0001880370  -0.0000137481
39  3   0.0000031747   0.0000936010  -0.0000158671   0.0001320604  -0.0000695568
39  4   0.0000028013  -0.0000015630   0.0000283361   0.0000011704   0.0000095573
39  5   0.0000188620   0.0000215454   0.0000838584   0.0000207663  -0.1226360584
39  6   0.0236982300  -0.1459323540  -0.0118849818   0.0021218813  -0.0101242656
39  7  -0.0173534638   0.0030043967  -0.0138117597   0.0142147040  -0.0024372312
39  8   0.0121397871   0.1372640911  -0.0236914527   0.1571795982  -0.0002942882
39  9  -0.0033496434  -0.0003448387   0.0002811093   0.0005041253  -0.0000124864
39 10   0.0004417621  -0.0000532735   0.0009344750
40  1  -0.0001071865  -0.0000862202   0.0001023717   0.0000762768  -0.0000047136
40  2  -0.0000143838   0.0001840031   0.0000746193  -0.0000277947  -0.0000132211
40  3  -0.0000246473   0.0000295101  -0.0000055173   0.0000815394  -0.0000715144
40  4  -0.0000824906  -0.0001010713  -0.0000164695  -0.0000212995   0.0000143743
40  5   0.0000076039  -0.0000291564   0.0000588887  -0.0000431642  -0.0056021742
40  6   0.0008993183  -0.0040093850  -0.2025265871   0.0290900420  -0.1226696603
40  7  -0.0000937893  -0.0001548187   0.0003000588   0.0008566090  -0.0003145289
40  8   0.0000914719   0.0011954619  -0.0016375339  -0.0002942882   0.2186407375
40  9  -0.0310815921   0.1370231124  -0.0197353663   0.0038733488  -0.0162028164
40 10   0.0072636999  -0.0006870049   0.0057953475
41  1   0.0000290853   0.0000090795   0.0000959580  -0.0000952516   0.0000028734
41  2  -0.0001065861  -0.0000677302  -0.0000509137  -0.0000512351  -0.0000445871
41  3  -0.0000531160  -0.0001332916   0.0000820955  -0.0000576575   0.0000215730
41  4   0.0000549630   0.0001859167   0.0001333999   0.0000804750  -0.0000238923
41  5   0.0000297445   0.0000405518  -0.0000218869   0.0000573704  -0.0244060952
41  6   0.0039265939  -0.0194660711   0.0299328178  -0.0523364336   0.0244357212
41  7   0.0001322082   0.0014077816   0.0008580999   0.0006222148   0.0013978557
41  8   0.0006134226  -0.0016052172  -0.0054401878  -0.0033496434  -0.0310815921
41  9   0.0571338409  -0.0235048918   0.0075369061  -0.0024854304   0.0070826546
41 10   0.0187891560  -0.0035944235   0.0132837749
42  1   0.0001316607   0.0000074022  -0.0001402849  -0.0000427030  -0.0000348570
42  2   0.0000448477  -0.0000183392  -0.0000407497  -0.0000380037  -0.0000253572
42  3  -0.0000065118   0.0001689491  -0.0000719040   0.0000218518   0.0000483806
42  4   0.0000378703  -0.0000136508  -0.0000692001  -0.0000400187   0.0000413766
42  5   0.0000010329   0.0000147284   0.0000064695   0.0000071932  -0.0118307176
42  6   0.0021720590  -0.0100250159  -0.1224051544   0.0237163915  -0.1458337238
42  7   0.0004331631  -0.0000653728   0.0009365644   0.0003341534   0.0004875223
42  8  -0.0000141059  -0.0002861159  -0.0033756381  -0.0003448387   0.1370231124
42  9  -0.0235048918   0.1570012080   0.0140949919  -0.0023984748   0.0120719555
42 10  -0.0173493704   0.0029870739  -0.0138149585
43  1  -0.0000728522   0.0001684896  -0.0000270313   0.0001791999   0.0000586120
43  2   0.0000724394   0.0001229689  -0.0000466963   0.0000882710   0.0000334672
43  3  -0.0000286573  -0.0000225500  -0.0000118141  -0.0000436273  -0.0000255681
43  4  -0.0001001286  -0.0001038984  -0.0000131991  -0.0000229361  -0.0000071393
43  5  -0.0000227438  -0.0000687184   0.0000106947  -0.0000763531   0.0078444000
43  6  -0.0035337491  -0.0057463905  -0.2041232945   0.0670019672   0.1078895329
43  7   0.0004306886   0.0008346970   0.0001663499   0.0009174824  -0.0022166943
43  8  -0.0014953319   0.0008419852   0.0006187282   0.0002811093  -0.0197353663
43  9   0.0075369061   0.0140949919   0.2203445809  -0.0724744191  -0.1184871381
43 10  -0.0065796630   0.0022247863   0.0033236114
44  1   0.0000703116   0.0001322499  -0.0000374567   0.0002196555   0.0000273635
44  2   0.0001821491  -0.0000873498   0.0000195114  -0.0000242194  -0.0000292807
44  3  -0.0000396740   0.0000118425  -0.0000247691  -0.0000509580  -0.0000078327
44  4  -0.0001242174  -0.0001372767  -0.0000013104  -0.0000424699   0.0000197558
44  5  -0.0000342625  -0.0000827727   0.0000133685  -0.0000849907   0.0234021986
44  6  -0.0106453807  -0.0162230363   0.0662183404  -0.0748626954  -0.0446239259
44  7   0.0004664509   0.0009696198   0.0009229073  -0.0022305849  -0.0050346572
44  8  -0.0030306076  -0.0002973849   0.0013855279   0.0005041253   0.0038733488
44  9  -0.0024854304  -0.0023984748  -0.0724744191   0.0824224820   0.0529066728
44 10  -0.0188570573   0.0082661937   0.0119384200
45  1   0.0002811573   0.0001196082  -0.0002309086  -0.0002990959  -0.0000194739
45  2  -0.0000675191  -0.0002393516  -0.0001973242   0.0000873846  -0.0000215722
45  3   0.0000139790  -0.0000152171   0.0000277586  -0.0001308824   0.0001678756
45  4   0.0002389437   0.0002601023   0.0000917612   0.0000791298  -0.0000236663
45  5   0.0000296807   0.0001100873  -0.0001204786   0.0001259318   0.0120544416
45  6  -0.0051825315  -0.0089343204   0.1069724333  -0.0448493074  -0.1215119029
45  7  -0.0004632308   0.0002632852   0.0008843673  -0.0014651267  -0.0030566740
45  8  -0.0004733795   0.0001006346   0.0005922697  -0.0000124864  -0.0162028164
45  9   0.0070826546   0.0120719555  -0.1184871381   0.0529066728   0.1299628103
45 10   0.0173137455  -0.0076582336  -0.0121760330
46  1  -0.0001368614  -0.0000437272   0.0002852824  -0.0001546313   0.0000586090
46  2  -0.0002598182  -0.0000505302   0.0000025312   0.0000067869   0.0001378501
46  3  -0.0000971974  -0.0002313666   0.0001867487  -0.0000698863  -0.0000190155
46  4  -0.0000223851   0.0002799447   0.0002765373   0.0001693043  -0.0000936974
46  5   0.0000560767   0.0000589618  -0.0000432565   0.0000702908  -0.0025801932
46  6  -0.0056170182   0.0052965136  -0.0642238453  -0.0446974225   0.0428712780
46  7   0.0005515700  -0.0014487357  -0.0011470296   0.0004229312   0.0004609104
46  8  -0.0004640705  -0.0000797966   0.0001206465   0.0004417621   0.0072636999
46  9   0.0187891560  -0.0173493704  -0.0065796630  -0.0188570573   0.0173137455
46 10   0.0650368401   0.0512562006  -0.0471476024
47  1  -0.0001003517   0.0000201656   0.0002072706   0.0001231466   0.0000026568
47  2   0.0000122216   0.0000044263  -0.0000000758  -0.0000484080  -0.0000537760
47  3   0.0000175075  -0.0002063162   0.0000764539  -0.0000520369  -0.0000399576
47  4   0.0000871869  -0.0000231065   0.0000168662   0.0000015064  -0.0000317645
47  5  -0.0000204128  -0.0000123339   0.0000039678   0.0000043843  -0.0073603045
47  6  -0.0211692998   0.0193541424  -0.0448595259  -0.1737480446   0.1209945222
47  7  -0.0014205335  -0.0044158081  -0.0040107450   0.0008294032   0.0009702192
47  8   0.0002671835  -0.0001092797   0.0013964020  -0.0000532735  -0.0006870049
47  9  -0.0035944235   0.0029870739   0.0022247863   0.0082661937  -0.0076582336
47 10   0.0512562006   0.1923574471  -0.1318063181
48  1  -0.0000716411   0.0001963756   0.0000137543   0.0001725492   0.0000358560
48  2   0.0002663679   0.0000085426  -0.0000476650   0.0000101655   0.0001012586
48  3  -0.0000316312   0.0000952652  -0.0000260372  -0.0000522716  -0.0000402089
48  4  -0.0000215266  -0.0001156273  -0.0001882769  -0.0001326350   0.0000158256
48  5  -0.0000805349  -0.0000495010   0.0000073739  -0.0000436871  -0.0047121780
48  6  -0.0132384718   0.0120024661   0.0434877239   0.1220413590  -0.1625796663
48  7  -0.0011720706  -0.0040014997  -0.0007290219   0.0001649721   0.0009262823
48  8   0.0008999861   0.0002791865   0.0008482172   0.0009344750   0.0057953475
48  9   0.0132837749  -0.0138149585   0.0033236114   0.0119384200  -0.0121760330
48 10  -0.0471476024  -0.1318063181   0.1754299072
$end
