$vibrational normal modes
 1  1  -0.0324247082  -0.1195230175  -0.0030365139   0.1636164375   0.2007779970
 1  2  -0.0204127806   0.0889523206  -0.1617332943   0.0810128826  -0.0883547872
 1  3   0.1175039650   0.0399542571   0.0014248749  -0.0008972497   0.0248287747
 1  4   0.0120432108   0.0281928446  -0.0242684968  -0.0564084168  -0.0548886068
 1  5   0.0869688220   0.0499332104   0.0749243283  -0.0642103927   0.0169316589
 1  6  -0.0148217081   0.0159126976  -0.0195353758   0.0142159221   0.0153661626
 1  7  -0.0276975991  -0.0102447993  -0.0067203350  -0.0204189955   0.0201995642
 1  8   0.0243576468   0.0085560655  -0.0071277172  -0.0004446802   0.0053968098
 1  9   0.0273677983  -0.0297651375   0.0341939333  -0.0356887900  -0.0310524445
 1 10   0.0307976548  -0.0309663810  -0.0323725137
 2  1   0.0064695365  -0.0265607669   0.2847283941   0.0440583690   0.0655861885
 2  2  -0.0593710903  -0.0513248268   0.0570074396   0.0391700488   0.1573869264
 2  3  -0.0374480483  -0.0181145582   0.0001076125   0.0000795655  -0.0095911592
 2  4   0.0124255280  -0.0186689628  -0.0052692756  -0.2008119858  -0.1954371127
 2  5  -0.0405465381   0.0296820372  -0.0505509056  -0.0235719054   0.0612805508
 2  6  -0.0490573431   0.0511455616  -0.0726931102  -0.0103263851   0.0069489863
 2  7   0.0177258019  -0.0033328234   0.0052803427  -0.0087859263   0.0044076956
 2  8  -0.0153059491   0.0290604669  -0.0247880133   0.0000608304   0.0168125109
 2  9   0.0100753992  -0.0092899647  -0.0219558964   0.0238702397  -0.0093965131
 2 10  -0.0205069101  -0.0104389049   0.0216388843
 3  1  -0.0013992523   0.0410732949   0.1153590552   0.0415525001  -0.1851038829
 3  2   0.2306936855   0.0553965855  -0.1351427302  -0.1179262980  -0.0634159386
 3  3   0.0418857632  -0.0323768813  -0.0003861206   0.0009238409   0.0044990215
 3  4  -0.0292948677   0.0202085625   0.0224232305  -0.1080816230  -0.1052241661
 3  5   0.0310370957  -0.0815175848   0.0544036335   0.0773451519   0.0327838006
 3  6  -0.0273694865   0.0287057711  -0.0382398349   0.0093916550  -0.0210711000
 3  7  -0.0185928222   0.0116158915  -0.0061029273   0.0267820635  -0.0187547860
 3  8   0.0135730324   0.0160293833  -0.0134858615  -0.0003311260   0.0096416964
 3  9  -0.0329912732   0.0327938348   0.0226709728  -0.0244195667   0.0336704092
 3 10   0.0223113406   0.0355295609  -0.0226624370
 4  1   0.0227689001   0.0439275986   0.0658435004   0.1907650520   0.2457951714
 4  2   0.1328963168   0.0187758749   0.0279792620  -0.0733849347  -0.0981253794
 4  3  -0.1387136554   0.0532217776  -0.0016727304   0.0000937099   0.0242291035
 4  4   0.0123306797   0.0278233771  -0.0244734147   0.0564032632   0.0551578656
 4  5  -0.0867447854  -0.0498754243  -0.0747950479   0.0641519055   0.0136593634
 4  6  -0.0185625382  -0.0177295237   0.0165824393  -0.0072432945  -0.0013840228
 4  7  -0.0222667443   0.0102449931   0.0168526032  -0.0176614465   0.0276331727
 4  8   0.0279510677  -0.0002365448   0.0048047310  -0.0066805944   0.0054190159
 4  9  -0.0281195777   0.0319286813  -0.0323412328   0.0316897699  -0.0302845740
 4 10   0.0350827239  -0.0288639909  -0.0348527848
 5  1  -0.0067973772   0.0190486698   0.2244363207   0.0874231881   0.0287046994
 5  2  -0.0453941177  -0.1055754771  -0.0745404989  -0.0477462117   0.1525373146
 5  3   0.0933014456  -0.0472669108   0.0002946143   0.0005717321  -0.0089619645
 5  4   0.0120321686  -0.0184351630  -0.0053704892   0.2003996606   0.1956350379
 5  5   0.0405415780  -0.0295350390   0.0506203632   0.0235778807   0.0487805108
 5  6  -0.0641482448  -0.0640029325   0.0589156470   0.0071018865   0.0004136149
 5  7   0.0178677905   0.0039811204  -0.0076209149  -0.0101534311   0.0068323041
 5  8  -0.0157901130  -0.0019416015   0.0189136837  -0.0283202457   0.0268185027
 5  9  -0.0103849109   0.0100843164   0.0198091799  -0.0196631512  -0.0091086365
 5 10  -0.0226516346  -0.0095994089   0.0223721248
 6  1  -0.0055786125  -0.1290045452   0.1911981790  -0.0530932865  -0.1402191218
 6  2   0.1246032472   0.1927356663   0.0099357337   0.1240285291  -0.0487900716
 6  3  -0.0669035149   0.0147792051   0.0008232850  -0.0004938184   0.0042447521
 6  4  -0.0289290919   0.0198494268   0.0227995098   0.1079229005   0.1055005932
 6  5  -0.0308221450   0.0814867633  -0.0542345746  -0.0772102311   0.0262963097
 6  6  -0.0349880728  -0.0343017511   0.0316802429  -0.0044149468   0.0002377652
 6  7  -0.0157148890  -0.0126837143   0.0078591686   0.0283219693  -0.0267524303
 6  8   0.0182656865  -0.0007698715   0.0097349540  -0.0141281166   0.0125745679
 6  9   0.0339845281  -0.0353857446  -0.0216858245   0.0223039515   0.0327345444
 6 10   0.0253148758   0.0328793705  -0.0244190549
 7  1   0.2258860596  -0.0391478800  -0.0237410718   0.1841664228   0.1018969574
 7  2  -0.0089074530   0.1157383696  -0.2608506213   0.1189883368   0.0366885963
 7  3   0.3314425708   0.2875914157   0.1301912838  -0.3689543779  -0.1224310205
 7  4   0.0366424123  -0.1892482734   0.0384912309  -0.0595358002  -0.0612819349
 7  5  -0.1873683659   0.0114663207  -0.1961310879   0.0161761251  -0.0404009707
 7  6   0.0488510786  -0.0502064685   0.0380324301  -0.2997335888  -0.2232887038
 7  7   0.3368764358   0.1924244784   0.2156741896   0.1890080909  -0.1359917317
 7  8  -0.2556376424  -0.1018868135   0.0854242863   0.0017059976  -0.0603762337
 7  9  -0.0822495346   0.0817588847   0.0639616464  -0.0706595885   0.0839182012
 7 10   0.0584996943   0.0892882856  -0.0629570580
 8  1  -0.0703152757   0.0474145460   0.2515653578   0.0907441877   0.0732341504
 8  2   0.0005285869  -0.1377943943   0.0132163513  -0.1111541632   0.1099511946
 8  3  -0.0517010270  -0.1202215764  -0.0403224091   0.1154252033   0.0115016605
 8  4   0.2664391711  -0.1117833772  -0.2372512575  -0.2183406825  -0.2125842533
 8  5  -0.0273380668   0.2776711305  -0.1055588266  -0.2777241418  -0.1879256866
 8  6   0.1515799526  -0.1315197212   0.2037774536   0.1822004170  -0.0920351250
 8  7  -0.1670667257   0.0682360004  -0.1334812806   0.0339669652   0.0115009615
 8  8   0.1139536444  -0.2741582371   0.2305275442   0.0045370897  -0.1636073497
 8  9  -0.2416981725   0.2414961897   0.1406333894  -0.1574476277   0.2465581938
 8 10   0.1365194321   0.2589678544  -0.1432721671
 9  1   0.0179106370   0.1519554737   0.0716873715   0.0996460841  -0.2158567151
 9  2   0.2993770060  -0.0266620087  -0.2209866332  -0.2640496902  -0.0650700117
 9  3   0.1104248734  -0.0446980483   0.0071714417  -0.0199688169  -0.0318610686
 9  4   0.2589895284  -0.1685935327  -0.2061826316  -0.1247181084  -0.1221083278
 9  5  -0.0658325286   0.1792970566  -0.1168696034  -0.1722897938  -0.2392349398
 9  6   0.1972131341  -0.1824732773   0.2652791067   0.0811654459  -0.1979072604
 9  7  -0.0630648387   0.1514570252  -0.0577065365   0.1405632431  -0.0663658046
 9  8   0.0360615009   0.2713596102  -0.2274557627  -0.0059634900   0.1635479518
 9  9   0.2278602647  -0.2272098875  -0.1356296574   0.1523553666  -0.2301431619
 9 10  -0.1297470145  -0.2416523984   0.1367439605
10  1  -0.1450843171  -0.2263716505  -0.0300027335   0.1434865060   0.2113991974
10  2  -0.0994906865   0.1145424637  -0.2245875741   0.1440867539  -0.1258982599
10  3   0.1726708005  -0.0490040935  -0.0402849184   0.1207915653  -0.1411526805
10  4  -0.0864767656  -0.1545514481   0.1552218612  -0.0677924503  -0.0672030052
10  5  -0.1252993587  -0.0551907606  -0.1123753768   0.0769657567  -0.1809903689
10  6   0.1523492449  -0.1439216315   0.2000528783  -0.0354985609   0.2100214285
10  7   0.0423561918  -0.1599108746   0.0268433530  -0.1606828149   0.0836241285
10  8  -0.0186570630   0.3131623224  -0.2623687671  -0.0063398497   0.1883188737
10  9  -0.2601519811   0.2745055678  -0.1574796326   0.1674861715   0.2813117463
10 10  -0.1331365876   0.2845866303   0.1464769044
11  1   0.1274338255  -0.1116885203   0.2851948966   0.0041284657   0.0174321277
11  2  -0.1500171716   0.0472935037   0.0090240252   0.2176026379   0.2349831030
11  3   0.1123590944   0.1320460181   0.0708599504  -0.2003245065  -0.1524990884
11  4  -0.2607036897  -0.0838890346   0.3125130407  -0.2214566120  -0.2145558723
11  5  -0.1350938007  -0.2835243962  -0.0577564140   0.3088640948  -0.2363158049
11  6   0.1867165850  -0.1639339662   0.2598564468   0.2723505013   0.0441359469
11  7  -0.2699451233  -0.0578236373  -0.2026846983  -0.0211361399   0.0145575278
11  8   0.1930512326  -0.1318345801   0.1110390467   0.0016147701  -0.0781433623
11  9   0.1192015248  -0.1256457318   0.0666367006  -0.0702778828  -0.1300857110
11 10   0.0577524715  -0.1317664912  -0.0629257703
12  1  -0.2436145300  -0.0564703292   0.0762505559   0.0389477636  -0.1380330259
12  2   0.1767510491   0.0271151560  -0.1940108606  -0.1451350453  -0.1691185461
12  3   0.0224337960  -0.2601021369  -0.1068602416   0.3089043673  -0.1344837182
12  4   0.0142662169  -0.1958584392   0.0638334512  -0.1150010329  -0.1152797192
12  5  -0.2027697404  -0.0156077909  -0.2042902826   0.0501170619  -0.0771818626
12  6   0.0764619138  -0.0721696804   0.0769839826  -0.2360005965   0.2609730875
12  7   0.2584930986  -0.1881770500   0.1677710150  -0.1851149839   0.0754326734
12  8  -0.1754939502  -0.2101727191   0.1761709277   0.0033272880  -0.1250600458
12  9   0.1720072943  -0.1828709970   0.1199318782  -0.1273166143  -0.1889706484
12 10   0.1005051417  -0.1916271381  -0.1115904922
13  1  -0.2202688735  -0.2200930878  -0.0089360350   0.1420991680   0.2539754182
13  2  -0.0720393863   0.0911581100  -0.1521236545   0.0995913613  -0.1696668411
13  3   0.0481237953  -0.1296062830  -0.0842075077   0.2443913139  -0.0261462840
13  4  -0.0968913368   0.0098110394   0.0977431007  -0.0574684544  -0.0559366277
13  5   0.0247740175  -0.1236446629   0.0599771297   0.1176883279   0.0236046200
13  6  -0.0194336949   0.0218947718  -0.0281729390   0.0160107989  -0.2877625557
13  7  -0.0203675133   0.2174546187  -0.0096509994   0.2356174253  -0.1345906146
13  8   0.0022383820  -0.3118306933   0.2601195759   0.0110820263  -0.1923245930
13  9   0.0142742216   0.0008546716  -0.3166019784   0.3315756280   0.0047044114
13 10  -0.2922475227  -0.0049048872   0.3019642653
14  1  -0.0266746091  -0.0508618858   0.3642497514   0.0036090642   0.1347175285
14  2  -0.0395135840  -0.0213039483   0.2524231803   0.0784140765   0.1316352035
14  3  -0.2740870254  -0.0433951581  -0.0306114531   0.0837730314   0.2510628846
14  4  -0.1515747568   0.4169752681  -0.0120173681  -0.2231332550  -0.2210010508
14  5   0.2932500995  -0.0925775076   0.3307301774   0.0460268877  -0.2965262979
14  6   0.2569644925  -0.2401305792   0.3213169917  -0.2319807922  -0.0809229868
14  7   0.2133130678   0.0744975123   0.1822418298   0.0833100738  -0.0623541497
14  8  -0.1404959909   0.0635048362  -0.0523312077  -0.0032311829   0.0401259594
14  9   0.0016644606  -0.0043596873   0.0562556493  -0.0587081402  -0.0045186330
14 10   0.0496125763  -0.0027748501  -0.0519809337
15  1   0.2231094001   0.1599173594   0.1391296019   0.0596640454  -0.2362882115
15  2   0.2984110266   0.0589096715  -0.1065933705  -0.1326736559   0.0313085355
15  3   0.0782447382   0.1712640095   0.0987270827  -0.2838588376   0.1164588115
15  4   0.0731228307   0.1257948766  -0.1284422937  -0.1155677522  -0.1131539742
15  5   0.1662646179   0.1088511864   0.1404432300  -0.1325491536  -0.0679665750
15  6   0.0588528454  -0.0505998706   0.0703480490  -0.0610981673   0.3359042405
15  7   0.0344112834  -0.2527721689   0.0527935033  -0.2692061902   0.1565212686
15  8   0.0012110880  -0.2498659080   0.2086330500   0.0085634719  -0.1538435601
15  9  -0.0043340102   0.0165816054  -0.2562616647   0.2680948000   0.0180213656
15 10  -0.2366920387   0.0098724263   0.2444766760
16  1   0.2059137820   0.1444392178   0.0717110502   0.2122735812   0.1925653776
16  2   0.1844595072   0.0166034240   0.0194435944  -0.0860487823  -0.0163654487
16  3  -0.0657294238   0.2273571929  -0.0935725244   0.2428079226  -0.0265261813
16  4  -0.0963614720   0.0098911305   0.0987762718   0.0573259030   0.0561665670
16  5  -0.0244796947   0.1237742794  -0.0598206638  -0.1170211804   0.0189669439
16  6  -0.0255423120  -0.0260414450   0.0239282634  -0.0087461215   0.1154819403
16  7  -0.0349137541  -0.2240358612  -0.0137839487   0.2268476206  -0.2993677522
16  8   0.0256880314   0.0097405589  -0.1875105965   0.2818051761  -0.2574390964
16  9  -0.0153349656   0.0001645192   0.3060192833  -0.3062779355   0.0055359150
16 10  -0.3365815539  -0.0037229426   0.3293155462
17  1   0.0242567317   0.0433442005   0.1449400254   0.1278607118  -0.0404036700
17  2  -0.0652431544  -0.1355892925  -0.2677500554  -0.0849134236   0.1788056886
17  3   0.3300173451  -0.0197993622  -0.0304373214   0.0834844209   0.2495461454
17  4  -0.1508445167   0.4183381302  -0.0113583344   0.2240408334   0.2186448903
17  5  -0.2966528772   0.0934488790  -0.3323457152  -0.0463004188  -0.2457545059
17  6   0.3132713333   0.2884184758  -0.2625106948   0.1774933810   0.0392523550
17  7   0.1194973247  -0.0725311523  -0.2478598974   0.0330373365  -0.1264532368
17  8  -0.2139645157  -0.0005770887   0.0377848865  -0.0583697007   0.0536813316
17  9  -0.0016268155   0.0044905158  -0.0554501238   0.0546609783  -0.0043418402
17 10   0.0587995471  -0.0028930363  -0.0566109994
18  1  -0.2247691202  -0.2477473286   0.1673912412  -0.0711539575  -0.0890637867
18  2   0.0569483499   0.1891521616  -0.0203206747   0.1318454255  -0.1435795328
18  3  -0.1066065544  -0.1944578860   0.1077915568  -0.2821281660   0.1160614481
18  4   0.0730111921   0.1257719916  -0.1295298858   0.1158794051   0.1131714357
18  5  -0.1674221487  -0.1086529170  -0.1414210372   0.1317724972  -0.0571702947
18  6   0.0718190147   0.0637890813  -0.0570247469   0.0516994584  -0.1353950607
18  7   0.0352238968   0.2605048856  -0.0270249743  -0.2680490621   0.3462994874
18  8  -0.0405208958   0.0081878908  -0.1504236448   0.2255656101  -0.2059255639
18  9   0.0041358193  -0.0169250398   0.2474108345  -0.2475050064   0.0174158383
18 10  -0.2722384897   0.0104818270   0.2667948710
19  1   0.1326892714   0.1507929885   0.0928059403   0.2108991970   0.2351545467
19  2   0.2119772498  -0.0068092868   0.0896842274  -0.1339124868  -0.0608774394
19  3  -0.1919101875   0.1443756148  -0.0487620026   0.1211164919  -0.1411199144
19  4  -0.0857832207  -0.1546802133   0.1564028166   0.0691907755   0.0659747553
19  5   0.1252652944   0.0529627461   0.1119475940  -0.0793279565  -0.1487075191
19  6   0.1921150115   0.1786741790  -0.1613568260   0.0229773595  -0.0912365801
19  7   0.0394230241   0.1642441170  -0.0200651790  -0.1593852955   0.2046831155
19  8  -0.0504151494  -0.0129451701   0.1964391800  -0.3017845909   0.2873415171
19  9   0.2675933389  -0.2946426157   0.1396567046  -0.1321636238   0.2729682532
19 10  -0.1468947626   0.2650440535   0.1504100394
20  1  -0.1232247424   0.1041939155   0.2239656407   0.1273627899   0.0768643940
20  2   0.0452682384  -0.2042141680  -0.0273745066  -0.2310704373   0.0735440853
20  3  -0.0597642395  -0.2044687129   0.0739480759  -0.1954013558  -0.1511350950
20  4  -0.2604248090  -0.0852008234   0.3124256279   0.2213847364   0.2149957652
20  5   0.1355178215   0.2818209478   0.0579761433  -0.3091187245  -0.1916570683
20  6   0.2449467594   0.2239183806  -0.2001103832  -0.2149217962  -0.0514580598
20  7  -0.1924926287   0.0531549900   0.2648769653   0.0345272364   0.0688665409
20  8   0.2545890755   0.0067326651  -0.0836549370   0.1268958009  -0.1202234088
20  9  -0.1225674617   0.1347593359  -0.0588868728   0.0553452595  -0.1260721662
20 10   0.0630969175  -0.1226417101  -0.0649333523
21  1   0.2294286398  -0.0314299940   0.2302994698  -0.0504754573  -0.1872998402
21  2   0.1785646252   0.2210006519   0.0675945225   0.1579207873   0.0569243927
21  3  -0.0424722971   0.2496697056  -0.1155077268   0.3029510356  -0.1348535672
21  4   0.0146541286  -0.1945566092   0.0662128440   0.1173511055   0.1128345675
21  5   0.2027807930   0.0142831593   0.2031525400  -0.0528832325  -0.0672010125
21  6   0.0869173686   0.0750820652  -0.0678208881   0.1736222480  -0.1077831744
21  7   0.2036676335   0.1981500745  -0.2100643216  -0.2198496412   0.2135119983
21  8  -0.2616305003   0.0098029617  -0.1324885248   0.2027641114  -0.1932943266
21  9  -0.1772937882   0.1963392997  -0.1072913389   0.1017079051  -0.1842961104
21 10   0.1122156797  -0.1783464348  -0.1140366385
22  1  -0.2274603611  -0.0364652669   0.0865439448   0.1702116792   0.3446787730
22  2   0.1213782909  -0.0080063332   0.1213109114  -0.1198333373  -0.2250904963
22  3  -0.3570883122  -0.2040648047   0.1364676714  -0.3629160386  -0.1230768030
22  4   0.0368611307  -0.1882578888   0.0365054245   0.0618217246   0.0587974258
22  5   0.1879588372  -0.0110848311   0.1950778896  -0.0138634033  -0.0370234011
22  6   0.0484230331   0.0410202041  -0.0383704634   0.2219929895   0.1105732227
22  7   0.2282797360  -0.1900897071  -0.3220984447   0.1222192837  -0.2892765752
22  8  -0.3264000185   0.0049464749  -0.0644361853   0.0987346990  -0.0944602379
22  9   0.0850903959  -0.0884253518  -0.0574124368   0.0576562550   0.0821699904
22 10   0.0652938479   0.0826556049  -0.0636858142
23  1   0.0676223393  -0.0549509605   0.2575891268   0.0407297554   0.0210321630
23  2  -0.1053256588  -0.0190779824  -0.0302660548   0.1054324173   0.2010048030
23  3   0.1104538064   0.0593664126  -0.0423065904   0.1133105666   0.0121419132
23  4   0.2654906369  -0.1120753565  -0.2376361240   0.2190857110   0.2123887672
23  5   0.0283168449  -0.2775436760   0.1058366823   0.2783563040  -0.1534008311
23  6   0.1953301842   0.1766320939  -0.1576634534  -0.1468254166   0.0541201912
23  7  -0.1268603346  -0.0732532322   0.1655033314   0.0620214132  -0.0400289151
23  8   0.1632414207   0.0129309892  -0.1733523861   0.2646275214  -0.2516587361
23  9   0.2487621987  -0.2602059609  -0.1243241065   0.1263414915   0.2389139018
23 10   0.1485198238   0.2398909620  -0.1455406154
24  1  -0.0245104670  -0.2399413729   0.2348597040  -0.1111956817  -0.1094429525
24  2   0.0558887233   0.2747936452   0.0941151343   0.2697332665  -0.0469441345
24  3  -0.1345745074   0.0275266760   0.0096854717  -0.0228715588  -0.0319501991
24  4   0.2583395117  -0.1692628863  -0.2068388374   0.1261310216   0.1211955518
24  5   0.0672596069  -0.1784243690   0.1171054795   0.1741619795  -0.1952337110
24  6   0.2509460835   0.2329934663  -0.2102413017  -0.0686590134   0.0915147000
24  7  -0.0631839173  -0.1563768245   0.0512797726   0.1448768908  -0.1824245371
24  8   0.0608467851  -0.0109687275   0.1702500740  -0.2620022177   0.2498443168
24  9  -0.2344942999   0.2449568538   0.1199754257  -0.1221229120  -0.2229955073
24 10  -0.1415663956  -0.2239209009   0.1386648044
25  1   0.0199854701  -0.0445551110  -0.1114851779   0.1945434093  -0.0891062563
25  2  -0.1140197635   0.2140473223  -0.0425597249  -0.0794601110   0.1626066217
25  3  -0.0953460960  -0.0290323371  -0.0010168301   0.0010661152  -0.0147201745
25  4   0.0303620064   0.0204965615   0.0236875106  -0.0542110712   0.0557148990
25  5   0.0895637802   0.0425928785  -0.0770375123   0.0631355322   0.0142063268
25  6   0.0179071795  -0.0192954707  -0.0140096094  -0.0074684473   0.0009215422
25  7   0.0225184309   0.0113124542  -0.0147181998  -0.0200286219  -0.0218224435
25  8   0.0318855649   0.0006080788   0.0046068960   0.0073956308   0.0042495337
25  9   0.0299635745   0.0297403642   0.0339289343   0.0303991306   0.0293604331
25 10   0.0366672241  -0.0288278728   0.0342741201
26  1   0.0012881963  -0.0195450030   0.0947880679   0.1168402965  -0.1286942704
26  2  -0.1612991540  -0.0639223518   0.0763478643  -0.0418236025  -0.1934619437
26  3   0.0297928600   0.0342512633  -0.0005878366  -0.0004002458   0.0203253344
26  4  -0.0008841624  -0.0124863467   0.0058307535  -0.1949552761   0.2000268183
26  5  -0.0422291410   0.0364396591   0.0453767521   0.0234296256   0.0512034448
26  6   0.0622761251  -0.0704832325  -0.0501659693   0.0071676431  -0.0001548240
26  7  -0.0172757213   0.0032982831   0.0103879641  -0.0097302702  -0.0096491045
26  8  -0.0140901527   0.0034601518   0.0183740282   0.0322619376   0.0219360191
26  9   0.0110367463   0.0103490509  -0.0202253521  -0.0193049966   0.0102796022
26 10  -0.0226184967  -0.0096574471  -0.0221469821
27  1  -0.0062298438  -0.0893991877  -0.1199977282   0.1525815209  -0.0748802411
27  2   0.1738370884  -0.2196460129  -0.0053286441   0.1197377613   0.0910421335
27  3  -0.0394047449  -0.0029155658   0.0009265536  -0.0004032128  -0.0300070255
27  4  -0.0136691218   0.0123952647  -0.0227018173  -0.1066037759   0.1095470809
27  5   0.0325087218  -0.0886690339  -0.0429724717  -0.0749243205   0.0280461905
27  6   0.0344758874  -0.0384268279  -0.0274257878  -0.0043084574  -0.0004145589
27  7   0.0144567090  -0.0118151808  -0.0139031173   0.0275771522   0.0289014404
27  8   0.0127071328   0.0016012559   0.0096187172   0.0162683622   0.0103609197
27  9  -0.0354134875  -0.0340441414   0.0215716379   0.0220579911  -0.0337538669
27 10   0.0242857561   0.0322925982   0.0240907764
28  1  -0.0104913059   0.1201499224  -0.0425935699   0.2219685885  -0.0448900788
28  2   0.0398607128   0.1439129870   0.1763170175   0.0718581480   0.0239529173
28  3   0.1163662465  -0.0641080241   0.0011448104  -0.0002410355  -0.0152817878
28  4   0.0306105376   0.0206476487   0.0234223815   0.0542197463  -0.0554405689
28  5  -0.0898162428  -0.0426078539   0.0771750379  -0.0631960820   0.0172515251
28  6   0.0138916892   0.0181370880   0.0170886903   0.0144933848  -0.0150591222
28  7   0.0289486762  -0.0092982536   0.0088068829  -0.0177333724  -0.0150285644
28  8   0.0282306739  -0.0086468621  -0.0065332734   0.0011887746   0.0053553514
28  9  -0.0292095899  -0.0277005593  -0.0359224528  -0.0344129405   0.0301289532
28 10   0.0323129823  -0.0308688068   0.0318323919
29  1  -0.0009576545   0.0270566775   0.0341613095   0.1607910182  -0.1653581984
29  2  -0.1464552891  -0.1193302412  -0.0588143168   0.0503751078  -0.1164448214
29  3  -0.0856477641   0.0311316647   0.0000957115  -0.0002128601   0.0210721018
29  4  -0.0011046987  -0.0124303091   0.0057230678   0.1953712137  -0.1998712045
29  5   0.0422202899  -0.0365822656  -0.0452285246  -0.0235074576   0.0629833558
29  6   0.0462024454   0.0599865275   0.0654915356  -0.0099013844  -0.0074718578
29  7  -0.0170456780  -0.0038940921  -0.0029385707  -0.0107381120  -0.0070393809
29  8  -0.0146602922  -0.0298345210  -0.0231850317   0.0023373118   0.0172580778
29  9  -0.0106241528  -0.0095110146   0.0224772081   0.0232916510   0.0106575194
29 10  -0.0204476218  -0.0105747858  -0.0215616422
30  1   0.0133493003  -0.2583588993  -0.0442779374   0.0583206985  -0.0303884847
30  2   0.0684124200  -0.0827183495   0.1305138487  -0.1257352553   0.0212326651
30  3   0.0641619922   0.0205506451  -0.0012537357  -0.0000801817  -0.0305363975
30  4  -0.0136819428   0.0125989325  -0.0223855339   0.1067656499  -0.1092787126
30  5  -0.0327230704   0.0887384083   0.0431393356   0.0750398300   0.0342306460
30  6   0.0262273077   0.0338515049   0.0347588862   0.0083862679   0.0216378110
30  7   0.0165467146   0.0120189442   0.0007482590   0.0285616041   0.0202529473
30  8   0.0103545248  -0.0167289908  -0.0128372960   0.0017010072   0.0100357226
30  9   0.0341883725   0.0314158103  -0.0226227112  -0.0238241504  -0.0347408258
30 10   0.0213112258   0.0349765465   0.0226142710
31  1  -0.2477993204   0.0347343198  -0.1326077397   0.2149078478  -0.1881986730
31  2  -0.1034865120   0.2412551204  -0.0755284957  -0.1385620365   0.3663091319
31  3  -0.1512180648   0.2455371386   0.3672131240   0.1295585797   0.1610359069
31  4  -0.0945383821  -0.1313193791  -0.0344454484  -0.0596093592   0.0596468317
31  5  -0.1951538306   0.0303559255   0.1852617634  -0.0167028947  -0.0389926951
31  6  -0.0474199091   0.0456106384   0.0330383712   0.2260591643  -0.1020447344
31  7  -0.2227238826  -0.2056494698   0.3082062436   0.1788137439   0.2264621012
31  8  -0.3596666511  -0.0099182181  -0.0609279205  -0.1095482114  -0.0753888553
31  9  -0.0856185152  -0.0822730496   0.0566371092   0.0563921995  -0.0819937452
31 10   0.0620787593   0.0784102282   0.0621486418
32  1   0.0719518089   0.0536727725   0.0615905666   0.1631849168  -0.1215151371
32  2  -0.1022283669  -0.1495152407   0.0184187289   0.1155386465  -0.2218748779
32  3  -0.0038527674  -0.0643008513  -0.1120824317  -0.0398114572   0.2231817336
32  4   0.1705842067  -0.0661515538   0.2333240131  -0.2130858737   0.2170349690
32  5  -0.0344702661   0.2929369158   0.0737646845   0.2694496954  -0.1596495587
32  6  -0.1879758300   0.1925200445   0.1326348179  -0.1426219589  -0.0597907246
32  7   0.1219840959  -0.0635670827  -0.1825584624   0.0358296291   0.0664215733
32  8   0.1436281320  -0.0273380673  -0.1707387597  -0.3056080269  -0.2089553199
32  9  -0.2619507909  -0.2519393882   0.1261554378   0.1294115120  -0.2474468732
32 10   0.1447841936   0.2378777809   0.1478735696
33  1  -0.0324076594   0.0208973391  -0.1642926054   0.2109024392  -0.1052501784
33  2   0.2422289924  -0.3023777278  -0.0811033361   0.2683469191   0.1385532226
33  3  -0.0975327790  -0.0044712738   0.0213658779   0.0061522014   0.2648578437
33  4   0.1281010431  -0.1067621791   0.2076313743  -0.1245567565   0.1257776879
33  5  -0.0719034786   0.1964904754   0.0936496337   0.1713605652  -0.2063137538
33  6  -0.2453502867   0.2580991646   0.1798826063  -0.0675812923  -0.0941825963
33  7   0.0630856908  -0.1508149142  -0.0874436146   0.1388743625   0.1868015538
33  8   0.0281224703   0.0247428805   0.1649160461   0.2975658408   0.2041040589
33  9   0.2427142613   0.2332208923  -0.1197563508  -0.1228471195   0.2271560239
33 10  -0.1358063940  -0.2182777959  -0.1384473324
34  1   0.1254177635  -0.1520775602  -0.1381240039   0.1742209065  -0.0773150137
34  2  -0.1930140717   0.2392401511  -0.1381913131  -0.1338138243   0.1615832084
34  3  -0.1799715623  -0.1041275435  -0.1265525527  -0.0419979482   0.0721468746
34  4  -0.1840759073  -0.1140243416  -0.1505973953  -0.0665716735   0.0669224136
34  5  -0.1289921143  -0.0409426557   0.1125814018  -0.0771876292  -0.1554329800
34  6  -0.1857184848   0.1956790614   0.1365065161   0.0218875177   0.0927702247
34  7  -0.0396488944   0.1610881224   0.0583625666  -0.1600704297  -0.2078636072
34  8  -0.0146829441   0.0291998943   0.1915424689   0.3447545170   0.2359254415
34  9  -0.2842688438  -0.2786042029  -0.1473240091  -0.1227878176  -0.2711873900
34 10  -0.1567649339   0.2644424880  -0.1453080193
35  1  -0.1267117333  -0.1052826355   0.0957056144   0.0764604959  -0.1767259397
35  2  -0.2523367372   0.0354130461   0.0501827048  -0.2337233910  -0.0692901851
35  3  -0.0211849054   0.2068075021   0.1988547979   0.0701072192  -0.0746734024
35  4  -0.3011002442  -0.0733472276  -0.3071693963  -0.2154914544   0.2201667724
35  5  -0.1350291399  -0.2822022247   0.0827523728  -0.3029730761  -0.2017622002
35  6  -0.2385695871   0.2466820929   0.1703321436  -0.2173518890   0.0434314368
35  7   0.1863587073   0.0664296671  -0.2813945660  -0.0097428529  -0.0238522224
35  8   0.2533164516  -0.0132497811  -0.0792379429  -0.1407671640  -0.0957629367
35  9   0.1267067051   0.1241535926   0.0603966828   0.0496521932   0.1221095516
35 10   0.0656439912  -0.1191176718   0.0608219944
36  1   0.2249178021  -0.1878335699  -0.1584455197   0.1493162388  -0.0276423455
36  2   0.1193167986  -0.2468666577  -0.1246774864   0.1642759797   0.0107993426
36  3  -0.1273768855  -0.2191857538  -0.3040954487  -0.1063883404   0.1531173822
36  4  -0.1203879531  -0.1371665836  -0.0649084704  -0.1158440556   0.1173008216
36  5  -0.2104421214   0.0039588689   0.1957907761  -0.0563129814  -0.0717625034
36  6  -0.0858355408   0.0840287891   0.0585921885   0.1676794566   0.1149305000
36  7  -0.1953762410   0.1829703818   0.2631217349  -0.1889542246  -0.2500735357
36  8  -0.2081917348  -0.0209945882  -0.1307280137  -0.2345032981  -0.1606489110
36  9   0.1910000697   0.1877939227   0.1140550363   0.0961007406   0.1850048564
36 10   0.1203638182  -0.1803277420   0.1116427625
37  1   0.2060165804  -0.1442752288  -0.1172630029   0.1731985125  -0.0361991308
37  2  -0.1651259667   0.2161537885  -0.0830557288  -0.0833639348   0.0676187906
37  3  -0.1183200344  -0.1992109483  -0.2442750109  -0.0843847595  -0.0559750688
37  4  -0.0836680332   0.0007328864  -0.0968184224  -0.0549447328   0.0566386110
37  5   0.0261146945  -0.1311247176  -0.0434806674  -0.1127096992   0.0214431002
37  6   0.0264594387  -0.0305904876  -0.0216780732  -0.0056832973  -0.1152161877
37  7   0.0330497176  -0.2193181776  -0.0358448049   0.2320773084   0.2923566242
37  8  -0.0257644351  -0.0253548733  -0.1838533576  -0.3224632828  -0.2112948909
37  9   0.0104266689   0.0042018665  -0.3166272968  -0.2988696053   0.0034956936
37 10  -0.3423653471   0.0006818094  -0.3259445046
38  1   0.0596561415  -0.0432325187   0.1741411694   0.0767391473  -0.0593879758
38  2  -0.1408832599  -0.0346161984   0.2651625235  -0.0786956103  -0.3485144318
38  3   0.2040516740  -0.0366510283  -0.0884242699  -0.0314283144  -0.3951079311
38  4   0.1427361286   0.2876390676   0.0050738961  -0.2179355096   0.2234602831
38  5   0.3079836789  -0.1314581847  -0.3078380718  -0.0429625104  -0.2576435843
38  6  -0.3038321299   0.3173591426   0.2232349943   0.1776268308  -0.0342162708
38  7  -0.1149376634  -0.0867609208   0.2460203527   0.0808729974   0.0918636660
38  8  -0.2215383974   0.0037086320   0.0368965876   0.0664390923   0.0438770771
38  9   0.0028656209   0.0036468014   0.0571020917   0.0529110658   0.0028842611
38 10   0.0595810346  -0.0037206542   0.0556565070
39  1  -0.2259901984   0.0299809436  -0.0961183177   0.1707737338  -0.1262958697
39  2   0.2418597430  -0.2161149517   0.0853736637   0.1168221477   0.1760709679
39  3   0.0264498120   0.1946710837   0.2858911496   0.0995208596  -0.0591606698
39  4   0.1555758878   0.0950494804   0.1267267775  -0.1146055345   0.1175432585
39  5   0.1743056495   0.0958172730  -0.1484800031   0.1306391323  -0.0622638359
39  6  -0.0721488990   0.0729962237   0.0503567335   0.0481366615   0.1377610230
39  7  -0.0330339121   0.2562625397   0.0860606380  -0.2681813009  -0.3430261650
39  8   0.0217137057  -0.0204719811  -0.1455705397  -0.2547817952  -0.1668266461
39  9  -0.0089184797  -0.0127287564  -0.2530272356  -0.2382194123  -0.0101634299
39 10  -0.2738961441   0.0138275569  -0.2606955825
40  1  -0.2020561473   0.2200139889  -0.0367806333   0.2433407654  -0.0978142138
40  2   0.0910720258   0.1417734131   0.2150557124   0.0815475647   0.1180708233
40  3   0.1412351088   0.1010741539  -0.2397477791  -0.0916134427  -0.0564113075
40  4  -0.0839892854   0.0003440658  -0.0959606734   0.0552640748  -0.0565493506
40  5  -0.0260620854   0.1311644812   0.0434794354   0.1135525128   0.0256803309
40  6   0.0193170941   0.0263950196   0.0265763207   0.0078496114   0.2897305896
40  7   0.0030691726   0.2144984932  -0.0258900547   0.2341210403   0.1266190436
40  8  -0.0185146764   0.3220159009   0.2447345943  -0.0384915661  -0.1967278456
40  9  -0.0083071009  -0.0024634079   0.3281553738   0.3226661530   0.0045489548
40 10  -0.2974114602  -0.0011271231  -0.3000544208
41  1  -0.0619897679   0.0508217599  -0.0452326254   0.2009433374  -0.2346628006
41  2  -0.1668118668  -0.1487272048  -0.2500650470   0.0896776053   0.0381911185
41  3  -0.2600185202   0.0999096609  -0.0869321649  -0.0323137134  -0.3959970128
41  4   0.1430402930   0.2856225937   0.0056766956   0.2169930818  -0.2261917214
41  5  -0.3042996930   0.1303511345   0.3063957885   0.0427650782  -0.3056039852
41  6  -0.2436490776  -0.2799784094  -0.2876916334  -0.2307991248   0.0792302121
41  7  -0.2188734046   0.0748205049  -0.1856121003   0.0424930734   0.0367155318
41  8  -0.1605502083  -0.0652727402  -0.0490234249   0.0089251147   0.0406971421
41  9  -0.0030581837  -0.0036623157  -0.0581828612  -0.0568701965   0.0030887740
41 10   0.0504574554  -0.0034879085   0.0514421128
42  1   0.2391623626  -0.3777476885  -0.0681227998   0.0401044696   0.0210215052
42  2   0.0003818005  -0.0862026507   0.0424418572  -0.1295996761  -0.0635470303
42  3  -0.0032555789  -0.1707878663   0.2805297099   0.1069854911  -0.0594868364
42  4   0.1559433571   0.0951201833   0.1255278540   0.1140755173  -0.1174499470
42  5  -0.1734323417  -0.0959256583   0.1477667350  -0.1313300936  -0.0724042471
42  6  -0.0575132925  -0.0611844666  -0.0656170808  -0.0515820810  -0.3422945414
42  7  -0.0149649384  -0.2504833585  -0.0120488896  -0.2781016018  -0.1478700270
42  8   0.0231043862   0.2550868768   0.1940496118  -0.0301117409  -0.1555937987
42  9   0.0098960809   0.0129995355   0.2629252433   0.2577957521  -0.0106037446
42 10  -0.2386788230   0.0127253728  -0.2401009141
43  1  -0.1184927272   0.2275811088  -0.0159438757   0.2422694252  -0.0565970764
43  2   0.1188271604   0.1187039410   0.2726406207   0.1287179685   0.0246130887
43  3   0.2021120964   0.0080883454  -0.1211498802  -0.0472169482   0.0717683680
43  4  -0.1845833626  -0.1140108560  -0.1495203270   0.0652640729  -0.0679057116
43  5   0.1289489896   0.0429915210  -0.1133037091   0.0749936002  -0.1853950790
43  6  -0.1432770954  -0.1675771234  -0.1790034431  -0.0308226987  -0.2145645158
43  7  -0.0318653598  -0.1597698871  -0.0027364191  -0.1666890050  -0.0824800978
43  8  -0.0082843319  -0.3223271730  -0.2463055637   0.0332419852   0.1930413555
43  9   0.2758886597   0.2587123104   0.1661404040   0.1586572709  -0.2792564013
43 10  -0.1429534073   0.2837076776  -0.1411718332
44  1   0.1321729464   0.1127366067   0.0332956538   0.2011248798  -0.1173053284
44  2  -0.0554494387  -0.2185975773  -0.0313109224   0.2373781125  -0.2392853362
44  3  -0.0352949790  -0.1340761624   0.2004945596   0.0751878944  -0.0744282291
44  4  -0.3021522509  -0.0717194227  -0.3073642750   0.2154950551  -0.2192284266
44  5   0.1346621178   0.2839354901  -0.0830643603   0.3029945816  -0.2438801408
44  6  -0.1762102073  -0.1961021351  -0.2376836543   0.2714716316  -0.0363162398
44  7   0.2736537061  -0.0532717957   0.1936527704   0.0297583112   0.0200398069
44  8   0.2066213830   0.1320361718   0.1014323224  -0.0123922005  -0.0781109131
44  9  -0.1231200550  -0.1154914756  -0.0684052913  -0.0644952790   0.1260349851
44 10   0.0605121328  -0.1279928299   0.0587890872
45  1  -0.2254216927  -0.1599512024  -0.0057931861   0.0615554527  -0.0776258086
45  2   0.1229139700  -0.0554436793   0.2503243456  -0.1639947446   0.1006534748
45  3   0.1546083710   0.2289772927  -0.3032006811  -0.1154943935   0.1533500127
45  4  -0.1205242088  -0.1386947721  -0.0624999975   0.1137013854  -0.1196809981
45  5   0.2105801946  -0.0032392668  -0.1971933799   0.0534018160  -0.0811138693
45  6  -0.0737566352  -0.0825391286  -0.0683605638  -0.2218736739  -0.2701828032
45  7  -0.2400495024  -0.1906714076  -0.1272055245  -0.2243135546  -0.1001694013
45  8  -0.1700358090   0.2186724497   0.1671888542  -0.0214370209  -0.1297899274
45  9  -0.1847909908  -0.1740869813  -0.1274201149  -0.1221631606   0.1893018567
45 10   0.1083519697  -0.1932660025   0.1089486157
46  1   0.2671644676   0.0408762883  -0.0214759586   0.2016083051   0.0541809499
46  2   0.0293286909   0.1167114432   0.2161634703   0.1222927765  -0.1779309691
46  3   0.1709118055  -0.3284352802   0.3661085516   0.1381609678   0.1608144230
46  4  -0.0941390880  -0.1324677287  -0.0363510047   0.0570139560  -0.0617474769
46  5   0.1946323451  -0.0312377855  -0.1863930170   0.0188549072  -0.0421374151
46  6  -0.0472317629  -0.0554836013  -0.0310561926  -0.3030906515   0.2173881256
46  7  -0.3514420735   0.1850602645  -0.2293141093   0.1318750084   0.0849651263
46  8  -0.2895792634   0.1018524727   0.0777784601  -0.0100841633  -0.0599522600
46  9   0.0826313771   0.0761229560  -0.0634471548  -0.0681927995  -0.0841989146
46 10   0.0554605275   0.0852438031   0.0621379125
47  1  -0.0742098511  -0.0461622436   0.0673349180   0.1144546060  -0.1725629293
47  2  -0.2055410638  -0.0337365878  -0.0016667456  -0.1041926473  -0.0893586121
47  3  -0.0509605010   0.1247658724  -0.1119695002  -0.0424640875   0.2241895248
47  4   0.1707671861  -0.0653575871   0.2328914219   0.2124009235  -0.2173429553
47  5   0.0333178575  -0.2929108411  -0.0734864352  -0.2685215136  -0.1920577925
47  6  -0.1422444934  -0.1555740927  -0.1839405007   0.1743576639   0.0977160962
47  7   0.1602092990   0.0694436894   0.1204181322   0.0646515989   0.0076480412
47  8   0.1212894064   0.2846456513   0.2179866034  -0.0282177064  -0.1688782480
47  9   0.2535926282   0.2333062971  -0.1431835571  -0.1581614742  -0.2561042558
47 10   0.1321888656   0.2575295599   0.1470772951
48  1   0.0404975929  -0.3686928192   0.0000000000   0.0000000000   0.0000000000
48  2   0.0000000000   0.0000000000   0.2081025143  -0.2747397798  -0.0268703750
48  3   0.1227612286   0.0211484965   0.0171912394   0.0068321477   0.2652044066
48  4   0.1286356916  -0.1060149676   0.2068564940   0.1231172526  -0.1266422363
48  5   0.0706043219  -0.1973074200  -0.0936570043  -0.1690719684  -0.2482643820
48  6  -0.1878920074  -0.2168193084  -0.2415953241   0.0765962972   0.2020155610
48  7   0.0541662250   0.1502471041   0.0362951469   0.1518671801   0.0679021453
48  8   0.0306102910  -0.2769490218  -0.2114924399   0.0291859448   0.1657034685
48  9  -0.2350193355  -0.2158651258   0.1358735186   0.1503755773   0.2351743658
48 10  -0.1236755390  -0.2362528842  -0.1379149506
$end
