$dipgrad          cartesian dipole gradients
  -.28626656857314D+00  0.00000000000000D+00  -.64984367713350D-17
  0.00000000000000D+00  -.30640269312423D+00  0.00000000000000D+00
  0.71557343384043D-17  0.00000000000000D+00  -.27613153276931D+00
  0.14313328428656D+00  0.00000000000000D+00  -.65525710784525D-01
  0.00000000000000D+00  0.15320134656210D+00  0.00000000000000D+00
  -.32682176375694D-01  0.00000000000000D+00  0.13806576638464D+00
  0.14313328428656D+00  0.00000000000000D+00  0.65525710784525D-01
  0.00000000000000D+00  0.15320134656210D+00  0.00000000000000D+00
  0.32682176375694D-01  0.00000000000000D+00  0.13806576638464D+00
$end
