$hessian (projected)
 1  1   0.6159751746   0.0000000000   0.0000000000  -0.3079875873   0.0000000000
 1  2  -0.2490699777  -0.3079875873   0.0000000000   0.2490699777
 2  1   0.0000000000   0.0000000000   0.0000000000   0.0000000000   0.0000000000
 2  2   0.0000000000   0.0000000000   0.0000000000   0.0000000000
 3  1   0.0000000000   0.0000000000   0.4382646452  -0.1895527556   0.0000000000
 3  2  -0.2191323226   0.1895527556   0.0000000000  -0.2191323226
 4  1  -0.3079875873   0.0000000000  -0.1895527556   0.3398259626   0.0000000000
 4  2   0.2193113666  -0.0318383753   0.0000000000  -0.0297586111
 5  1   0.0000000000   0.0000000000   0.0000000000   0.0000000000   0.0000000000
 5  2   0.0000000000   0.0000000000   0.0000000000   0.0000000000
 6  1  -0.2490699777   0.0000000000  -0.2191323226   0.2193113666   0.0000000000
 6  2   0.2102777749   0.0297586111   0.0000000000   0.0088545477
 7  1  -0.3079875873   0.0000000000   0.1895527556  -0.0318383753   0.0000000000
 7  2   0.0297586111   0.3398259626   0.0000000000  -0.2193113666
 8  1   0.0000000000   0.0000000000   0.0000000000   0.0000000000   0.0000000000
 8  2   0.0000000000   0.0000000000   0.0000000000   0.0000000000
 9  1   0.2490699777   0.0000000000  -0.2191323226  -0.0297586111   0.0000000000
 9  2   0.0088545477  -0.2193113666   0.0000000000   0.2102777749
$end
