$vibrational normal modes
 1  1   0.4240267558   0.0000000000   0.0499849277   0.0000000000  -0.0511203885
 1  2   0.0987147524   0.0000000000   0.0000000000   0.0691117294
 2  1   0.0000000000   1.0000000000   0.0000000000   0.0000000000   0.0000000000
 2  2   0.0000000000   0.0000000000   0.0000000000   0.0000000000
 3  1   0.0624986698   0.0000000000   0.2710560184   0.0000000000   0.0999279394
 3  2  -0.1293143419   0.0700256304   0.0507395662  -0.0000000000
 4  1   0.3734839971   0.0000000000  -0.1692184404   0.0000000000   0.4057142293
 4  2   0.2032914353   0.4343788109  -0.5801310361  -0.5485015446
 5  1   0.0000000000   0.0000000000   0.0000000000   1.0000000000   0.0000000000
 5  2   0.0000000000   0.0000000000   0.0000000000   0.0000000000
 6  1   0.1249973396   0.0000000000   0.5421120368   0.0000000000  -0.4649711024
 6  2  -0.2586286839  -0.5557546709  -0.4026918538  -0.4435739397
 7  1   0.3734839971   0.0000000000  -0.1692184404   0.0000000000   0.4057142293
 7  2   0.2032914353  -0.4343788109   0.5801310361  -0.5485015446
 8  1  -0.7222813161   0.0000000000   0.7568850113   0.0000000000   0.0000000000
 8  2   0.9077387218   0.0000000000   0.0000000000   0.0000000000
 9  1   0.0000000000   0.0000000000   0.0000000000   0.0000000000   0.6648269812
 9  2   0.0000000000  -0.5557546709  -0.4026918538   0.4435739397
$end
