$dipgrad          cartesian dipole gradients
  -.45853221563597D+00  0.00000000000000D+00  0.19668105035245D-17
  0.00000000000000D+00  -.62093363292617D+00  0.00000000000000D+00
  0.30195030503721D-16  0.00000000000000D+00  -.34185718999072D+00
  0.22926610791797D+00  0.00000000000000D+00  -.80872242839602D-01
  0.00000000000000D+00  0.31046681656307D+00  0.00000000000000D+00
  -.10607254976684D+00  0.00000000000000D+00  0.17092859509535D+00
  0.22926610791797D+00  0.00000000000000D+00  0.80872242839602D-01
  0.00000000000000D+00  0.31046681656307D+00  0.00000000000000D+00
  0.10607254976684D+00  0.00000000000000D+00  0.17092859509535D+00
$end
