$hessian (projected)
 1  1   0.6645749513   0.0000000000   0.0000000000  -0.3322874756   0.0000000000
 1  2  -0.2564166463  -0.3322874756   0.0000000000   0.2564166463
 2  1   0.0000000000   0.0000000000   0.0000000000   0.0000000000   0.0000000000
 2  2   0.0000000000   0.0000000000   0.0000000000   0.0000000000
 3  1   0.0000000000   0.0000000000   0.4409676035  -0.1953202107   0.0000000000
 3  2  -0.2204838018   0.1953202107   0.0000000000  -0.2204838018
 4  1  -0.3322874756   0.0000000000  -0.1953202107   0.3633885879   0.0000000000
 4  2   0.2258684285  -0.0311011122   0.0000000000  -0.0305482178
 5  1   0.0000000000   0.0000000000   0.0000000000   0.0000000000   0.0000000000
 5  2   0.0000000000   0.0000000000   0.0000000000   0.0000000000
 6  1  -0.2564166463   0.0000000000  -0.2204838018   0.2258684285   0.0000000000
 6  2   0.2091765604   0.0305482178   0.0000000000   0.0113072414
 7  1  -0.3322874756   0.0000000000   0.1953202107  -0.0311011122   0.0000000000
 7  2   0.0305482178   0.3633885879   0.0000000000  -0.2258684285
 8  1   0.0000000000   0.0000000000   0.0000000000   0.0000000000   0.0000000000
 8  2   0.0000000000   0.0000000000   0.0000000000   0.0000000000
 9  1   0.2564166463   0.0000000000  -0.2204838018  -0.0305482178   0.0000000000
 9  2   0.0113072414  -0.2258684285   0.0000000000   0.2091765604
$end
