$vibrational normal modes
 1  1   0.0990400231   0.0000000000   0.0493190514   0.4228414966   0.0000000000
 1  2  -0.0495698375  -0.0000000000   0.0000000000   0.0703616498
 2  1   0.0000000000   1.0000000000   0.0000000000   0.0000000000   0.0000000000
 2  2   0.0000000000   0.0000000000   0.0000000000   0.0000000000
 3  1  -0.1282655630   0.0000000000   0.2744757661   0.0613647631   0.0000000000
 3  2   0.0982082068   0.0710660536   0.0493718795  -0.0000000000
 4  1   0.1980188530   0.0000000000  -0.1624859686   0.3754880815   0.0000000000
 4  2   0.3934083645   0.4235154618  -0.5875753176  -0.5584214709
 5  1   0.0000000000   0.0000000000   0.0000000000   0.0000000000   1.0000000000
 5  2   0.0000000000   0.0000000000   0.0000000000   0.0000000000
 6  1  -0.2565311260   0.0000000000   0.5489515322   0.1227295262   0.0000000000
 6  2  -0.4758423106  -0.5640119340  -0.3918372811  -0.4309177183
 7  1   0.1980188530   0.0000000000  -0.1624859686   0.3754880815   0.0000000000
 7  2   0.3934083645  -0.4235154618   0.5875753176  -0.5584214709
 8  1   0.9107732255   0.0000000000   0.7537105016  -0.7213836006   0.0000000000
 8  2  -0.0000000000  -0.0000000000  -0.0000000000   0.0000000000
 9  1   0.0000000000   0.0000000000   0.0000000000   0.0000000000   0.0000000000
 9  2   0.6722587242  -0.5640119340  -0.3918372811   0.4309177183
$end
