$coord
   -8.41663366398878     -1.03259407206829      0.04286066491017  c
  -10.86015709295487      0.50276483327110      0.00126173252516  c
  -12.52373920612408     -0.72034933328211      0.03861064126129  h
  -10.97064237411222      1.66993904564428     -1.70139317902271  h
  -10.96746893694455      1.76671562477940      1.63373213140677  h
   -6.04927513624884      0.61993982958977     -0.00625907317685  c
   -8.37943225653682     -2.32208779668067     -1.57819318969651  h
   -8.37629450762308     -2.22762800974347      1.73439774695769  h
   -3.59326486993319     -0.89619264352351      0.03103745532113  c
   -6.08299092720331      1.91052944953322      1.61678539462687  h
   -6.08836769973587      1.81920347423670     -1.69742421268014  h
   -1.22813919827172      0.75805175777559     -0.01734757548446  c
   -3.55988391654370     -2.18558642534091     -1.59263120305541  h
   -3.55475873405142     -2.09567604898870      1.72174152555042  h
    1.22813996092571     -0.75802579588580      0.01749833819124  c
   -1.26064284739350      2.04642031637856      1.60710576596071  h
   -1.26741264695089      1.95868280961192     -1.70717706655986  h
    3.59326954361056      0.89620516816244     -0.03118713650797  c
    1.26053028624068     -2.04654977571025     -1.60683283633373  h
    1.26752689002681     -1.95849726488725      1.70744049701123  h
    6.04927080545689     -0.61994199175291      0.00593678256630  c
    3.56003814867380      2.18567439234761      1.59242229026178  h
    3.55461609669499      2.09560753708784     -1.72194701000813  h
    8.41664060677778      1.03258460517051     -0.04295202729983  c
    6.08298428062738     -1.91030399548427     -1.61728671881718  h
    6.08835849792187     -1.81944386969924      1.69693594061402  h
   10.86015139032467     -0.50277916389508     -0.00093148683353  c
    8.37921274070544      2.32217685583645      1.57801428191633  h
    8.37654235246686      2.22751199266773     -1.73457373021347  h
   10.97036685988598     -1.66992991147841      1.70175845417349  h
   12.52374185195443      0.72033102569380     -0.03803653061815  h
   10.96771370232303     -1.76675261936605     -1.63336666694682  h
$user-defined bonds
$redundant
     number_of_atoms            32
     degrees_of_freedom         90
     internal_coordinates       90
     frozen_coordinates          0
# definitions of redundant internals
   1 k  0.5773502691896 tors   3    2    1    6 val=  60.03056
        0.5773502691896 tors   4    2    1    6
        0.5773502691896 tors   5    2    1    6
   2 k  1.0000000000000 stre   2    3           val=   2.06517
   3 k  1.0000000000000 stre   2    4           val=   2.06725
   4 k  1.0000000000000 stre   2    5           val=   2.06738
   5 k  0.4036461021795 bend   4    3    2      val=  -0.47124
        0.4038238509881 bend   5    3    2
        0.4305886147153 bend   5    4    2
       -0.4097636419833 bend   1    3    2
       -0.4004450349053 bend   1    4    2
       -0.4004086639599 bend   1    5    2
   6 k  0.3598824885228 bend   4    3    2      val=   0.82013
        0.3576115408774 bend   5    3    2
       -0.6827014313947 bend   5    4    2
        0.4223928878379 bend   1    3    2
       -0.2207770342811 bend   1    4    2
       -0.2221690466639 bend   1    5    2
   7 k  0.6388696229484 bend   4    3    2      val=   0.00688
       -0.6401559696817 bend   5    3    2
        0.0014360920216 bend   5    4    2
       -0.0006849367699 bend   1    3    2
        0.3020163242085 bend   1    4    2
       -0.3013794083338 bend   1    5    2
   8 k -0.2167429429802 bend   4    3    2      val=   0.24698
       -0.2159214909387 bend   5    3    2
        0.4275876764445 bend   5    4    2
        0.6969617399675 bend   1    3    2
       -0.3442812606969 bend   1    4    2
       -0.3453750597919 bend   1    5    2
   9 k -0.3015783057861 bend   4    3    2      val=  -0.00923
        0.3018184673032 bend   5    3    2
       -0.0002771575050 bend   5    4    2
       -0.0007334402815 bend   1    3    2
        0.6398988203670 bend   1    4    2
       -0.6391283307880 bend   1    5    2
  10 k  1.0000000000000 stre   1    7           val=   2.07171
  11 k  1.0000000000000 stre   1    8           val=   2.07148
  12 k  0.0202107661093 bend   8    7    1      val=   0.98824
        0.4985624435840 bend   2    7    1
        0.4986076255105 bend   2    8    1
       -0.5014109878339 bend   6    7    1
       -0.5010034649012 bend   6    8    1
  13 k  0.0004043647462 bend   8    7    1      val=   0.01561
       -0.4945536017905 bend   2    7    1
        0.4942623278054 bend   2    8    1
       -0.5054389902316 bend   6    7    1
        0.5056211525552 bend   6    8    1
  14 k  0.8989012259588 bend   8    7    1      val=  -0.14746
       -0.2284063557113 bend   2    7    1
       -0.2286378245093 bend   2    8    1
       -0.2089284504751 bend   6    7    1
       -0.2094773744971 bend   6    8    1
  15 k -0.0001140297290 bend   8    7    1      val=   0.00926
       -0.5053842664042 bend   2    7    1
        0.5056760535017 bend   2    8    1
        0.4943725771211 bend   6    7    1
       -0.4944433376777 bend   6    8    1
  16 k  1.0000000000000 stre   6   10           val=   2.07389
  17 k  1.0000000000000 stre   6   11           val=   2.07360
  18 k  0.0003789012247 bend  11   10    6      val=  -0.01287
        0.4997111125227 bend   1   10    6
        0.5002673874690 bend   1   11    6
       -0.5001981195011 bend   9   10    6
       -0.4998230114127 bend   9   11    6
  19 k  0.0001678632489 bend  11   10    6      val=   0.01473
        0.5002088869666 bend   1   10    6
       -0.4997348164669 bend   1   11    6
        0.4997994363947 bend   9   10    6
       -0.5002566119623 bend   9   11    6
  20 k  0.8989938328146 bend  11   10    6      val=  -0.16107
       -0.2193885321131 bend   1   10    6
       -0.2189225364132 bend   1   11    6
       -0.2187195370685 bend   9   10    6
       -0.2188914061664 bend   9   11    6
  21 k -0.0002426240543 bend  11   10    6      val=   0.01430
       -0.4999581300376 bend   1   10    6
        0.5000978998828 bend   1   11    6
        0.5001323210670 bend   9   10    6
       -0.4998115257773 bend   9   11    6
  22 k  1.0000000000000 stre   9   13           val=   2.07363
  23 k  1.0000000000000 stre   9   14           val=   2.07334
  24 k -0.0000248723728 bend  14   13    9      val=  -0.00562
        0.5004068053005 bend  12   13    9
        0.4996057694150 bend  12   14    9
       -0.4998910025525 bend   6   13    9
       -0.5000960800932 bend   6   14    9
  25 k  0.0006353438456 bend  14   13    9      val=   0.02773
       -0.4998071107739 bend  12   13    9
        0.5002563580469 bend  12   14    9
       -0.5002464022188 bend   6   13    9
        0.4996894652269 bend   6   14    9
  26 k  0.8986486466459 bend  14   13    9      val=  -0.26021
       -0.2188529073536 bend  12   13    9
       -0.2197881492263 bend  12   14    9
       -0.2192211281722 bend   6   13    9
       -0.2194750128077 bend   6   14    9
  27 k -0.0002585705920 bend  14   13    9      val=   0.01420
        0.4999423078781 bend  12   13    9
       -0.4999934536174 bend  12   14    9
       -0.4997596252820 bend   6   13    9
        0.5003043925577 bend   6   14    9
  28 k  1.0000000000000 stre  12   16           val=   2.07360
  29 k  1.0000000000000 stre  12   17           val=   2.07330
  30 k  0.0000230724923 bend  17   16   12      val=  -0.00177
        0.4995555897302 bend   9   16   12
        0.5004448230890 bend   9   17   12
       -0.5001596943069 bend  15   16   12
       -0.4998394456936 bend  15   17   12
  31 k  0.0005922963913 bend  17   16   12      val=   0.03075
        0.5002893855278 bend   9   16   12
       -0.4997170172581 bend   9   17   12
        0.4996778947564 bend  15   16   12
       -0.5003149848522 bend  15   17   12
  32 k  0.8991787439322 bend  17   16   12      val=  -0.09665
       -0.2192827260398 bend   9   16   12
       -0.2183191702016 bend   9   17   12
       -0.2188449787442 bend  15   16   12
       -0.2187150834349 bend  15   17   12
  33 k -0.0003173818930 bend  17   16   12      val=   0.01626
       -0.4999884069596 bend   9   16   12
        0.5000043257351 bend   9   17   12
        0.5002959380181 bend  15   16   12
       -0.4997110573357 bend  15   17   12
  34 k  1.0000000000000 stre  15   20           val=   2.07330
  35 k  1.0000000000000 stre  15   19           val=   2.07359
  36 k  0.0000392042481 bend  19   20   15      val=   0.00522
        0.5001663055057 bend  12   20   15
        0.4998339564262 bend  12   19   15
       -0.4995613532770 bend  18   20   15
       -0.5004379438204 bend  18   19   15
  37 k  0.0005479392468 bend  19   20   15      val=   0.02415
        0.4996923984584 bend  12   20   15
       -0.5003160931798 bend  12   19   15
        0.5002880625890 bend  18   20   15
       -0.4997027796818 bend  18   19   15
  38 k  0.8986015385048 bend  19   20   15      val=  -0.27678
       -0.2194459488678 bend  12   20   15
       -0.2193538034838 bend  12   19   15
       -0.2198200307187 bend  18   20   15
       -0.2189105148555 bend  18   19   15
  39 k -0.0003101472382 bend  19   20   15      val=   0.01598
        0.5002798838035 bend  12   20   15
       -0.4997115026057 bend  12   19   15
       -0.4999921250570 bend  18   20   15
        0.5000162304514 bend  18   19   15
  40 k  1.0000000000000 stre  18   23           val=   2.07334
  41 k  1.0000000000000 stre  18   22           val=   2.07363
  42 k  0.0001030533902 bend  22   23   18      val=   0.01147
        0.4999095185531 bend  21   23   18
        0.5000924616501 bend  21   22   18
       -0.5003918813420 bend  15   23   18
       -0.4996058021359 bend  15   22   18
  43 k  0.0006585647456 bend  22   23   18      val=   0.02824
       -0.5002877695112 bend  21   23   18
        0.4997396637376 bend  21   22   18
       -0.4997754291742 bend  15   23   18
        0.5001964642530 bend  15   22   18
  44 k  0.8991429149629 bend  22   23   18      val=  -0.10593
       -0.2187296850951 bend  21   23   18
       -0.2190161941434 bend  21   22   18
       -0.2183048715337 bend  15   23   18
       -0.2192583706450 bend  15   22   18
  45 k -0.0002538676008 bend  22   23   18      val=   0.01214
       -0.4997152120021 bend  21   23   18
        0.5002572397088 bend  21   22   18
        0.4999830739985 bend  15   23   18
       -0.5000442603199 bend  15   22   18
  46 k  1.0000000000000 stre  21   26           val=   2.07360
  47 k  1.0000000000000 stre  21   25           val=   2.07389
  48 k  0.0002695158499 bend  25   26   21      val=  -0.02101
        0.4997068010826 bend  24   26   21
        0.5002510080619 bend  24   25   21
       -0.5002051317253 bend  18   26   21
       -0.4998367687972 bend  18   25   21
  49 k  0.0001707936063 bend  25   26   21      val=   0.00446
        0.5001368595990 bend  24   26   21
       -0.4996807495055 bend  24   25   21
        0.4998628923334 bend  18   26   21
       -0.5003192280351 bend  18   25   21
  50 k  0.8986385738324 bend  25   26   21      val=  -0.27185
       -0.2197062318293 bend  24   26   21
       -0.2192440639972 bend  24   25   21
       -0.2191367929851 bend  18   26   21
       -0.2192920237446 bend  18   25   21
  51 k -0.0002343729309 bend  25   26   21      val=   0.01029
       -0.5000231689807 bend  24   26   21
        0.5001589335456 bend  24   25   21
        0.5000646906569 bend  18   26   21
       -0.4997530609257 bend  18   25   21
  52 k  1.0000000000000 stre  24   29           val=   2.07148
  53 k  1.0000000000000 stre  24   28           val=   2.07171
  54 k  0.0202044660284 bend  28   29   24      val=   0.99304
        0.4985904146155 bend  27   29   24
        0.4986269513818 bend  27   28   24
       -0.5013786417914 bend  21   29   24
       -0.5009890207550 bend  21   28   24
  55 k  0.0004050174531 bend  28   29   24      val=   0.01469
       -0.4946318920591 bend  27   29   24
        0.4943463111150 bend  27   28   24
       -0.5053701088247 bend  21   29   24
        0.5055313097251 bend  21   28   24
  56 k  0.8991021936365 bend  28   29   24      val=  -0.08461
       -0.2281828448664 bend  27   29   24
       -0.2284261596763 bend  27   28   24
       -0.2087362100990 bend  21   29   24
       -0.2092809567918 bend  21   28   24
  57 k -0.0001081953052 bend  28   29   24      val=   0.00270
       -0.5053102008135 bend  27   29   24
        0.5055913894133 bend  27   28   24
        0.4944530034310 bend  21   29   24
       -0.4945251900529 bend  21   28   24
  58 k  0.5773502691896 tors  31   27   24   21 val=  59.97208
        0.5773502691896 tors  32   27   24   21
        0.5773502691896 tors  30   27   24   21
  59 k  1.0000000000000 stre  27   31           val=   2.06517
  60 k  1.0000000000000 stre  27   32           val=   2.06738
  61 k  1.0000000000000 stre  27   30           val=   2.06725
  62 k  0.4030958128065 bend  32   31   27      val=  -0.49131
        0.4032624702427 bend  30   31   27
        0.4314444918089 bend  30   32   27
       -0.4100711094922 bend  24   31   27
       -0.4003858145675 bend  24   32   27
       -0.4003519463327 bend  24   30   27
  63 k  0.3604903144906 bend  32   31   27      val=   0.85009
        0.3583529332547 bend  30   31   27
       -0.6823220352362 bend  30   32   27
        0.4216781566699 bend  24   31   27
       -0.2209897158364 bend  24   32   27
       -0.2223007564077 bend  24   30   27
  64 k  0.6389499046931 bend  32   31   27      val=   0.00335
       -0.6401643263695 bend  30   31   27
        0.0013511937515 bend  30   32   27
       -0.0006427447148 bend  24   31   27
        0.3019040951718 bend  24   32   27
       -0.3013043859783 bend  24   30   27
  65 k -0.2166571473152 bend  32   31   27      val=   0.25461
       -0.2158785533823 bend  30   31   27
        0.4271122898975 bend  30   32   27
        0.6973448714510 bend  24   31   27
       -0.3442566830757 bend  24   32   27
       -0.3452950751805 bend  24   30   27
  66 k  0.3014906115841 bend  32   31   27      val=  -0.00875
       -0.3017187865304 bend  30   31   27
        0.0002631352345 bend  30   32   27
        0.0006959845497 bend  24   31   27
       -0.6399230581124 bend  24   32   27
        0.6391925461414 bend  24   30   27
  67 k  1.0000000000000 tors   2    1    6    9 val= 180.08093
  68 k  1.0000000000000 stre   1    2           val=   2.88615
  69 k  1.0000000000000 bend   6    2    1      val= 112.91905
  70 k  1.0000000000000 tors  27   24   21   18 val= 179.90621
  71 k  1.0000000000000 stre  24   27           val=   2.88615
  72 k  1.0000000000000 bend  21   27   24      val= 112.91898
  73 k  1.0000000000000 tors   1    6    9   12 val= 180.01680
  74 k  1.0000000000000 stre   6    1           val=   2.88750
  75 k  1.0000000000000 bend   9    1    6      val= 113.37600
  76 k  1.0000000000000 tors  24   21   18   15 val= 179.99469
  77 k  1.0000000000000 stre  21   24           val=   2.88750
  78 k  1.0000000000000 bend  18   24   21      val= 113.37609
  79 k  1.0000000000000 tors   6    9   12   15 val= 180.05291
  80 k  1.0000000000000 stre   9    6           val=   2.88653
  81 k  1.0000000000000 bend  12    6    9      val= 113.32311
  82 k  1.0000000000000 tors  21   18   15   12 val= 179.95083
  83 k  1.0000000000000 stre  18   21           val=   2.88652
  84 k  1.0000000000000 bend  15   21   18      val= 113.32299
  85 k  1.0000000000000 tors   9   12   15   18 val= 179.99350
  86 k  1.0000000000000 stre  12    9           val=   2.88664
  87 k  1.0000000000000 bend  15    9   12      val= 113.32800
  88 k  1.0000000000000 stre  15   18           val=   2.88664
  89 k  1.0000000000000 bend  12   18   15      val= 113.32814
  90 k  1.0000000000000 stre  12   15           val=   2.88670
        90 non zero eigenvalues  of BmBt
           1           5.195980031    1    0
         1
           2           5.121644024    2    0
         2
           3           4.425077958    3    0
         3
           4           4.307329837    4    0
         4
           5           4.183470593    5    0
         5
           6           4.163755198    6    0
         6
           7           3.979024653    7    0
         7
           8           3.936406357    8    0
         8
           9           3.890195304    9    0
         9
          10           3.800106578   10    0
        10
          11           3.629653277   11    0
        11
          12           3.606910048   12    0
        12
          13           3.445748316   13    0
        13
          14           3.351294225   14    0
        14
          15           3.308814400   15    0
        15
          16           3.057186027   16    0
        16
          17           3.047316430   17    0
        17
          18           3.011542594   18    0
        18
          19           2.729807584   19    0
        19
          20           2.509465855   20    0
        20
          21           2.398460286   21    0
        21
          22           2.367931262   22    0
        22
          23           2.358205923   23    0
        23
          24           2.289435051   24    0
        24
          25           2.255544347   25    0
        25
          26           2.228597163   26    0
        26
          27           2.072273908   27    0
        27
          28           1.697879537   28    0
        28
          29           1.354090485   29    0
        29
          30           1.119097695   30    0
        30
          31           0.874920542   31    0
        31
          32           0.874286518   32    0
        32
          33           0.808944492   33    0
        33
          34           0.799070184   34    0
        34
          35           0.786412605   35    0
        35
          36           0.774176321   36    0
        36
          37           0.764933884   37    0
        37
          38           0.759424312   38    0
        38
          39           0.756832237   39    0
        39
          40           0.755978944   40    0
        40
          41           0.741856650   41    0
        41
          42           0.739422484   42    0
        42
          43           0.687054411   43    0
        43
          44           0.686916394   44    0
        44
          45           0.681671307   45    0
        45
          46           0.681538261   46    0
        46
          47           0.650863927   47    0
        47
          48           0.631571776   48    0
        48
          49           0.596879588   49    0
        49
          50           0.513927239   50    0
        50
          51           0.453312195   51    0
        51
          52           0.446150256   52    0
        52
          53           0.441494355   53    0
        53
          54           0.425141316   54    0
        54
          55           0.392240449   55    0
        55
          56           0.389027425   56    0
        56
          57           0.356236779   57    0
        57
          58           0.351354598   58    0
        58
          59           0.342965904   59    0
        59
          60           0.330883164   60    0
        60
          61           0.312989973   61    0
        61
          62           0.310355364   62    0
        62
          63           0.298252419   63    0
        63
          64           0.285871745   64    0
        64
          65           0.277994691   65    0
        65
          66           0.262087532   66    0
        66
          67           0.261978674   67    0
        67
          68           0.253966641   68    0
        68
          69           0.238553733   69    0
        69
          70           0.221884194   70    0
        70
          71           0.215352918   71    0
        71
          72           0.173064201   72    0
        72
          73           0.168039076   73    0
        73
          74           0.159406427   74    0
        74
          75           0.140710097   75    0
        75
          76           0.100061403   76    0
        76
          77           0.099349853   77    0
        77
          78           0.067205127   78    0
        78
          79           0.063645217   79    0
        79
          80           0.055072748   80    0
        80
          81           0.051791493   81    0
        81
          82           0.044459163   82    0
        82
          83           0.033992884   83    0
        83
          84           0.031697702   84    0
        84
          85           0.024885493   85    0
        85
          86           0.020080143   86    0
        86
          87           0.011410905   87    0
        87
          88           0.009535821   88    0
        88
          89           0.005453873   89    0
        89
          90           0.001871461   90    0
        90
$end
