$dipgrad          cartesian dipole gradients
  0.97735386515347D-01  -.12025544134693D-01  0.30130089884864D-03
  0.53983713858526D-01  0.12034476629094D+00  0.21503265830679D-02
  -.13139440875458D-02  0.93678766357613D-03  0.16657546894326D+00
  0.24925019185634D-01  0.30600182879056D-01  -.81313850659886D-03
  -.23210428944347D-01  0.11099466367383D+00  0.12383259370317D-02
  0.55550250337660D-03  0.83744985666894D-03  0.14101604868012D+00
  -.18606339955996D+00  -.71141367359938D-01  0.22464778816525D-02
  -.11106440124709D+00  -.26685474700864D-01  0.27248764160455D-02
  0.37268345927246D-02  0.29682464041731D-02  0.65955037606645D-01
  0.29345970882867D-01  0.21669847090244D-02  0.22068247735812D-01
  0.51617721488548D-01  -.27912214970922D-01  0.93998012224704D-01
  -.29247540380699D-01  0.11234412181639D+00  -.98976120258626D-01
  0.29285177076069D-01  0.96502865199489D-03  -.22066211310605D-01
  0.53119867208756D-01  -.40157290033740D-01  -.97808515302483D-01
  0.25828994213487D-01  -.11577418231119D+00  -.86818816989287D-01
  0.25402608500517D-01  -.34709750443267D-03  0.38653843356217D-03
  -.49999488918671D-01  0.10097230131966D+00  0.33080347743315D-02
  0.14346668763481D-02  0.22172603346276D-02  0.17877503642235D+00
  -.13667229756249D-01  0.25415113402170D-01  0.22127133553173D-01
  -.89837104215070D-03  -.66842991121771D-01  -.99069861308264D-01
  0.36904156641665D-02  -.12837384888261D+00  -.84544220975070D-01
  -.13753337759076D-01  0.24449349341050D-01  -.23815344921344D-01
  -.96819330323980D-03  -.53688104168747D-01  0.96422182202740D-01
  -.36877685964961D-02  0.12672090165842D+00  -.97385917274667D-01
  0.25498437524677D-01  -.15361695550482D-04  0.12090881553432D-03
  0.20522120397822D-01  0.11658686415275D+00  0.26261497040137D-02
  -.29006534757562D-03  0.17262924838331D-02  0.18237005577846D+00
  -.75077834483003D-02  -.33796965549108D-02  -.67282071588334D-03
  0.61167276822879D-02  -.64928297829050D-01  -.95540638359089D-01
  0.71263119795798D-02  -.12336574588978D+00  -.86294005275756D-01
  -.72790012625659D-02  -.29253906704534D-02  0.60429609239283D-03
  0.60653039790338D-02  -.52573510796682D-01  0.92676529522917D-01
  -.76539277429108D-02  0.12152898561631D+00  -.98216206571291D-01
  0.27524985200558D-01  -.12096895065505D-02  0.28660777298725D-03
  -.91695183150694D-02  0.11177913115572D+00  0.28007877716629D-02
  0.52893767483599D-03  0.18023666719702D-02  0.18066661111901D+00
  -.78709805533806D-02  0.24773650188390D-02  0.33907954774064D-02
  -.13129323688382D-04  -.63276770329241D-01  -.93658302157538D-01
  0.13312178777471D-02  -.12253320988175D+00  -.85315426385445D-01
  -.76613522160958D-02  0.26634993899083D-02  -.37673200916019D-02
  0.23870619720714D-03  -.51239642425929D-01  0.90875962313413D-01
  -.15929378851512D-02  0.12073105355531D+00  -.96859122605884D-01
  0.27528255060481D-01  -.12093791037351D-02  0.28116619581517D-03
  -.91713570765188D-02  0.11178144965870D+00  0.28195510864569D-02
  0.47011799274869D-03  0.18158866483846D-02  0.18066666453689D+00
  -.80902989846551D-02  0.94525798824703D-03  0.21744849553074D-02
  0.16904418373087D-02  -.62530094732257D-01  -.93292996523024D-01
  0.34791515684869D-02  -.12147046697747D+00  -.84859213483376D-01
  -.78251771084417D-02  0.13616317920505D-02  -.25579019074650D-02
  0.19701166399503D-02  -.50843578407323D-01  0.90549316841747D-01
  -.38716254789924D-02  0.11970084345953D+00  -.96089070921152D-01
  0.25495922792270D-01  -.15805229950320D-04  0.10685096230696D-03
  0.20525627105313D-01  0.11658659685143D+00  0.26196384383010D-02
  -.18490469039442D-03  0.17280659533011D-02  0.18237132349654D+00
  -.80776583598351D-02  0.93284293846290D-03  0.21671009361585D-02
  0.16926519478109D-02  -.62551643211545D-01  -.93301806245335D-01
  0.34514320272114D-02  -.12147230024720D+00  -.84845570657400D-01
  -.78381332180817D-02  0.13740704780938D-02  -.25660895708303D-02
  0.19656077577675D-02  -.50823531564714D-01  0.90540392400875D-01
  -.38974828754159D-02  0.11969749281629D+00  -.96103422994261D-01
  0.25406398182186D-01  -.34867512266068D-03  0.38334149774115D-03
  -.50001256008354D-01  0.10097318917186D+00  0.32995414451127D-02
  0.13685690464880D-02  0.22093682526858D-02  0.17877589715205D+00
  -.78700669064219D-02  0.24587939922937D-02  0.33803173451946D-02
  -.40804488812057D-04  -.63283570037363D-01  -.93659190778392D-01
  0.13329913306168D-02  -.12253645841438D+00  -.85309707350536D-01
  -.76620233850024D-02  0.26820881451292D-02  -.37786355515871D-02
  0.26660328060401D-03  -.51233620247090D-01  0.90874596347704D-01
  -.15915595185620D-02  0.12072766733322D+00  -.96864964226168D-01
  0.97733058713599D-01  -.12025662925576D-01  0.30424016004455D-03
  0.53986338251263D-01  0.12034463855389D+00  0.21452302103274D-02
  -.12436466766788D-02  0.93326851906706D-03  0.16657538502573D+00
  -.75158485884360D-02  -.33796535865794D-02  -.67312650637637D-03
  0.61279630743022D-02  -.64901779793536D-01  -.95530329975709D-01
  0.71080490183260D-02  -.12336278043454D+00  -.86320451329282D-01
  -.72719468930084D-02  -.29250631308629D-02  0.60439322136878D-03
  0.60528101682918D-02  -.52599540415057D-01  0.92689391670343D-01
  -.76695955098492D-02  0.12153617294698D+00  -.98191774767766D-01
  0.24923808631320D-01  0.30601103776076D-01  -.82001502026509D-03
  -.23210956101783D-01  0.11099427349877D+00  0.12462399829281D-02
  0.46287176996911D-03  0.84997937080340D-03  0.14101453987011D+00
  -.13666551656966D-01  0.25441334355255D-01  0.22138970471802D-01
  -.89189792001441D-03  -.66852470365668D-01  -.99072220093986D-01
  0.37211243745745D-02  -.12837277991924D+00  -.84530572884431D-01
  -.13753186007872D-01  0.24423245321875D-01  -.23801088775489D-01
  -.97427442051071D-03  -.53679363078133D-01  0.96417929708640D-01
  -.36542012556680D-02  0.12672146678960D+00  -.97398769723932D-01
  0.29348161433665D-01  0.21474936599081D-02  0.22088208939939D-01
  0.51585706076149D-01  -.27907341753233D-01  0.94003451748836D-01
  -.29240231130046D-01  0.11234485841351D+00  -.98980533355504D-01
  -.18606398174303D+00  -.71141233469257D-01  0.22190299470945D-02
  -.11106422119532D+00  -.26684494129307D-01  0.27081205435548D-02
  0.36899012765408D-02  0.29570561419516D-02  0.65955905595424D-01
  0.29284775909638D-01  0.98423415554914D-03  -.22048718416077D-01
  0.53150271354635D-01  -.40162542011237D-01  -.97800727130932D-01
  0.25832341388782D-01  -.11577381974844D+00  -.86814077992498D-01
$end
