$energy      SCF               SCFKIN            SCFPOT
     1 -394.5310926198      391.9487371705     -786.4798297903
     2 -394.5372306269      392.2390077469     -786.7762383739
     3 -394.5379744751      392.4175803272     -786.9555548023
     4 -394.5380236136      392.4328244704     -786.9708480840
     5 -394.5380388483      392.4342316122     -786.9722704605
     6 -394.5380809174      392.4090781836     -786.9471591010
     7 -394.5380820065      392.4078197504     -786.9459017569
     8 -394.5380820406      392.4057269612     -786.9438090018
     9 -394.5380819676      392.4052501359     -786.9433321035
    10 -394.5380819815      392.4055228560     -786.9436048376
$end
