$grad          cartesian gradients
  cycle =      1    SCF energy =     -394.5310926198   |dE/dxyz| =  0.055205
   -8.33776283422380     -1.04206821656079      0.05101256641783      c
  -10.75434461295796      0.53080753562391      0.00444971450352      c
  -12.42289719925067     -0.74044902849092      0.05482981320626      h
  -10.84064840544685      1.68386173012675     -1.74777994495336      h
  -10.82887541163897      1.80397272313296      1.67203854046846      h
   -5.98834192225240      0.65103191219810     -0.01410739612141      c
   -8.33152673798528     -2.32449306212098     -1.61343931416652      h
   -8.32049073736923     -2.20666863773556      1.79991630788083      h
   -3.56159341692331     -0.93172710766160      0.02973425016153      c
   -6.01179342356151      1.93120798366015      1.65346253258219      h
   -6.02284832143889      1.81790000473233     -1.76268988414183      h
   -1.21563070377509      0.76772250090379     -0.02671186942776      c
   -3.53559078533481     -2.20823711042585     -1.64051908965077      h
   -3.52750275748606     -2.10205339901901      1.77591678599318      h
    1.21684367173664     -0.80611701160869      0.01312355745347      c
   -1.24433564373362      2.04088768841283      1.64609260066394      h
   -1.25159219208390      1.94180934726564     -1.77036217224134      h
    3.55617344615844      0.90325365915435     -0.03198420533851      c
    1.24995167358480     -2.07461457556951     -1.66312021420008      h
    1.25316420801070     -1.98455022807618      1.75376919571576      h
    5.99433589733015     -0.66130729804566      0.00393948844765      c
    3.52043872498557      2.16840640785995      1.64677290207178      h
    3.51800097827415      2.08535294431963     -1.77013540510540      h
    8.32731619194545      1.05613250330480     -0.03275899305299      c
    6.03394455707543     -1.92273728626949     -1.67750103007134      h
    6.03356661184886     -1.84660022037553      1.73987970863906      h
   10.76107558122754     -0.48964457613433     -0.00016121726072      c
    8.30257967686598      2.31606960788364      1.64877601177264      h
    8.30290093030857      2.24439229566329     -1.76561895964780      h
   10.85491938098664     -1.66681167609279      1.73545774948810      h
   12.41466153654780      0.80194544117035     -0.02606936254258      h
   10.85590203857574     -1.73667485122557     -1.68621266754394      h
  0.19329441664284D-02  -.18357595210019D-02  0.10385307278260D-04
  0.87880880437764D-02  0.12278892200103D-02  -.19393266877499D-04
  -.57049882800862D-02  -.96500402286404D-02  0.34656428243682D-03
  0.12588178090409D-02  0.45974741807094D-02  -.10132638826992D-01
  0.13560818154531D-02  0.52885155059382D-02  0.97228368574217D-02
  0.31290676521212D-03  0.74437915767736D-02  -.18443098685969D-03
  -.16685808866100D-02  -.37509525097815D-02  -.98834774468453D-02
  -.16017622944799D-02  -.31009183862962D-02  0.10242850947880D-01
  0.14159902668390D-03  -.70480654104053D-02  0.15058984465785D-03
  0.20277345563209D-04  0.38400667097968D-02  0.97360992528502D-02
  0.12413046901884D-04  0.32588070105140D-02  -.10095029709040D-01
  -.15724876739215D-03  0.71400454308688D-02  -.16347360044571D-03
  0.55047895527467D-04  -.39170861667350D-02  -.98216622460073D-02
  0.15498107755552D-03  -.33373080864740D-02  0.10166205607779D-01
  0.16003601984446D-03  -.71541036311753D-02  0.13800722317234D-03
  -.11496209743675D-03  0.38240255496683D-02  0.98326571338309D-02
  -.92293850556136D-04  0.33238923379687D-02  -.10139778599393D-01
  -.15655697627771D-03  0.70498932716351D-02  -.14689381146149D-03
  0.53336689954366D-04  -.38528218532555D-02  -.98335512200492D-02
  0.14719926639054D-03  -.33530719288284D-02  0.10113118104758D-01
  -.28766035615488D-03  -.74587883724459D-02  0.13766072845793D-03
  -.11012255840458D-03  0.38219239319282D-02  0.98854049933187D-02
  -.83763509748201D-04  0.33985584103232D-02  -.10130746526319D-01
  -.18934261454548D-02  0.18154332229394D-02  -.31929629598530D-04
  -.55172886145807D-04  -.37640553812909D-02  -.97958390110370D-02
  0.92261204363427D-05  -.33554557168558D-02  0.10024092122176D-01
  -.88074243268989D-02  -.13175675181355D-02  0.16879272624296D-04
  0.16239319821963D-02  0.36672171604806D-02  0.99830485184987D-02
  0.16441122168302D-02  0.32761378379679D-02  -.10164633325692D-01
  -.12515825520300D-02  -.47268985000783D-02  0.10050914364740D-01
  0.55957780429472D-02  0.97617094228125D-02  -.18913283743875D-03
  -.12806385873612D-02  -.51111860435154D-02  -.98255473246225D-02
  cycle =      2    SCF energy =     -394.5372306269   |dE/dxyz| =  0.018107
   -8.42807789911106     -1.02987366183242      0.04753974066951      c
  -10.87084034848816      0.51923100292344      0.00417320548251      c
  -12.52724609792123     -0.73066525365480      0.04959944796886      h
  -10.97174590178344      1.67211819191448     -1.71865324415773      h
  -10.96251163017703      1.78200849215274      1.64884011179600      h
   -6.05588426554330      0.62859047676345     -0.01087722223034      c
   -8.40965990526904     -2.31060314258492     -1.59002751542470      h
   -8.40092035294791     -2.20312403805127      1.76339810193094      h
   -3.60038763126812     -0.90901517147740      0.02933467525145      c
   -6.08372630319133      1.90777700375973      1.62940656676332      h
   -6.09269775883724      1.80422052194358     -1.72639350951927      h
   -1.22917110221104      0.75511558085705     -0.02362222994758      c
   -3.57198007259570     -2.18586746036381     -1.61233110571676      h
   -3.56446680889827     -2.08653606553728      1.74321764411316      h
    1.22981215519190     -0.77688092429938      0.01420839329522      c
   -1.25960308507376      2.02973020929173      1.61990445202348      h
   -1.26604230627210      1.93521215653598     -1.73583931122679      h
    3.59733390307184      0.89285823131069     -0.03185235812418      c
    1.26256617493677     -2.04901507938405     -1.63110341964522      h
    1.26715036941708     -1.95944407541681      1.72468458463640      h
    6.05916809365857     -0.63442718875907      0.00468661707336      c
    3.56253198544290      2.16301975308468      1.61489827574748      h
    3.55971743016676      2.07712371451535     -1.74108994242110      h
    8.42222480185782      1.03784223120897     -0.03640317548568      c
    6.09674167882191     -1.90290450394863     -1.64356203871973      h
    6.09843962882854     -1.82064800203975      1.71283501878308      h
   10.87469198063882     -0.49581344888474     -0.00011093569454      c
    8.39222782487745      2.30544314985554      1.61118738914520      h
    8.39173303516109      2.22472936078231     -1.74286982935610      h
   10.97883170286067     -1.66335563022249      1.71258509453844      h
   12.52266299434482      0.76574801719342     -0.02969428582552      h
   10.97912771031190     -1.74259444763629     -1.65606919572333      h
  0.68035862430905D-03  -.18559624572781D-02  0.62531190781256D-04
  0.16998295853609D-03  0.19026809143597D-02  -.44930157849061D-04
  -.17993942851986D-02  -.34521029429704D-02  0.11226756165133D-03
  0.79278403089608D-03  0.89823844418440D-03  -.31604643037331D-02
  0.82602311386182D-03  0.11147572447771D-02  0.30700679393180D-02
  -.57665453736620D-03  0.34439986707016D-02  -.11623496894059D-03
  -.74812618533074D-03  -.26952226538692D-03  -.33069727218639D-02
  -.72215470093898D-03  -.48228263710863D-04  0.33616586719109D-02
  -.31496211247359D-04  -.33460722641794D-02  0.87362845273997D-04
  -.69851082830016D-05  0.87919867086443D-04  0.31751033076308D-02
  0.15498547869531D-04  -.98354555712075D-04  -.32041163896281D-02
  -.11106467662603D-03  0.32202125461435D-02  -.10640535568804D-03
  -.23777222002228D-04  -.12770815565821D-03  -.31516712817811D-02
  0.32628373858888D-04  0.73302720639122D-04  0.31973415143342D-02
  0.11237634286439D-03  -.32195304804577D-02  0.67005379257912D-04
  -.14533404930725D-04  0.95035431504761D-04  0.31993049776134D-02
  0.25198354016147D-04  -.67147616666676D-04  -.32237681910005D-02
  0.24542677303258D-04  0.33551615293789D-02  -.89719466290050D-04
  -.39634343211681D-04  -.12385253964128D-03  -.31697237454891D-02
  0.24975800423800D-04  0.59200232189000D-04  0.32102141518129D-02
  0.58319276557124D-03  -.34483984168509D-02  0.70156061134113D-04
  -.15908051187985D-04  0.85820002795910D-04  0.31797239004984D-02
  0.18312764139748D-04  -.61261688645772D-04  -.32038748665689D-02
  -.67078451459820D-03  0.18518740676879D-02  -.35966535721285D-04
  -.36052396273760D-04  -.76241690608572D-04  -.31596249604692D-02
  0.14012833047550D-04  0.79483267682486D-04  0.31924145125880D-02
  -.16369463431381D-03  -.19279909362399D-02  0.38021814573574D-04
  0.72989488172563D-03  0.25166105730702D-03  0.33226533601581D-02
  0.74839465942507D-03  0.94422531088711D-04  -.33553226777517D-02
  -.79439016727889D-03  -.91810593806993D-03  0.31487739083526D-02
  0.17729211691053D-02  0.34890026912561D-02  -.74315232616556D-04
  -.81571885564278D-03  -.10610927019833D-02  -.30912635278291D-02
  cycle =      3    SCF energy =     -394.5379744751   |dE/dxyz| =  0.008317
   -8.42398864276393     -1.02983669432745      0.03510056035807      c
  -10.87143810135800      0.51034545795555     -0.00022808150018      c
  -12.52575165714190     -0.72318800702272      0.02776439317061      h
  -10.97570715369699      1.68116771054384     -1.69810961756193      h
  -10.97660196304173      1.75759352595126      1.64245030876225      h
   -6.05335551075000      0.62115521414233     -0.00063150592816      c
   -8.39152916494373     -2.30073440641371     -1.59806454280006      h
   -8.39236579745734     -2.22616178006151      1.72334355575114      h
   -3.59656777141957     -0.90030959846270      0.03114046748398      c
   -6.08768908192636      1.89163667240348      1.63532297996642      h
   -6.08787865655368      1.82082423603891     -1.68874338828541      h
   -1.22879020266383      0.75571981410595     -0.01233282790687      c
   -3.56550005524360     -2.17472408472096     -1.60135242042318      h
   -3.55888430586712     -2.09478569367782      1.72248333080860      h
    1.22906046625162     -0.76374477908311      0.02136445441112      c
   -1.26203572920836      2.03046287403187      1.61993431842058      h
   -1.26560363166455      1.94992456098250     -1.70392200060615      h
    3.59536490746208      0.89408281019019     -0.03233293892935      c
    1.25872342461300     -2.04460215840183     -1.60610312675102      h
    1.27063000062106     -1.95169976894375      1.71724643050034      h
    6.05464457929889     -0.62311450497163      0.00929582739271      c
    3.56159751882714      2.17803133770533      1.59262404417513      h
    3.55699923675417      2.07839378740880     -1.73082241637502      h
    8.42165528626636      1.03229397719900     -0.05209104444424      c
    6.08612212562546     -1.91224904433934     -1.61195505329585      h
    6.09709023813191     -1.80322645500983      1.71099402917356      h
   10.87295805300286     -0.50129736847493     -0.00017285272133      c
    8.38816011699931      2.32442377602240      1.56426277127839      h
    8.38491994452641      2.20632379632930     -1.75586081193639      h
   10.98291963697287     -1.64941489930277      1.71278574901805      h
   12.52390779043344      0.73619834185595     -0.04676792351731      h
   10.97893409991423     -1.76948864965256     -1.62662266768865      h
  0.88018209113073D-03  -.20204752839294D-02  0.53564112189295D-04
  -.22281164918035D-02  0.18183466247498D-02  -.55136335033366D-04
  0.68525227635917D-03  -.20487020860434D-03  0.59539501057427D-05
  0.37032841641761D-03  -.64758704975640D-03  0.23674099542026D-03
  0.36812689852498D-03  -.64100065406330D-03  -.20172824016453D-03
  -.25401681342902D-03  0.19025981332141D-02  -.80105840899375D-04
  -.24510998668317D-03  0.88069789288399D-03  -.24284182327115D-04
  -.22676939780693D-03  0.91850754577177D-03  -.21682824057775D-04
  0.14094404505882D-03  -.20304574939523D-02  0.46577467456510D-04
  0.25321663556371D-05  -.10029300194508D-02  0.59855125494120D-04
  0.30148198656670D-04  -.10147753294703D-02  0.32049229107588D-04
  -.45393825214797D-04  0.20209015712483D-02  -.87253657486123D-04
  -.64433732463755D-04  0.97778784713452D-03  -.46524676509847D-05
  -.22276455204534D-04  0.10283441534457D-02  -.28478792896851D-04
  0.52065994958439D-04  -.19998247255989D-02  0.42325456940364D-04
  0.70948291761679D-05  -.10018528236959D-02  0.54154089919198D-04
  0.60093807749859D-04  -.99731664490087D-03  0.22652040511134D-04
  -.14718965121313D-03  0.20436590804361D-02  -.72927745996321D-04
  -.57327155186825D-04  0.97461464804871D-03  -.95417711944955D-05
  -.64808561538905D-05  0.10067543779768D-02  -.10368307372846D-04
  0.26812802091158D-03  -.18871665287846D-02  0.53086491679066D-04
  0.12899664716657D-04  -.10169306428153D-02  0.24266311577703D-04
  0.65746405955070D-04  -.10113296272413D-02  0.18902644466700D-04
  -.88954990945045D-03  0.20152816695849D-02  -.71876268992910D-04
  -.31313041508805D-04  0.10079526967292D-02  -.17701893825019D-04
  0.10302231108594D-04  0.10098092950597D-02  -.47169249929729D-05
  0.22274469305777D-02  -.18421590380608D-02  0.53722294151737D-04
  0.21440711738006D-03  -.90051436833320D-03  0.79325114127893D-05
  0.24586004390548D-03  -.90592826531880D-03  -.51772404997125D-06
  -.35440557772305D-03  0.64887840544388D-03  -.22694103402800D-03
  -.68836074559738D-03  0.21329483815915D-03  -.19214309303899D-05
  -.38125062853603D-03  0.65845632392275D-03  0.20768309841232D-03
  cycle =      4    SCF energy =     -394.5380236136   |dE/dxyz| =  0.006918
   -8.42165843812442     -1.02979301386606      0.05882009975114      c
  -10.86886464481208      0.50789045271994      0.00432845226291      c
  -12.52486199186174     -0.72083526460121      0.06215367986734      h
  -10.98166077528142      1.64813397003974     -1.71304295310971      h
  -10.96911120815962      1.78752187262057      1.62150029767056      h
   -6.05209437344825      0.61957700789110     -0.01665895119530      c
   -8.39310971090686     -2.33345045437208     -1.54774981423064      h
   -8.38131590582364     -2.19751195408590      1.76623190768685      h
   -3.59534988643204     -0.89858146458729      0.02984042745251      c
   -6.07920296286827      1.92160709703864      1.59397248043598      h
   -6.09515803747076      1.79289526704571     -1.72262470507419      h
   -1.22865704102825      0.75585967395375     -0.02913128571532      c
   -3.56334234887687     -2.19143239730031     -1.58765416685895      h
   -3.55736433320770     -2.08037953845243      1.72968777590334      h
    1.22875344939194     -0.76140391547640      0.00810634949996      c
   -1.25833706696475      2.04391452266355      1.59225326803479      h
   -1.26982903198514      1.94273756374581     -1.72534962542104      h
    3.59460687464932      0.89484009162070     -0.03032485842527      c
    1.26501955564565     -2.03907013100771     -1.62130783563333      h
    1.26403267580329     -1.95921654144611      1.69675173686764      h
    6.05283061746659     -0.62138908073625     -0.00127358877770      c
    3.56052653898807      2.16781111454265      1.60284465121743      h
    3.55664333628860      2.09714224032054     -1.71572360957821      h
    8.42032130856676      1.03250713771392     -0.02495969173881      c
    6.09195543468599     -1.88768126301472     -1.63988820763568      h
    6.08691848290144     -1.83189125370306      1.67870063574028      h
   10.86982566733655     -0.50234212199786     -0.00038371935948      c
    8.38304098332255      2.29405611426214      1.61471587847819      h
    8.38502127091999      2.24401800776462     -1.70168742806651      h
   10.97733339132385     -1.68727824066591      1.68678839731469      h
   12.52382657524037      0.73029946537192     -0.01855515624269      h
   10.97926159472096     -1.73855496400196     -1.65038044112093      h
  0.76985904070907D-03  -.15876994081585D-02  0.74872085159244D-04
  -.20071381778615D-02  0.14383691282519D-02  -.36639868591870D-04
  0.79282811413365D-03  0.16061574782769D-03  -.11760155953455D-04
  0.23760964250999D-03  -.64885181652288D-03  0.52221945737487D-03
  0.25209970668942D-03  -.68425987499140D-03  -.49723866383216D-03
  -.18410859802376D-03  0.12861752972110D-02  -.43410293384220D-04
  -.13437572302460D-03  0.81137638984287D-03  0.34216787562309D-03
  -.14129793417337D-03  0.78113321813177D-03  -.35263381709270D-03
  0.12732241224683D-03  -.14098458497931D-02  0.60495987268057D-04
  0.16985078041192D-04  -.87798056968817D-03  -.31523632064537D-03
  0.17396680132572D-04  -.86059983054216D-03  0.32011183568219D-03
  -.38753836377498D-04  0.14321034116742D-02  -.40198075760278D-04
  -.35114966601857D-04  0.88053253234378D-03  0.31780382005995D-03
  -.42317151568612D-04  0.84399350458252D-03  -.35199141149162D-03
  0.33259944534653D-04  -.14167794191198D-02  0.54574308476774D-04
  0.29617928092539D-04  -.85635300129067D-03  -.31384338745425D-03
  0.26008732860330D-04  -.86625988839170D-03  0.32907715924177D-03
  -.13286647850481D-03  0.14347948586522D-02  -.39828815560410D-04
  -.23741168285081D-04  0.85730803620229D-03  0.30692272291956D-03
  -.29567423360237D-04  0.84530518915795D-03  -.36056715814299D-03
  0.17937397953671D-03  -.12903533501438D-02  0.42243957488988D-04
  0.36911248200916D-04  -.85677099447091D-03  -.30847899003316D-03
  0.32252288503259D-04  -.88203435219304D-03  0.34924889129810D-03
  -.76293455729079D-03  0.16024758054105D-02  -.33700360108968D-04
  -.11015495365148D-04  0.85101933948291D-03  0.29492573813839D-03
  -.12451347530326D-04  0.87455253992443D-03  -.36259138326767D-03
  0.20307166423046D-02  -.14563682524989D-02  0.30624667773742D-04
  0.13162673386001D-03  -.78593898967773D-03  -.31948204418527D-03
  0.13153623740038D-03  -.80029726444456D-03  0.37828045090035D-03
  -.24690896400594D-03  0.67152501520040D-03  -.52516238866770D-03
  -.80225460505976D-03  -.15606021151404D-03  -.37578851016724D-05
  -.23897976175641D-03  0.66517364390567D-03  0.49446727519653D-03
  cycle =      5    SCF energy =     -394.5380388483   |dE/dxyz| =  0.003114
   -8.41436906686863     -1.03342128928284     -0.02184258928030      c
  -10.85947868680015      0.50053395836727     -0.01845527166122      c
  -12.52186816174383     -0.72073157680490     -0.05735114123498      h
  -10.95300771257919      1.74702070709707     -1.66284804915384      h
  -10.98729957214873      1.68660013805397      1.66801532422610      h
   -6.04833068840200      0.61863453458080      0.03267391347666      c
   -8.35721982259674     -2.24747322817268     -1.69780274691343      h
   -8.39039074049642     -2.30832314778694      1.60867842672733      h
   -3.59192625211157     -0.89442139668083      0.03988106214397      c
   -6.10593474646683      1.84103968082196      1.70551971366396      h
   -6.06478611451054      1.89149100296187     -1.60247021081103      h
   -1.22804510420489      0.75960464063623      0.03142094165752      c
   -3.55565261448209     -2.15019628604378     -1.60828081536531      h
   -3.55495731890821     -2.13297897313673      1.70054287816485      h
    1.22816211993671     -0.75391050666048      0.06210874098131      c
   -1.27284350047116      2.02678974321637      1.67048836901351      h
   -1.25612480742509      1.98658503503004     -1.63789202644053      h
    3.59241501985910      0.89710939079380     -0.02763488530832      c
    1.24594468163254     -2.06427948709987     -1.54313060617994      h
    1.28300820301914     -1.93619361491171      1.76279498613940      h
    6.04786834325957     -0.61609898336996      0.03645086240497      c
    3.56265030938089      2.22321401757210      1.56451815863542      h
    3.54992121824145      2.06232742030105     -1.74050509353884      h
    8.41502196193307      1.02847862005088     -0.11144916872739      c
    6.05851141542756     -1.97312386166351     -1.53002295199695      h
    6.10974760680279     -1.74908924312538      1.77061671178078      h
   10.85886351349417     -0.50439729455337     -0.01422641630538      c
    8.38980438069364      2.39719973202185      1.44142608363846      h
    8.36094789114927      2.14165114902947     -1.85585873824040      h
   10.98359759457137     -1.58743591847210      1.74026427176253      h
   12.52231232459526      0.71105062678080     -0.12461850757699      h
   10.95345832621964     -1.84725558955041     -1.58101122568207      h
  0.21605093483977D-03  -.23719360872712D-04  0.24451035800580D-05
  -.54284361100110D-03  0.52650433861379D-04  -.88516523226403D-04
  0.45707834207159D-03  0.51833327899508D-03  0.42213484771264D-04
  -.42567564310335D-04  -.27993255928002D-03  0.59142626191181D-03
  -.94027963466188D-04  -.20755951887463D-03  -.52758053657830D-03
  0.34492455720930D-04  -.41043508416056D-03  -.12190794392675D-03
  0.32127876261990D-04  0.30844392362096D-04  0.52813965362875D-03
  0.10940464676062D-03  0.17173468872050D-03  -.68201320767598D-03
  0.32757737820688D-04  0.36813821463638D-03  -.30900818625418D-04
  -.67022830408971D-05  -.26626422750210D-04  -.43507577043024D-03
  0.35074946488155D-04  -.10083109786006D-03  0.69985484545976D-03
  0.74635995768318D-05  -.32323077550342D-03  -.10338363721818D-03
  -.69932834868634D-04  -.20854210801261D-04  0.56576642464259D-03
  0.43710927678983D-04  0.15785972057162D-03  -.57274066701435D-03
  0.19310748101010D-04  0.34893889459350D-03  -.10694274292587D-03
  -.52827042795058D-04  -.11505153053722D-03  -.50228896582998D-03
  0.61978306622923D-04  -.27743141612177D-04  0.65634811790861D-03
  -.20936423627105D-04  -.39018148315413D-03  -.28481914022480D-05
  -.50471656044387D-04  0.52173249272540D-04  0.64959420784759D-03
  0.49256317460769D-04  0.10254875994744D-03  -.50030350218005D-03
  -.67237084446295D-05  0.46721227933247D-03  -.12013990793849D-03
  -.60682035481249D-04  -.16573797804141D-03  -.57595558605540D-03
  0.72554518410803D-04  0.11904896113246D-04  0.53616003424173D-03
  -.24293189667313D-03  -.11076756521556D-04  0.92201293836608D-05
  -.32454042939742D-04  0.13770497675439D-03  0.64872858226805D-03
  0.22539215431598D-04  0.11670244105692D-04  -.44516266908903D-03
  0.47941079027865D-03  -.62684991866041D-04  -.48157147800515D-04
  -.11588461402512D-03  -.19956712083015D-03  -.67935483947071D-03
  -.38355946661042D-04  -.53108308181006D-04  0.50739577760742D-03
  0.96640755460869D-04  0.19118549929846D-03  -.53479935384693D-03
  -.44400491950036D-03  -.51426747012932D-03  0.61979233988118D-04
  0.47021470088292D-04  0.31157846568498D-03  0.57602640910377D-03
  cycle =      6    SCF energy =     -394.5380809174   |dE/dxyz| =  0.000627
   -8.41625521460398     -1.03256929864076      0.04995174569119      c
  -10.86038612083453      0.50296312243161      0.02050446704208      c
  -12.52321220876019     -0.72043935395454      0.06328344254301      h
  -10.97794654332382      1.67225041933006     -1.67991155484398      h
  -10.96079912932304      1.76479139970266      1.65470827901765      h
   -6.04918506060348      0.61967258600268     -0.00783063828632      c
   -8.38638451589242     -2.32087481626008     -1.57188061943701      h
   -8.36878722930239     -2.22966856626013      1.73959257001479      h
   -3.59306724306892     -0.89620259462640      0.01743793903702      c
   -6.07575043507012      1.90930774788636      1.61586436341279      h
   -6.09539104264115      1.82108650545822     -1.69711724856494      h
   -1.22821973543709      0.75798436430228     -0.03274472088595      c
   -3.56449790798826     -2.18084466093947     -1.60984580392645      h
   -3.54954337925312     -2.10168374078911      1.70354743834878      h
    1.22812685024271     -0.75776052466743     -0.00127679605950      c
   -1.25909872602058      2.04624238302978      1.59157153374326      h
   -1.26939116606765      1.95974025582635     -1.72150074374787      h
    3.59319829795400      0.89635499068499     -0.04356198224817      c
    1.26145324644473     -2.04153921383677     -1.62910875388036      h
    1.26670385052923     -1.96425164527432      1.68415283938308      h
    6.04899559905696     -0.61950629819121      0.00310567262172      c
    3.55448772449702      2.18792045336376      1.57803440707898      h
    3.56018872239141      2.09456494252605     -1.73506027922308      h
    8.41662402150295      1.03243276354373     -0.03962780731768      c
    6.08779594725861     -1.91192608276457     -1.61816286981091      h
    6.08235278314494     -1.81807305480569      1.69468701454163      h
   10.86022438323688     -0.50304829615224      0.02086623462518      c
    8.37103608434956      2.32851590627606      1.57564766291866      h
    8.38566801120341      2.22135976127960     -1.73538535825116      h
   10.96177332188625     -1.66327912759320      1.72849136180887      h
   12.52349063202476      0.72004367439945     -0.01283862305343      h
   10.97579618246738     -1.77356400128768     -1.60559317229203      h
  0.15432164095787D-03  -.48452935449042D-04  0.79839047885527D-05
  -.22224480738231D-03  0.10175785454504D-03  0.72076540506179D-05
  0.96744264408689D-04  0.36339150754404D-04  0.94131635406357D-06
  0.13219978643730D-04  -.37450662670755D-04  0.69724621044461D-04
  0.11287551246458D-04  -.33416200927110D-04  -.82543741750214D-04
  -.32473901287536D-04  -.75838189130381D-04  0.25986939348438D-04
  -.75463634769506D-05  0.19435701808027D-05  0.10969959242402D-03
  -.12045444123700D-04  -.46277016638174D-06  -.79927808535663D-04
  0.19951578607458D-04  0.68613131515419D-04  0.22728984085875D-04
  0.60803953793234D-05  0.22087202805925D-04  -.10967200728852D-03
  0.12139144477873D-04  0.71249787873357D-05  0.66433412556475D-04
  -.14063637403194D-04  -.48143208750746D-04  0.31935816056039D-04
  0.42944424948500D-06  0.25282539162924D-05  0.81663415632566D-04
  -.55397809634594D-05  -.25949690564644D-04  -.94936606569760D-04
  0.96708888387143D-05  0.54238948619334D-04  0.37000745055027D-04
  -.53962479761712D-05  0.32146480110232D-04  -.11670730090292D-03
  0.29629754987395D-05  -.17048050891089D-04  0.68656842560837D-04
  -.70426172061877D-05  -.61872391375867D-04  0.24583546066798D-04
  -.39441786491221D-05  0.41367113701868D-05  0.72837479474105D-04
  0.62997028848072D-05  -.27849589033534D-04  -.11302198311418D-03
  0.15876520888875D-04  0.80502305686299D-04  0.24548063978867D-04
  -.37220304475428D-05  0.31638244723324D-04  -.10811284515263D-03
  0.76335852271401D-05  -.14881205999675D-04  0.68446067336247D-04
  -.13844507493338D-03  0.54808773359380D-04  0.48257923268291D-05
  -.19418519482907D-04  -.83917613326462D-05  0.83766333064386D-04
  0.25421146314132D-05  -.25504011727148D-04  -.92856442988669D-04
  0.21609132338284D-03  -.10224461799585D-03  0.18393997053126D-04
  0.64089280557983D-05  0.58651481043962D-05  -.11520952072993D-03
  0.11682835961133D-04  -.11618121280969D-04  0.72173423944132D-04
  -.55141391089020D-05  0.36590787890685D-04  -.71836445605815D-04
  -.97329374879170D-04  -.34908523788093D-04  0.18057485172418D-06
  -.18657573353453D-04  0.33037718211353D-04  0.82130999238872D-04
  cycle =      7    SCF energy =     -394.5380820065   |dE/dxyz| =  0.000483
   -8.41650705281605     -1.03267994945790      0.04147492234819      c
  -10.86051307753060      0.50250563095084     -0.00694210068458      c
  -12.52343195787397     -0.72116046855085      0.02903786669287      h
  -10.96779709045939      1.66711305726899     -1.71132517362933      h
  -10.97089707857234      1.76863155922520      1.62337812153626      h
   -6.04926898252476      0.61979219831132     -0.00601577592903      c
   -8.37661347398087     -2.32494467944116     -1.57707367101210      h
   -8.37936304627444     -2.22517949883936      1.73469170354001      h
   -3.59315709608834     -0.89590895258078      0.03635395502946      c
   -6.08527511160477      1.91228883103887      1.61528128531493      h
   -6.08592492040943      1.81766040122470     -1.69809367255089      h
   -1.22818821638721      0.75835890203090     -0.01180140059203      c
   -3.55785059403250     -2.18802675503133     -1.58491905454309      h
   -3.55647775204664     -2.09306923883167      1.72859912437393      h
    1.22817095695880     -0.75743772590682      0.02421374517301      c
   -1.26129500926401      2.04735721621214      1.61194553650662      h
   -1.26703068907276      1.95882072700709     -1.70159267405933      h
    3.59324999507003      0.89664796047598     -0.02550685495276      c
    1.26069822585786     -2.04740165994984     -1.59878602102774      h
    1.26753182854811     -1.95695855649387      1.71466252774009      h
    6.04916508199844     -0.61960369647033      0.00709205404958      c
    3.56201329008770      2.18457417123000      1.59919606945809      h
    3.55269529845016      2.09813395139554     -1.71457084416765      h
    8.41666865363811      1.03243566500099     -0.04323683014729      c
    6.08057291975314     -1.90878492286667     -1.61696460579637      h
    6.09012429697160     -1.82097709473913      1.69656149605473      h
   10.86041287942499     -0.50359855620710     -0.01017484374833      c
    8.38332885911300      2.31840829595409      1.58048669707290      h
    8.37333588047395      2.23149397169132     -1.73163823869864      h
   10.97436002590659     -1.67411686426210      1.68970787563652      h
   12.52351666941714      0.71974114701100     -0.04873586322501      h
   10.96374628726851     -1.76411506640005     -1.64530535576317      h
  0.13256014573080D-03  -.57030436801384D-04  -.37433226612038D-05
  -.19423260297413D-03  0.10318875048490D-03  -.78237059484842D-05
  0.76135104652745D-04  0.87520950018266D-05  0.24937919269746D-05
  0.16935784601776D-04  -.32103312245017D-04  0.42938556236636D-04
  0.21193985611914D-04  -.27331374788164D-04  -.54024510041387D-04
  -.30166290873768D-04  -.36790805194448D-04  -.24423927714456D-05
  -.17968018355387D-04  0.41462042949594D-05  0.75489295604365D-04
  -.12559656742847D-04  0.10390559723510D-04  -.42007165126846D-04
  0.15733424650466D-04  0.28863146835562D-04  -.10331060994684D-04
  0.10179655645939D-04  0.97765434660911D-06  -.63893217386816D-04
  0.60742700143941D-05  0.75243704708624D-05  0.46837519444981D-04
  -.10897140596433D-04  -.16829648255574D-04  -.11392647799424D-04
  -.38523687324217D-05  -.79091343273621D-05  0.74368856343411D-04
  -.18182110387045D-05  0.68636340370058D-05  -.38081017327787D-04
  0.72673177438642D-05  0.19330523543526D-04  -.10086196759351D-04
  0.81132170502707D-06  -.52456618912511D-05  -.60886371522487D-04
  -.14684082638161D-05  0.32335853049851D-05  0.55825316864558D-04
  -.12272670024419D-04  -.23164673250586D-04  -.14966654133114D-04
  0.26312247839444D-05  -.11567351050558D-04  0.74995356529736D-04
  -.11635655424299D-05  0.10729493386026D-04  -.44193774224845D-04
  0.23583173990149D-04  0.35760656058564D-04  -.57582388847677D-05
  0.21013617775949D-05  -.12470374951817D-05  -.57083975750755D-04
  0.12529701074503D-05  0.48212204584609D-06  0.54670892526996D-04
  -.12997156020905D-03  0.63007913098934D-04  -.14894642186847D-04
  -.24167723554989D-05  -.16393021047518D-04  0.66396661392194D-04
  -.10363287453517D-04  0.61545273477223D-05  -.47433244998034D-04
  0.19882307181700D-03  -.11057951226445D-03  -.49981267320476D-05
  0.11879301159350D-04  -.52947397188030D-05  -.60386776781888D-04
  0.15013683933240D-04  -.91871533840805D-05  0.58263177574423D-04
  -.19693700643142D-04  0.37259928782684D-04  -.45418649279427D-04
  -.76122592042691D-04  -.77636319313727D-05  -.46339679288417D-05
  -.17113881795691D-04  0.21973286582686D-04  0.53606370476784D-04
  cycle =      8    SCF energy =     -394.5380820406   |dE/dxyz| =  0.000220
   -8.41657875161936     -1.03262285873541      0.04210155843568      c
  -10.86029712773112      0.50285079608014      0.00260673041975      c
  -12.52353670781873     -0.72067371149101      0.03959092394338      h
  -10.97127696814256      1.67129895870994     -1.69909594868728      h
  -10.96689376152935      1.76541135460040      1.63614865760515      h
   -6.04928263123245      0.61989220162695     -0.00647673892897      c
   -8.38018295155554     -2.32081493130486     -1.57997467756872      h
   -8.37586685664680     -2.22910637376360      1.73258115906327      h
   -3.59322840728090     -0.89617964903850      0.03102831061291      c
   -6.08321055391361      1.91038648805059      1.61662507555203      h
   -6.08805137601137      1.81945833974398     -1.69742850685534      h
   -1.22816565717501      0.75807076716835     -0.01886725336426      c
   -3.56027914372264     -2.18655900962529     -1.59184648659063      h
   -3.55427213055548     -2.09480725926206      1.72232123844716      h
    1.22815555606257     -0.75788443702555      0.01799375725850      c
   -1.26094957419126      2.04831429530053      1.60406604017614      h
   -1.26722883784054      1.95690332324256     -1.70996669135650      h
    3.59325999003098      0.89631034735327     -0.03209892504595      c
    1.26083064805971     -2.04825038478089     -1.60484825370625      h
    1.26730841989822     -1.95661977260112      1.70916208511381      h
    6.04924209226153     -0.61986646512684      0.00535757364998      c
    3.56038494506379      2.18676507332935      1.59071630395839      h
    3.55428876355444      2.09483463598538     -1.72346020247997      h
    8.41664040894402      1.03255469286669     -0.04199519253123      c
    6.08347911352928     -1.90967850624330     -1.61828706277102      h
    6.08760329684497     -1.82016191764639      1.69579761959611      h
   10.86026623175180     -0.50301022916103     -0.00035436696912      c
    8.37910805269392      2.32120729310665      1.57969162852963      h
    8.37719064137073      2.22854587146368     -1.73284756236602      h
   10.96997138912268     -1.67106515459625      1.70169775256999      h
   12.52357349250568      0.72045065831450     -0.03641139844884      h
   10.96799839527243     -1.76595443654086     -1.63352714726191      h
  0.78725737616922D-04  -.15900345093897D-04  0.54139714235398D-05
  -.91907947690165D-04  0.58847857489441D-04  0.78460722419127D-07
  0.24333304588488D-04  -.25326469363042D-04  0.54223152968075D-05
  0.18554350737568D-04  -.12359817581450D-04  -.36412949066464D-05
  0.17646586275774D-04  0.13040226856499D-05  -.64878664643928D-05
  -.27875624483586D-04  -.19071752064725D-04  0.65088147731263D-06
  -.17371993010695D-04  -.86004888337626D-05  0.11207772130064D-04
  -.12995082391734D-04  -.29412257464279D-06  0.18339404465953D-05
  0.10611441624259D-04  0.15524782794527D-04  0.33055370960086D-05
  0.20963965556668D-05  0.17077831887966D-04  -.14373989556671D-04
  0.70757434255005D-05  0.35067354749382D-05  -.17967048722110D-05
  -.42802322853808D-05  -.13054480971386D-04  0.30474521625634D-06
  -.43297889584706D-05  -.14103540458870D-04  0.16193490218433D-04
  0.18175476038146D-05  -.43586155577674D-05  0.43970588449131D-05
  0.28967512265693D-05  0.15124443459191D-04  0.33103247916166D-05
  -.15907636078498D-05  0.12628788700638D-04  -.16779909849385D-04
  0.12814781252223D-05  0.32345966920685D-05  -.45381897646156D-05
  -.71022183161795D-05  -.12814330630911D-04  -.61355825750620D-06
  0.68092960699151D-06  -.13996126960646D-04  0.17108080861361D-04
  0.23550471115342D-07  -.40611792936109D-05  0.43469465166313D-05
  0.22951179866141D-04  0.19732455756802D-04  0.30903302331645D-05
  0.17633785962274D-05  0.14999677399825D-04  -.17309638848131D-04
  -.30492452849154D-06  0.13451797565914D-05  -.57272942531094D-05
  -.74758651404633D-04  0.18499740861641D-04  -.39112646306044D-05
  -.28157267676424D-05  -.15741844093690D-04  0.92890732629196D-05
  -.51417049876758D-05  -.65412450899193D-05  -.35540274157045D-05
  0.91502602141108D-04  -.60088606137751D-04  0.40563085057371D-05
  0.15157619087933D-04  0.11502554231659D-04  -.12757808900678D-04
  0.14170206423995D-04  -.39817240752721D-05  -.34509601992902D-05
  -.17496420443540D-04  0.12123206340099D-04  0.29405267863852D-05
  -.24747645351761D-04  0.25986352573702D-04  -.42929063447297D-05
  -.18552259348298D-04  -.11996652925783D-05  0.61026634225261D-05
  cycle =      9    SCF energy =     -394.5380819676   |dE/dxyz| =  0.000131
   -8.41661699586931     -1.03255726059198      0.04388060947427      c
  -10.86018333678663      0.50281284221508      0.00133596283129      c
  -12.52364619598496     -0.72048524425425      0.03901340665548      h
  -10.97040055100884      1.66922264348183     -1.70187512982393      h
  -10.96761576914294      1.76742144709199      1.63330271191188      h
   -6.04927986835628      0.61995575116698     -0.00559733353375      c
   -8.37931219657302     -2.32272956819769     -1.57665428864663      h
   -8.37661106474314     -2.22687160672310      1.73595672853331      h
   -3.59326081382638     -0.89623787306126      0.03018872428721      c
   -6.08230759378319      1.90996671021378      1.61794923809958      h
   -6.08900137270808      1.81985062329033     -1.69632166349562      h
   -1.22814635084747      0.75804065925786     -0.01803206552111      c
   -3.56037617895742     -2.18479446560058     -1.59418241529652      h
   -3.55427083701929     -2.09661246135471      1.72027061265971      h
    1.22814419681666     -0.75805504996774      0.01603816571072      c
   -1.26043919923178      2.04595879784688      1.60680885608327      h
   -1.26764171222108      1.95915474459770     -1.70753575877236      h
    3.59326883469059      0.89624011624428     -0.03122095997582      c
    1.26072409187512     -2.04543359285890     -1.60922618932929      h
    1.26735086753736     -1.95973964403519      1.70514416134360      h
    6.04927265028752     -0.61992231119007      0.00644221485748      c
    3.55937337081273      2.18523755541091      1.59277435900177      h
    3.55529268763475      2.09614478800398     -1.72166223004765      h
    8.41662995792233      1.03256493771017     -0.04312049902776      c
    6.08292062716917     -1.91093428353740     -1.61629022099129      h
    6.08836513919098     -1.81877742581206      1.69792639842667      h
   10.86017545096088     -0.50282351353181     -0.00025379252984      c
    8.37923882401376      2.32293179114349      1.57725215134289      h
    8.37673117807360      2.22666910948138     -1.73535157916906      h
   10.97019798777525     -1.66919347034487      1.70299767647037      h
   12.52364842313886      0.72046531158301     -0.03777814056411      h
   10.96777574916026     -1.76747005767805     -1.63217971096489      h
  0.41468341123146D-04  0.44235307170848D-05  0.47065198213007D-05
  -.36451376134949D-04  0.27314315103721D-04  -.30166788578256D-05
  0.39064083929841D-05  -.27141598476181D-04  0.37155189572188D-05
  0.11989597247424D-04  -.40692924628376D-05  -.17212880002263D-04
  0.14288646887458D-04  0.81119857870925D-05  0.53288993874055D-05
  -.21100611255438D-04  -.13136155501657D-04  -.23203837883207D-05
  -.10397929336044D-04  -.14139785877380D-04  0.53689179263863D-06
  -.12137895845461D-04  0.27916038292108D-05  0.23107128329238D-04
  0.60478734190961D-05  0.10061485567397D-04  0.48342587460615D-05
  0.34411162304314D-05  0.15074664720068D-04  0.38666764259343D-05
  0.14102594071384D-05  0.29659207469316D-05  -.13099018401866D-04
  -.12237881230615D-05  -.11223603776478D-04  -.17246665978132D-05
  0.46199629108457D-06  -.15838501428795D-04  -.29967892893022D-05
  -.15344243536025D-05  -.24088671459616D-05  0.14450063303049D-04
  0.68416586365694D-06  0.12121518029040D-04  0.48345323877333D-05
  -.50288515690555D-06  0.17846237493681D-04  0.20446492093942D-05
  0.49440032109330D-06  -.72965260513452D-06  -.16284111888920D-04
  -.35345034396506D-05  -.92830107184805D-05  -.23324516408019D-05
  -.13805653324519D-05  -.14774357975227D-04  -.64258233381451D-05
  0.15792143461847D-05  -.36647410834312D-05  0.12079066042909D-04
  0.18562633728847D-04  0.13785423525980D-04  0.14037624066765D-05
  -.15858289695754D-05  0.15568995894404D-04  0.13319814198606D-05
  0.22083563482982D-05  0.16535153171265D-05  -.16222124992867D-04
  -.39872484727879D-04  -.38777405284296D-05  -.39202585904174D-05
  -.45765495656669D-05  -.15670257936945D-04  0.26839048130473D-06
  0.23732012027549D-06  -.24365057563966D-05  0.17665166025123D-04
  0.35879659958812D-04  -.27460623028385D-04  0.13330505415354D-05
  0.10582553117637D-04  0.11656057107689D-04  -.23796530910537D-06
  0.11739578769099D-04  -.90690253277265D-06  -.23196522240686D-04
  -.12346977228496D-04  0.39112262433271D-05  0.16981371059190D-04
  -.42263924227778D-05  0.27432490092669D-04  -.38636390301133D-05
  -.14108026719261D-04  -.79633796212647D-05  -.56727264335123D-05
$end
