$hessapprox internal
  0.760625846336D-02 -0.718268538579D-04  0.398864826580D+00 -0.633942769972D-04
 -0.264249200708D-02  0.398065883975D+00 -0.627993229894D-04 -0.268713950369D-02
 -0.269934979109D-02  0.398020834984D+00 -0.706835001623D-04  0.744132866730D-02
  0.805906590926D-02  0.828009168444D-02  0.290543426456D+00  0.247050643852D-04
 -0.463641295617D-03 -0.102111494487D-02 -0.987764659883D-03  0.545882485451D-02
  0.314393941498D+00 -0.498653666664D-05  0.267115304743D-04  0.171180756810D-04
  0.488400659287D-04 -0.100758292561D-03 -0.235366988323D-06  0.313892600076D+00
 -0.304869983736D-05 -0.315377393108D-02 -0.309377541115D-02 -0.326156569395D-02
  0.106481669315D-01 -0.701342185606D-03  0.399011362891D-04  0.323655867309D+00
 -0.213797010555D-04  0.127160811160D-03  0.162053203009D-03  0.480618659926D-04
 -0.278225001994D-03  0.780218158752D-07 -0.176028501197D-04  0.179802914001D-03
  0.330804503843D+00 -0.592534758271D-04 -0.209272179652D-02 -0.218144497609D-02
 -0.205128864380D-02  0.723867811535D-02 -0.972901955741D-03  0.524959113302D-04
 -0.273457396870D-02 -0.256918873678D-04  0.397759500530D+00 -0.573049411439D-04
 -0.201812496249D-02 -0.202519137471D-02 -0.215944184259D-02  0.653398685745D-02
 -0.104346496905D-02 -0.930409705398D-05 -0.228583784127D-02  0.203010536311D-03
 -0.178894773681D-02  0.397669369037D+00  0.311011397890D-04 -0.451535498297D-02
 -0.457709371344D-02 -0.474543278502D-02  0.168924014482D-01 -0.220389164439D-02
  0.655745626810D-04 -0.648326256991D-02  0.180600661598D-03 -0.407706419947D-02
 -0.356440693396D-02  0.324967937374D+00  0.172902440510D-03 -0.541450504759D-03
 -0.697491576159D-03 -0.245617567006D-03 -0.319980161163D-03 -0.448419058878D-04
  0.520203224519D-04 -0.470301476053D-04 -0.634250702360D-03 -0.827416894141D-04
 -0.941151303710D-03  0.266897019832D-03  0.338006090709D+00 -0.999634929935D-04
 -0.643081433054D-03  0.835431995941D-03  0.592662718963D-03 -0.801951410661D-02
  0.525963234142D-02  0.168216497247D-04 -0.108274887692D-02  0.187407783808D-03
  0.951360855996D-03  0.149222462471D-02  0.161972975683D-02 -0.318244780032D-03
  0.297770179896D+00  0.145156810391D-04  0.230384429488D-03  0.181317640537D-03
  0.333277232009D-03 -0.131475107718D-02  0.913687799985D-04  0.364110704314D-04
  0.511838167485D-03 -0.138867462386D-03  0.314002718870D-03  0.164231061650D-04
  0.804762107591D-03  0.610055471296D-03  0.742210966921D-05  0.334736842789D+00
 -0.793706191978D-04 -0.161812667541D-02 -0.174615319987D-02 -0.161606666217D-02
  0.640441740287D-02 -0.111588466808D-02  0.493439945608D-04 -0.219378028208D-02
  0.586016796865D-05 -0.113948116020D-02 -0.146155442756D-02 -0.344510834468D-02
 -0.443409787078D-03  0.174361827536D-02  0.208032286288D-03  0.397468059489D+00
 -0.208552737278D-04 -0.175489331235D-02 -0.181317650890D-02 -0.188908705679D-02
  0.546268243592D-02 -0.120477528647D-02 -0.141666550162D-04 -0.168564350307D-02
  0.106366296964D-03 -0.160552212354D-02 -0.147091136595D-02 -0.275604308255D-02
 -0.467727273284D-03  0.224641545314D-02  0.213181660956D-04 -0.142807666019D-02
  0.396856103690D+00  0.335859885100D-05  0.140665768187D-02  0.124975949535D-02
  0.132893149618D-02 -0.408471030772D-02  0.137356064310D-04 -0.193017325353D-04
  0.207011513214D-02 -0.753437128519D-04  0.107810067086D-02  0.865604575474D-03
  0.268053980207D-02 -0.322136795053D-04  0.144176676082D-02 -0.231685908977D-03
  0.792844507733D-03  0.537927859139D-03  0.332719137247D+00  0.195453509576D-03
 -0.807609071306D-03 -0.808664345310D-03 -0.829872037086D-03  0.973475257051D-03
 -0.118339577532D-03 -0.108525230205D-03 -0.497462329589D-03 -0.321009204251D-03
 -0.769719411402D-03 -0.706172896465D-03 -0.534233234633D-03  0.220037819555D-02
 -0.277464941296D-03  0.198581870022D-04 -0.103005451636D-02 -0.251910988629D-03
  0.175877289307D-03  0.337018665078D+00 -0.997039522463D-04 -0.200012573804D-02
 -0.227429962225D-03 -0.546716911667D-03 -0.549274752946D-02  0.576706532293D-02
  0.417755324852D-04 -0.292266608977D-02  0.241264709947D-03  0.374053199600D-04
  0.802341005257D-03 -0.399825118816D-03 -0.109541593943D-03 -0.186865325989D-01
  0.256636773060D-03  0.112925680718D-02  0.195665545682D-02  0.240150416129D-02
 -0.338847478548D-03  0.290643415639D+00  0.349790715075D-04  0.200716085245D-03
  0.125184605734D-03  0.317321808040D-03 -0.933414218153D-03  0.101765038256D-03
  0.215731914345D-04  0.320545611202D-03 -0.229954273010D-03  0.357392633117D-03
 -0.371472937446D-04  0.550432245119D-03  0.102228928129D-02 -0.153069200541D-03
  0.155224871328D-03  0.226665150853D-03  0.383573642891D-04 -0.147774879437D-03
  0.588766162916D-03  0.604336534664D-06  0.334014412759D+00 -0.756480419742D-04
 -0.174372042403D-02 -0.184374858597D-02 -0.181043808826D-02  0.697031275858D-02
 -0.118910786372D-02  0.191707348314D-04 -0.238728823155D-02  0.747255964703D-04
 -0.134274876391D-02 -0.147399690324D-02 -0.376810614090D-02 -0.708417723512D-03
  0.184453819675D-02  0.102971725130D-03 -0.100434798467D-02 -0.143776833231D-02
  0.871850183418D-03 -0.848245971306D-03  0.115266789663D-02  0.143327696052D-03
  0.397257996996D+00 -0.187580052108D-04 -0.184297723305D-02 -0.191941882764D-02
 -0.191050444457D-02  0.566279083069D-02 -0.120595958201D-02  0.136610904808D-04
 -0.181418474078D-02  0.451736832811D-04 -0.157255766291D-02 -0.160503134650D-02
 -0.288816235249D-02 -0.201008199286D-03  0.212901767820D-02  0.146662230847D-03
 -0.138909796709D-02 -0.151727603340D-02  0.594359390448D-03 -0.406994829290D-03
  0.179466396153D-02  0.146343929045D-03 -0.148287734361D-02  0.396798319836D+00
 -0.660773607531D-06  0.525525581149D-03  0.510488119237D-03  0.537379352032D-03
 -0.179038970840D-02  0.157239147533D-03 -0.466347802085D-05  0.751825630732D-03
 -0.253139250779D-04  0.450140891119D-03  0.378929840946D-03  0.106755882101D-02
 -0.104154636968D-04  0.789765974545D-04 -0.788679473834D-04  0.365641876317D-03
  0.279492615862D-03 -0.328062923617D-03  0.407233371579D-04  0.362303628884D-03
 -0.581726913890D-04  0.393082317514D-03  0.303087908480D-03  0.333543234879D+00
  0.989071759484D-04 -0.986687412872D-04 -0.169618380974D-03 -0.346899923662D-03
  0.236740602811D-02 -0.261211529162D-03 -0.187860122059D-03 -0.805105251107D-03
 -0.156948622858D-03 -0.243544974076D-03  0.192054432522D-04 -0.136348909836D-02
  0.756772305435D-03  0.294194739890D-03 -0.450123802740D-03 -0.342194789147D-03
  0.220803887526D-03  0.304817543362D-03  0.328260652214D-02 -0.369542019947D-04
  0.331700411812D-03  0.102629172592D-03 -0.173740614490D-03  0.741125250678D-04
  0.338950918907D+00 -0.963633453946D-04 -0.178879813887D-02 -0.795871456592D-04
 -0.374620497405D-03 -0.588144763342D-02  0.561985070253D-02  0.417931759330D-04
 -0.258688938467D-02  0.220326262088D-03  0.161735776907D-03  0.872896185494D-03
 -0.411856824636D-04 -0.636477466004D-04 -0.180333534526D-01  0.238365171645D-03
  0.118484367861D-02  0.196405754682D-02  0.221593877991D-02 -0.316053608375D-03
 -0.217073075158D-01 -0.706967653013D-05  0.120715170916D-02  0.182044887057D-02
  0.311467628000D-03 -0.654503400616D-04  0.292381152758D+00  0.164720477190D-04
  0.319400278330D-03  0.245673944125D-03  0.494969862497D-03 -0.159888900077D-02
  0.181771382696D-03  0.553252713638D-04  0.555084665427D-03 -0.230478190217D-03
  0.519155954338D-03  0.178363551272D-04  0.929893653894D-03  0.957100511415D-03
 -0.237003046149D-03  0.230829739345D-03  0.393338116010D-03  0.490201698211D-04
 -0.241084991661D-03  0.715927098363D-04  0.300007336924D-05  0.287770677982D-03
  0.231527822822D-03  0.235590245823D-03 -0.875446629186D-04 -0.474140027174D-03
 -0.630947119808D-05  0.334048758030D+00 -0.879905523827D-04 -0.182890379489D-02
 -0.188783635585D-02 -0.190684477250D-02  0.711969925878D-02 -0.114395814163D-02
  0.196120706467D-04 -0.249485673694D-02  0.142788612018D-03 -0.144937659977D-02
 -0.146455269332D-02 -0.389835392313D-02 -0.970225202541D-03  0.165906707043D-02
  0.853311906823D-04 -0.106633472611D-02 -0.143350502978D-02  0.936319623030D-03
 -0.108091854129D-02  0.888082617712D-03  0.554811948557D-04 -0.114994555327D-02
 -0.149928647488D-02  0.412055453696D-03 -0.149362078543D-03  0.958745154545D-03
  0.175224752916D-03  0.397150011970D+00 -0.145674952956D-04 -0.190381062117D-02
 -0.199448555402D-02 -0.194985834350D-02  0.613001432821D-02 -0.117710402658D-02
  0.153462316947D-04 -0.205817931577D-02 -0.127329428206D-05 -0.155007764595D-02
 -0.166294884438D-02 -0.321286768090D-02 -0.112453530844D-05  0.189903398158D-02
  0.188146606879D-03 -0.135202350808D-02 -0.152806540764D-02  0.712382502728D-03
 -0.254927042523D-03  0.142955062486D-02  0.247213786809D-03 -0.146103909775D-02
 -0.154386840408D-02  0.338322191013D-03  0.613472425958D-04  0.147715894236D-02
  0.315156834636D-03 -0.151764851227D-02  0.396795721797D+00 -0.271863362166D-05
  0.613971881215D-04  0.609690743068D-04  0.664342368736D-04 -0.161523881095D-03
  0.461441647616D-04  0.753145332350D-06  0.483804142094D-04 -0.824664449825D-06
  0.679108992620D-04  0.520916175731D-04  0.749840018113D-04 -0.257118317868D-04
 -0.823789186117D-04 -0.663993406720D-05  0.696831518062D-04  0.407082246367D-04
 -0.135336478319D-04 -0.353552751547D-04 -0.856597511282D-04 -0.626997910458D-05
  0.697390734043D-04  0.454328651194D-04 -0.760882829964D-05 -0.681793533315D-05
 -0.862964558005D-04 -0.507097821097D-05  0.693823595028D-04  0.495620119037D-04
  0.333668399390D+00  0.144852203208D-03  0.242658101927D-04 -0.841990011633D-04
 -0.285430229164D-03  0.218137892393D-02 -0.283020646227D-03 -0.234455353572D-03
 -0.660595903966D-03 -0.221344922014D-03 -0.190622020073D-03  0.953694761490D-04
 -0.121854938501D-02  0.110313199355D-02  0.473658220755D-03 -0.555540789077D-03
 -0.379072705122D-03  0.326068989808D-03  0.225372565990D-03  0.417518143921D-02
  0.214173420951D-03  0.413721697156D-03  0.168199010262D-03 -0.132326190499D-03
  0.400844873003D-04  0.646126865633D-02  0.156207419354D-03 -0.583669221830D-03
 -0.136416277667D-03  0.172707381489D-03 -0.120165800516D-04  0.341580140375D+00
 -0.970328505295D-04 -0.162105734520D-02  0.839339663756D-04 -0.199417563132D-03
 -0.643485900539D-02  0.570969680423D-02  0.389869029041D-04 -0.238071768684D-02
  0.205657958235D-03  0.321783871774D-03  0.100105077269D-02  0.262733604523D-03
 -0.402109707739D-04 -0.181295140568D-01  0.212980723591D-03  0.132194590602D-02
  0.206816058697D-02  0.213486358270D-02 -0.262537588861D-03 -0.217510188840D-01
 -0.103207307492D-04  0.135524633269D-02  0.192917137250D-02  0.276873114035D-03
  0.423862964679D-04 -0.209242581797D-01 -0.301648333981D-04  0.110464861294D-02
  0.160342996325D-02 -0.883526920070D-04  0.273602964233D-03  0.292237357808D+00
 -0.183442669190D-04  0.503300833360D-03  0.432043804453D-03  0.618231923098D-03
 -0.115622695519D-02  0.188700454862D-03  0.303336320692D-04  0.405356953842D-03
 -0.160553342069D-03  0.660537038727D-03  0.250880153043D-03  0.628886069326D-03
  0.416147986033D-03 -0.241889175318D-03  0.752997216617D-04  0.610207705834D-03
  0.207351656093D-03 -0.165363379179D-03 -0.705197271915D-05 -0.136804692487D-03
  0.182908921756D-03  0.535620108307D-03  0.311447058974D-03 -0.685197218014D-04
  0.117416990526D-03 -0.153437479533D-03  0.194125937088D-03  0.476163271014D-03
  0.405785984554D-03  0.399815745802D-05  0.886852634881D-04 -0.160819707016D-03
  0.333891836620D+00 -0.278233185186D-04 -0.187606270134D-02 -0.198250909920D-02
 -0.186237748238D-02  0.602205700020D-02 -0.115099936446D-02  0.459186813236D-04
 -0.204718126482D-02 -0.356861829290D-04 -0.143532920707D-02 -0.169764207054D-02
 -0.316214314297D-02  0.828669187664D-04  0.181772543570D-02  0.284331173935D-03
 -0.122445873429D-02 -0.156894197926D-02  0.711722552943D-03 -0.588965224581D-03
  0.135045215271D-02  0.295239557545D-03 -0.141270555453D-02 -0.151365006608D-02
  0.341559060203D-03 -0.461937637177D-03  0.140704373465D-02  0.458022195645D-03
 -0.146971275562D-02 -0.149369288435D-02  0.539237296849D-04 -0.468646772642D-03
  0.152946348345D-02  0.488306623706D-03  0.396974682118D+00 -0.737135689197D-04
 -0.176086541332D-02 -0.182490612014D-02 -0.190965415733D-02  0.703435633872D-02
 -0.120047411788D-02 -0.124753562902D-04 -0.237568761581D-02  0.168161961993D-03
 -0.149268957321D-02 -0.138407889187D-02 -0.380069731940D-02 -0.105106603324D-02
  0.192336429026D-02 -0.260632147371D-04 -0.114386735814D-02 -0.137256006692D-02
  0.869616492312D-03 -0.729028520074D-03  0.122297745860D-02  0.350752499099D-05
 -0.114378001280D-02 -0.150415607711D-02  0.388721308456D-03  0.413034477593D-03
  0.126870550972D-02  0.209580381517D-04 -0.116698565803D-02 -0.150937243998D-02
  0.653867369594D-04  0.543105339193D-03  0.141486810111D-02  0.392193474332D-03
 -0.154168750267D-02  0.397256270550D+00  0.127446018794D-05 -0.248583733507D-05
 -0.637068710568D-05 -0.432880850396D-05 -0.166260664014D-04 -0.305810304214D-04
  0.793592895626D-06  0.277712111936D-04 -0.303788394699D-05 -0.126388580703D-04
 -0.139362281357D-04  0.313682304690D-04  0.225542093131D-04  0.935452413997D-04
  0.403178385289D-05 -0.215809186596D-04 -0.149561812840D-04 -0.194011655200D-04
  0.105877607287D-04  0.125242913293D-03  0.207265384969D-05 -0.239844503529D-04
 -0.127722487991D-04 -0.419045270236D-05 -0.222233301995D-04  0.120988896328D-03
  0.461041189719D-05 -0.213368724453D-04 -0.133541253778D-04 -0.900541284167D-06
 -0.291020491073D-04  0.119520575330D-03 -0.475419650846D-05 -0.117760631753D-04
 -0.252492820944D-04  0.333657055134D+00  0.500402422540D-04  0.354231797247D-03
  0.271711268307D-03 -0.823537144262D-04  0.307776408282D-02 -0.309846119741D-03
 -0.267605319842D-03 -0.938291941950D-03 -0.992661213972D-05  0.151884367999D-04
  0.556018383416D-03 -0.180331878889D-02 -0.302365571718D-03  0.591218399852D-03
 -0.853511133843D-03  0.138492617536D-04  0.594256916836D-03  0.365594801449D-03
  0.352257894870D-02  0.911814327050D-04  0.944512476810D-04  0.706050160040D-03
 -0.175234820542D-04  0.815332474710D-04  0.700034309626D-02  0.205805043069D-04
 -0.979260037413D-03  0.447390118309D-03  0.266190063179D-03  0.655530725471D-05
  0.845389090503D-02  0.160050256944D-03  0.964038026886D-04 -0.451329881646D-03
  0.121675271020D-02 -0.446243217345D-04  0.343490048989D+00 -0.997655246670D-04
 -0.188139129482D-02 -0.187705801574D-03 -0.472328166279D-03 -0.532289859035D-02
  0.556523322333D-02  0.464055925406D-04 -0.280028305714D-02  0.217598084994D-03
  0.101672417987D-03  0.789936407343D-03 -0.369501815771D-03 -0.581086943642D-04
 -0.180035767387D-01  0.267839641091D-03  0.114863046079D-02  0.189607095336D-02
  0.230777458492D-02 -0.375770880686D-03 -0.217620810693D-01  0.232770859543D-04
  0.115322849760D-02  0.175709147448D-02  0.346566713439D-03 -0.103347073755D-03
 -0.209129578779D-01  0.393152380160D-04  0.895366094055D-03  0.141382723019D-02
 -0.810795654178D-04  0.122021237050D-03 -0.209540508734D-01 -0.103488982624D-03
  0.135404391366D-02  0.120148511327D-02  0.120175545985D-03 -0.102861524324D-04
  0.292292984107D+00 -0.497551458200D-04  0.354506627245D-03  0.334041434779D-03
  0.424213534108D-03 -0.232140369993D-03  0.174830396756D-03  0.177380162471D-04
 -0.238872745787D-05 -0.428560805371D-04  0.492055385743D-03  0.268670930470D-03
  0.245404238484D-04 -0.186555558639D-03 -0.414273945863D-03 -0.137569413962D-04
  0.560253237449D-03  0.201882860512D-03  0.313900470597D-04 -0.319801194803D-03
 -0.536059024991D-03  0.428156321028D-04  0.536719434638D-03  0.232486879921D-03
 -0.291624471935D-05  0.170452017493D-03 -0.530286591498D-03  0.486672564164D-04
  0.499025944198D-03  0.283365786619D-03  0.120091554437D-04  0.141462169338D-03
 -0.521520065908D-03  0.202412172094D-03  0.332244140604D-03  0.462669869087D-03
 -0.698942988727D-05  0.427044191903D-03 -0.498056093219D-03  0.333919286081D+00
 -0.407763440533D-04 -0.183353016307D-02 -0.194960434080D-02 -0.182987736095D-02
  0.637376306810D-02 -0.117633260949D-02  0.388842732646D-04 -0.217767259857D-02
 -0.347928468869D-04 -0.137460846687D-02 -0.165391010178D-02 -0.337934172166D-02
 -0.414007247706D-04  0.183457907201D-02  0.242938301434D-03 -0.113108798987D-02
 -0.154061235339D-02  0.767496512026D-03 -0.566965779899D-03  0.129610488415D-02
  0.299969752158D-03 -0.129507109818D-02 -0.150986288078D-02  0.359816754057D-03
 -0.142387137434D-03  0.135164513132D-02  0.424527228278D-03 -0.137039341129D-02
 -0.147151805784D-02  0.593783380940D-04 -0.982434110198D-04  0.148641642170D-02
  0.550026319510D-03 -0.138010063918D-02 -0.141698796814D-02 -0.159837584368D-04
  0.747329278982D-04  0.130051886039D-02  0.429127029367D-03  0.397010607519D+00
 -0.570273408368D-04 -0.184008056943D-02 -0.188669933039D-02 -0.196353853568D-02
  0.652097058303D-02 -0.119924878782D-02 -0.255833772988D-05 -0.217596559398D-02
  0.157011077620D-03 -0.159077054227D-02 -0.147385249830D-02 -0.346330126428D-02
 -0.868708550768D-03  0.197624233023D-02  0.270433172098D-04 -0.128671229514D-02
 -0.144022679221D-02  0.774027113541D-03 -0.726312029573D-03  0.140774022246D-02
  0.454409860135D-05 -0.131705928023D-02 -0.153967996000D-02  0.360158213761D-03
  0.389270431196D-04  0.144818450796D-02  0.676445867764D-04 -0.131968540587D-02
 -0.156670437235D-02  0.570899409845D-04  0.101883138802D-03  0.157607594858D-02
  0.320742995312D-03 -0.157458515668D-02 -0.127098945725D-02 -0.192498069257D-04
  0.580976266446D-03  0.137711176187D-02  0.350106090112D-03 -0.150686473135D-02
  0.396927299470D+00 -0.360458415216D-06 -0.342132428480D-03 -0.334403617169D-03
 -0.347376207287D-03  0.113959470115D-02 -0.990873406045D-04  0.566944054270D-05
 -0.479162187004D-03  0.156856779135D-04 -0.291083949308D-03 -0.252729207128D-03
 -0.679604627245D-03  0.893188118782D-05 -0.540275939786D-04  0.593037377535D-04
 -0.236144928860D-03 -0.189529228341D-03  0.210173190225D-03 -0.606474579913D-04
 -0.233661698849D-03  0.380453242794D-04 -0.260769175063D-03 -0.198932339348D-03
  0.784827700214D-04 -0.109631761584D-03 -0.200234905157D-03  0.670589075696D-04
 -0.271291741124D-03 -0.223768576830D-03  0.511401874216D-05 -0.100809063508D-03
 -0.178773904661D-03  0.464002624727D-04 -0.218739505003D-03 -0.263622549230D-03
  0.298833794274D-05 -0.137899071927D-03 -0.222547977046D-03  0.119150982579D-05
 -0.234332231708D-03 -0.240403253373D-03  0.333619496817D+00  0.173401151184D-03
 -0.108952537053D-04 -0.218592609793D-03 -0.469249882085D-04  0.115049013713D-02
 -0.222192070307D-03 -0.128162688553D-03 -0.369858051856D-03 -0.558582242019D-03
  0.119267225347D-03 -0.298310928915D-03 -0.576433248047D-03  0.273828468578D-02
  0.267942462170D-03 -0.567458281691D-04 -0.225807899621D-03  0.843257689439D-04
  0.815367682038D-04  0.414651102530D-02  0.243082050826D-03  0.917807270957D-03
  0.839603041700D-06 -0.754372262369D-04 -0.118137888735D-05  0.519281514859D-02
  0.215473880573D-03  0.159504098681D-03 -0.380145431773D-03  0.294345774726D-03
 -0.202986261759D-04  0.640436018482D-02  0.315034001643D-03  0.405798231329D-03
 -0.934947671567D-04  0.346374952836D-04 -0.111950419719D-04  0.612819517293D-02
  0.213748105483D-03  0.131152550877D-03  0.149244470273D-03 -0.234930621856D-03
 -0.524986998326D-04  0.339969578901D+00 -0.991506398689D-04 -0.154239341956D-02
  0.166943228805D-03 -0.986498568628D-04 -0.679252952688D-02  0.575364418668D-02
  0.426416863510D-04 -0.225731361504D-02  0.190598952617D-03  0.411176294910D-03
  0.105333810404D-02  0.465344767284D-03 -0.743255105379D-05 -0.181868045941D-01
  0.214689588116D-03  0.140146097186D-02  0.211140194406D-02  0.208285029763D-02
 -0.271555737918D-03 -0.217635777303D-01 -0.513932094963D-05  0.142954450720D-02
  0.198478834016D-02  0.256699102187D-03  0.230095894658D-04 -0.209424347906D-01
 -0.217257070287D-04  0.117750586272D-02  0.166545296774D-02 -0.901566917983D-04
  0.237767912946D-03 -0.210111056663D-01 -0.154897340431D-03  0.160155300640D-02
  0.147503443086D-02  0.119943332061D-03  0.122114385371D-03 -0.209658695921D-01
 -0.510952704706D-03  0.156301563559D-02  0.163398893203D-02 -0.165058609118D-03
  0.312113962085D-03  0.292189404421D+00 -0.728033734937D-04  0.535142771745D-03
  0.518481163588D-03  0.578273142722D-03 -0.510227486533D-03  0.190932794512D-03
  0.152876446804D-04  0.149959260849D-03  0.150535808763D-04  0.616085836065D-03
  0.442846323312D-03  0.192606176097D-03 -0.568906210861D-03 -0.306106468421D-03
 -0.866572591612D-04  0.709462396341D-03  0.297017350364D-03 -0.328234878859D-04
 -0.605085499489D-03 -0.387467880193D-03 -0.723164691245D-04  0.710286531485D-03
  0.312011982663D-03 -0.246443197331D-04  0.572939845228D-04 -0.398804356199D-03
 -0.543266660137D-04  0.703682488763D-03  0.351284439730D-03  0.149270607205D-04
 -0.313658912140D-04 -0.398513561805D-03  0.165808110362D-03  0.403056927885D-03
  0.660054980054D-03 -0.109286278204D-04  0.426023376991D-03 -0.358165622155D-03
  0.306025156648D-03  0.521115330527D-03  0.517812198190D-03  0.156835117669D-04
 -0.203010196970D-03 -0.393021582502D-03  0.334059183907D+00 -0.954584782914D-04
 -0.153497891677D-02 -0.165487685485D-02 -0.157204749313D-02  0.628772968503D-02
 -0.115223552621D-02  0.402117995684D-04 -0.208704586840D-02  0.625672197892D-04
 -0.113356321098D-02 -0.136412252573D-02 -0.334577716388D-02 -0.760580617366D-03
  0.194470665654D-02  0.129470808369D-03 -0.811735820430D-03 -0.138734557272D-02
  0.739091160378D-03 -0.116108351292D-02  0.138275898608D-02  0.123323167226D-03
 -0.945657617325D-03 -0.138342907874D-02  0.349640103253D-03 -0.308938803314D-03
  0.142096293588D-02  0.276655741833D-03 -0.979323338921D-03 -0.135974034666D-02
  0.695115226781D-04 -0.369934077453D-03  0.155234674383D-02  0.555871181040D-03
 -0.125220449822D-02 -0.104236568372D-02 -0.238725561842D-04  0.173419680901D-03
  0.138470222737D-02  0.576069799677D-03 -0.114106813380D-02 -0.120792839106D-02
 -0.227204836231D-03 -0.397357417319D-03  0.162728565020D-02  0.755364061028D-03
  0.397584327629D+00 -0.564515128580D-05 -0.177947597374D-02 -0.186611081508D-02
 -0.187405550050D-02  0.557283358888D-02 -0.119430486178D-02 -0.330261617137D-05
 -0.176023978522D-02  0.324457271740D-04 -0.154506568688D-02 -0.155109948319D-02
 -0.283374694026D-02 -0.122761710204D-03  0.214914718597D-02  0.102269278647D-03
 -0.138873672801D-02 -0.145727315169D-02  0.570731897513D-03 -0.119512416775D-03
  0.182999677993D-02  0.160676608119D-03 -0.144258866050D-02 -0.150809558374D-02
  0.290700444786D-03  0.226988357346D-03  0.184731418719D-02  0.183065837413D-03
 -0.147354550525D-02 -0.149172187796D-02  0.431592789771D-04  0.359760534397D-03
  0.195865011716D-02  0.292050984378D-03 -0.150520640504D-02 -0.143489686744D-02
 -0.148351080917D-04  0.491609248101D-03  0.178476165317D-02  0.219495050358D-03
 -0.148346158197D-02 -0.149408938089D-02 -0.195509578942D-03  0.313438972102D-03
  0.200766046812D-02  0.282678106527D-03 -0.138586377026D-02  0.396886683826D+00
  0.702298005979D-05  0.118231582271D-02  0.103242430728D-02  0.109523789944D-02
 -0.328943062999D-02 -0.595343013120D-04 -0.219534027758D-04  0.173918976007D-02
 -0.677126998657D-04  0.883120520301D-03  0.708642430847D-03  0.220830984329D-02
 -0.756043745909D-05  0.141845516316D-02 -0.209026983820D-03  0.630005282532D-03
  0.427957415198D-03 -0.835029177037D-03  0.236761076700D-03  0.225392925594D-02
 -0.117065542723D-03  0.707979673266D-03  0.466032381219D-03 -0.276098265535D-03
  0.388056779350D-03  0.208878747798D-02 -0.216219614024D-03  0.759458205213D-03
  0.574285433664D-03 -0.106200465391D-04  0.350070511204D-03  0.202427181737D-02
 -0.137972992984D-03  0.559972882823D-03  0.715508070274D-03 -0.181549662811D-04
  0.479404220065D-03  0.216507359557D-02  0.315940746352D-04  0.613538094684D-03
  0.624981689837D-03  0.175212459228D-03  0.194716991568D-03  0.197972043984D-02
 -0.269722159896D-04  0.582791384881D-03  0.456726107692D-03  0.332983793588D+00
  0.216069653193D-03 -0.207194907595D-03 -0.398838066017D-03 -0.107922883971D-03
  0.474303111212D-04 -0.109345113005D-03 -0.805070903742D-04 -0.499528764750D-04
 -0.671759252810D-03  0.340003966092D-04 -0.573017524717D-03  0.765411715003D-04
  0.353122029044D-02 -0.147257152144D-04  0.191333327306D-03 -0.411979897034D-03
 -0.879236397012D-04 -0.552642189928D-04  0.412292841807D-02  0.154216915513D-03
  0.107212882436D-02 -0.335289776306D-03 -0.100256757742D-03 -0.447301716572D-04
  0.414657230782D-02  0.143337178704D-03  0.468388530800D-03 -0.711350606792D-03
  0.247573574859D-03 -0.343656555635D-04  0.519050269888D-02  0.210007703428D-03
  0.378693371297D-03 -0.223136070749D-04 -0.428699566530D-03  0.400855962554D-05
  0.431659648490D-02  0.144676458106D-03 -0.775805708244D-04  0.799579944277D-04
 -0.521621918567D-03 -0.948376011558D-05  0.578467032401D-02  0.211212898581D-03
 -0.506198486289D-03 -0.678715204895D-03  0.221447014735D-03  0.562845309093D-04
  0.339482318564D+00 -0.110620657129D-03 -0.209430907526D-02 -0.335383607998D-03
 -0.638409365022D-03 -0.484933900408D-02  0.569975074373D-02  0.508800884970D-04
 -0.317180832746D-02  0.242762671438D-03 -0.117055626294D-04  0.717991919093D-03
 -0.777947687910D-03 -0.158561804667D-03 -0.186477364098D-01  0.291798954083D-03
  0.111918048931D-02  0.188099391522D-02  0.250773335078D-02 -0.491911736730D-03
 -0.226454612166D-01  0.257592823007D-04  0.111681258178D-02  0.172781065262D-02
  0.403783190473D-03 -0.145334132753D-03 -0.217518875941D-01  0.583454474199D-04
  0.844292727101D-03  0.135920513418D-02 -0.788693107104D-04  0.867054780617D-04
 -0.217819925858D-01 -0.681553168253D-04  0.130171188928D-02  0.116514698918D-02
  0.124403555460D-03 -0.443960816985D-05 -0.218112190636D-01 -0.478334835340D-03
  0.125411120563D-02  0.134268141106D-02 -0.259283977753D-03  0.156451699889D-03
 -0.217846207792D-01 -0.311313178124D-03  0.137802950837D-02  0.175636545603D-02
  0.233982557292D-02  0.640247337168D-04  0.290552246616D+00 -0.531358021156D-04
  0.336348982493D-03  0.322402885401D-03  0.332027801488D-03  0.407172601725D-03
  0.112402968496D-03 -0.156554587859D-04 -0.215624272209D-03  0.765123426400D-05
  0.408168077680D-03  0.329535472231D-03 -0.353591889486D-03 -0.449766089649D-03
 -0.321295372767D-03 -0.137443103741D-03  0.510299551753D-03  0.252772231851D-03
  0.121785752598D-03 -0.772182373178D-04 -0.549945745994D-03 -0.133110863245D-04
  0.578536386216D-03  0.192505643253D-03  0.251051611591D-04  0.858336368064D-03
 -0.547426243927D-03 -0.116049180572D-03  0.530588136785D-03  0.251785029346D-03
  0.149480138429D-04  0.970952055078D-03 -0.520437212485D-03  0.180464625653D-03
  0.212772102573D-03  0.589931326923D-03 -0.124107987440D-04  0.148143754465D-02
 -0.526026311555D-03  0.305412621195D-03  0.366726346803D-03  0.406451271780D-03
 -0.263464376688D-04  0.597640549315D-03 -0.514257941138D-03  0.376192283062D-03
  0.567199362904D-03  0.232243201383D-03  0.124952257091D-03  0.155033660929D-03
 -0.509013149049D-03  0.334171140463D+00 -0.948243740336D-04 -0.197407825411D-02
 -0.204361634272D-02 -0.199952192041D-02  0.751888472997D-02 -0.996863827025D-03
  0.323094014820D-04 -0.279728252985D-02  0.759661945441D-04 -0.145494199528D-02
 -0.160114401397D-02 -0.424997687463D-02 -0.696853513816D-03  0.106258383905D-02
  0.166807401797D-03 -0.103834015152D-02 -0.150013083157D-02  0.110930362380D-02
 -0.981855894777D-03  0.833320234543D-04  0.198973371804D-03 -0.116342558591D-02
 -0.154634694034D-02  0.458766482802D-03  0.348982671330D-04  0.196509933957D-03
  0.313943978960D-03 -0.124272166380D-02 -0.153853045542D-02  0.729602137759D-04
  0.993040123085D-04  0.362194525407D-03  0.623377752601D-03 -0.147227114474D-02
 -0.123501973577D-02 -0.185950684757D-04  0.655866231915D-03  0.134561661568D-03
  0.580609687648D-03 -0.135082333730D-02 -0.140899428791D-02 -0.301861457320D-03
  0.181831076755D-04  0.447483136777D-03  0.774018351109D-03 -0.965076156325D-03
 -0.150660111470D-02  0.914848577893D-03 -0.322724718528D-03  0.418712299362D-04
  0.602850417183D-03  0.397920480464D+00 -0.202741440327D-04 -0.220969692828D-02
 -0.222440842629D-02 -0.228145885255D-02  0.644324035317D-02 -0.101137879336D-02
  0.859009073042D-05 -0.232729384902D-02  0.104775457082D-03 -0.187940870535D-02
 -0.176650948415D-02 -0.352183809412D-02 -0.322176860568D-03  0.128299159612D-02
  0.165401095012D-03 -0.160659902252D-02 -0.159554758560D-02  0.884562381134D-03
 -0.454878750969D-03  0.605659996171D-03  0.128844842760D-03 -0.169265773333D-02
 -0.166002275630D-02  0.385932118881D-03 -0.196595010742D-03  0.696412069278D-03
  0.222564009885D-03 -0.171665338079D-02 -0.170670108407D-02  0.472408168332D-04
 -0.110794442385D-03  0.823462949713D-03  0.292706134768D-03 -0.170162817060D-02
 -0.167458801874D-02 -0.719835085076D-05  0.145692862545D-05  0.610402010476D-03
  0.177623566607D-03 -0.171686859238D-02 -0.168886704162D-02 -0.252887309560D-03
 -0.131631042785D-03  0.881579452883D-03  0.284359394858D-03 -0.157261353372D-02
 -0.161128924889D-02  0.722019046223D-03 -0.160732187782D-03  0.507017997128D-03
  0.139165983522D-03 -0.184037064263D-02  0.397294663962D+00  0.291575951651D-04
 -0.431290592973D-02 -0.437501166090D-02 -0.453274563185D-02  0.160809885410D-01
 -0.212367445300D-02  0.671627980996D-04 -0.615516707870D-02  0.175492579508D-03
 -0.390646793308D-02 -0.341772053723D-02 -0.911570539911D-02  0.249409937026D-03
  0.161417771491D-02  0.781395440945D-03 -0.330717920194D-02 -0.265018565605D-02
  0.254090382173D-02 -0.574153171042D-03 -0.282588154839D-03  0.517152946499D-03
 -0.362644644506D-02 -0.276732882090D-02  0.101580161802D-02 -0.144146512225D-02
  0.571646431570D-04  0.900087482512D-03 -0.374279690467D-02 -0.308550414301D-02
  0.709742831891D-04 -0.133480939006D-02  0.343732610168D-03  0.591186334958D-03
 -0.302495432546D-02 -0.366416967405D-02  0.308938680408D-04 -0.191846811326D-02
 -0.257468111864D-03  0.116197305540D-04 -0.324332237558D-02 -0.332691573236D-02
 -0.644879331351D-03 -0.684340118077D-03  0.538506803006D-03  0.172370064776D-03
 -0.321359846822D-02 -0.272600071053D-02  0.208832977813D-02 -0.238579483938D-04
 -0.643209028973D-03 -0.369407918492D-03 -0.408199395211D-02 -0.336746198608D-02
  0.325888741602D+00 -0.275335158791D-05  0.420393079501D-03  0.216304042754D-03
  0.450288826811D-03  0.158228574401D-02 -0.113484993231D-03 -0.257505839054D-04
 -0.572208266325D-03 -0.321439066561D-03  0.691024841451D-03  0.116130900855D-03
 -0.959049377315D-03  0.943964254835D-03  0.729339891940D-04 -0.235562497867D-05
  0.660622672733D-03  0.186735610402D-03  0.225756841730D-03  0.128977265073D-02
 -0.214170767644D-03  0.536780219408D-03  0.697872131545D-03  0.165571407936D-03
  0.620294743849D-04  0.257848047011D-02 -0.213865427420D-03  0.225302095285D-03
  0.457109966060D-03  0.419711525089D-03  0.223355478432D-04  0.309496091434D-02
 -0.125335765560D-03  0.592509343274D-03  0.333152723890D-03  0.582139716875D-03
 -0.210631433579D-04  0.343060672643D-02 -0.174398348643D-03  0.536836395215D-03
  0.596808794384D-03  0.271716710610D-03 -0.654947364442D-04  0.306974937266D-02
 -0.988677301822D-04  0.467230290354D-03  0.604340332064D-03  0.326763002886D-03
  0.248762884967D-03  0.251118271047D-02 -0.176331480182D-03  0.800656502430D-03
  0.783387339829D-03  0.435127239583D-04 -0.100197198561D-02  0.336846152237D+00
 -0.104022548351D-03 -0.486936809152D-03  0.964287368861D-03  0.766213695061D-03
 -0.830893889266D-02  0.527993459029D-02  0.215304300052D-04 -0.951650152982D-03
  0.146892310409D-03  0.113024681171D-02  0.156947597603D-02  0.179570984431D-02
 -0.227567088016D-03 -0.157928012565D-01  0.130446549730D-04  0.190323396191D-02
  0.230291571674D-02  0.138151336288D-02 -0.251637466123D-03 -0.185950324701D-01
 -0.111408246378D-03  0.199323518411D-02  0.220698391278D-02  0.570938407656D-04
  0.386343950021D-03 -0.179529325353D-01 -0.202716755374D-03  0.179308070493D-02
  0.200538832386D-02 -0.810086510625D-04  0.568271133283D-03 -0.180506814829D-01
 -0.187337715944D-03  0.193871502356D-02  0.204098299206D-02  0.911100869038D-04
  0.706477529948D-03 -0.179096562378D-01 -0.356113839009D-03  0.197721336372D-02
  0.206788764104D-02 -0.401095137695D-04  0.414162244686D-03 -0.181073343080D-01
 -0.257228397841D-03  0.209136233017D-02  0.222596501137D-02  0.136829469097D-02
  0.105061244515D-03 -0.185381389410D-01 -0.257466476615D-03  0.123985850724D-02
  0.136504363640D-02  0.177760188640D-02  0.252153845581D-03  0.297842781692D+00
 -0.398040812375D-04  0.330003680792D-03  0.326390905518D-03  0.358615741703D-03
 -0.609050995712D-03  0.117235513177D-03  0.115837741523D-04  0.221114574887D-03
  0.120116563413D-04  0.351918307515D-03  0.265091818017D-03  0.313370907067D-03
 -0.308469919353D-03 -0.127466988107D-03 -0.449005175089D-04  0.385983799009D-03
  0.174364100629D-03 -0.808634794776D-04 -0.373276823874D-03 -0.102458460441D-03
 -0.597504666096D-04  0.381106826949D-03  0.191037455448D-03 -0.345831523737D-04
 -0.106152158794D-03 -0.115511655208D-03 -0.347401682244D-04  0.391152754855D-03
  0.205126073902D-03  0.478566996021D-05 -0.191647441061D-03 -0.124966683408D-03
  0.578656870852D-04  0.242204484005D-03  0.352573471356D-03 -0.435309251118D-05
  0.256924389737D-04 -0.913410699433D-04  0.137132354078D-03  0.292078570165D-03
  0.293030544664D-03  0.238552663089D-04 -0.249567749250D-03 -0.124523433924D-03
  0.177787553546D-03  0.408513563222D-03  0.163110877178D-03 -0.717893297261D-04
 -0.374168947565D-03 -0.577154980839D-04  0.157670395053D-03  0.425825297835D-03
  0.191926918495D-03  0.297974327080D-03  0.147624159295D-03 -0.112084041952D-03
  0.334659082871D+00  0.870548671304D-05 -0.503664953675D-04 -0.398141071020D-04
 -0.572711108317D-04  0.204130777581D-03  0.175502055743D-04 -0.103516497886D-04
 -0.111405324164D-03  0.149423009822D-05 -0.399860915500D-04 -0.107355846807D-04
 -0.146802807062D-03  0.106896952785D-04 -0.119029886994D-03 -0.202435947129D-04
 -0.290946840695D-04  0.107609054882D-04  0.544506596654D-04  0.142085423793D-03
 -0.185551797654D-03  0.857004520202D-05 -0.604819790001D-05 -0.939915704620D-05
  0.153990974538D-04  0.228457098267D-03 -0.179228538742D-03 -0.261440372025D-04
 -0.201215214789D-04 -0.476233961260D-05  0.946035269008D-06  0.293270609163D-03
 -0.172465984094D-03 -0.144973770081D-05 -0.313765443492D-04  0.123167381056D-04
 -0.111933540159D-05  0.310155534068D-03 -0.183572560894D-03 -0.303128677370D-05
 -0.195012703350D-04 -0.168007018451D-05 -0.127599445458D-04  0.210607309592D-03
 -0.173467194031D-03 -0.367777735033D-05 -0.261391506881D-04  0.115136975978D-04
  0.536284726046D-04  0.164880797647D-03 -0.194790678935D-03  0.280111910941D-04
 -0.291047786292D-04 -0.205794913744D-04 -0.146117854333D-03  0.874097203226D-04
 -0.115066065632D-03 -0.782921089663D-05  0.761006527034D-02 -0.763934995095D-04
 -0.264200309383D-02 -0.261609673777D-02 -0.264785608936D-02  0.736377339031D-02
 -0.454599292149D-03  0.312920921659D-04 -0.312460369506D-02  0.121418349551D-03
 -0.205253717387D-02 -0.200457210669D-02 -0.447092399556D-02 -0.541030095784D-03
 -0.648301345702D-03  0.239247218155D-03 -0.157736535705D-02 -0.174871641268D-02
  0.139455227020D-02 -0.863162424851D-03 -0.199537656931D-02  0.205239391771D-03
 -0.171301530063D-02 -0.182702123071D-02  0.521362680858D-03 -0.159503141235D-03
 -0.178475264987D-02  0.335452562992D-03 -0.179770812078D-02 -0.188570929383D-02
  0.618295531761D-04 -0.565034552195D-04 -0.161844760355D-02  0.517965444579D-03
 -0.184599979797D-02 -0.174229410213D-02 -0.245314303109D-05  0.277790659942D-03
 -0.187409718880D-02  0.370007739317D-03 -0.180205884537D-02 -0.182281396056D-02
 -0.338554185414D-03 -0.595491875501D-04 -0.153862273452D-02  0.552046335471D-03
 -0.149574916796D-02 -0.177047290089D-02  0.117020821286D-02 -0.249828043712D-03
 -0.208352498918D-02  0.343056784600D-03 -0.193530133510D-02 -0.219537733522D-02
 -0.426923929603D-02  0.427789010754D-03 -0.489324386194D-03  0.339239035582D-03
 -0.543970718632D-04  0.398829862971D+00 -0.457838945316D-04 -0.272690542527D-02
 -0.271113325994D-02 -0.276038389818D-02  0.804732157658D-02 -0.102907203561D-02
  0.239300116505D-04 -0.310465873770D-02  0.119104508629D-03 -0.223219018757D-02
 -0.213146383256D-02 -0.456132011759D-02 -0.421566681772D-03  0.811028938174D-03
  0.244535990089D-03 -0.182584804565D-02 -0.187669428113D-02  0.125082238314D-02
 -0.682305606591D-03 -0.232529799648D-03  0.197423571562D-03 -0.195385300598D-02
 -0.195405527237D-02  0.512638850578D-03 -0.252690960440D-03 -0.787212877853D-04
  0.332430625944D-03 -0.201148579272D-02 -0.202371654661D-02  0.587728197291D-04
 -0.160323891246D-03  0.845383124227D-04  0.446577302275D-03 -0.199671601805D-02
 -0.196397120421D-02 -0.367353667527D-05  0.398172048102D-04 -0.188874461552D-03
  0.290799437331D-03 -0.199055747115D-02 -0.199191725452D-02 -0.334040812772D-03
 -0.135310742376D-03  0.169884995092D-03  0.444174542324D-03 -0.176302984598D-02
 -0.190181356004D-02  0.103172625044D-02 -0.206680744105D-03 -0.348110882986D-03
  0.236898426558D-03 -0.216024457136D-02 -0.226628298191D-02 -0.435615007206D-02
  0.180607582981D-03  0.940672469117D-03  0.291693577468D-03 -0.430378467034D-04
 -0.270065138861D-02  0.397990974105D+00 -0.771135443229D-04 -0.265059369667D-02
 -0.265720122616D-02 -0.264648090517D-02  0.851556577510D-02 -0.101052074012D-02
  0.393564845585D-04 -0.333101365644D-02  0.920077226503D-04 -0.204777032775D-02
 -0.208935400003D-02 -0.488695639709D-02 -0.511078705881D-03  0.651638666696D-03
  0.270862072370D-03 -0.157916284646D-02 -0.185142394976D-02  0.136002978088D-02
 -0.914583089577D-03 -0.532907610188D-03  0.253390382203D-03 -0.173939614290D-02
 -0.190829786822D-02  0.547825058105D-03 -0.207351176533D-03 -0.364145858382D-03
  0.409200943366D-03 -0.182668197917D-02 -0.195311602514D-02  0.697396137699D-04
 -0.132552482085D-03 -0.183802793418D-03  0.608641260471D-03 -0.188812263003D-02
 -0.180444629971D-02 -0.742136050275D-05  0.224139687359D-03 -0.463686353754D-03
  0.466798840723D-03 -0.182783525077D-02 -0.189355078938D-02 -0.356651323905D-03
 -0.701716371605D-04 -0.841480286632D-04  0.652042895577D-03 -0.150617662988D-02
 -0.186399363354D-02  0.112432116813D-02 -0.246263399555D-03 -0.623023665101D-03
  0.422515614335D-03 -0.192951233996D-02 -0.227678065848D-02 -0.467345054552D-02
  0.503954230460D-03  0.826636688584D-03  0.392884267709D-03 -0.510452733430D-04
 -0.261204792376D-02 -0.274727595588D-02  0.398143186860D+00 -0.703626290914D-04
  0.748282807176D-02  0.810722067500D-02  0.832820732624D-02 -0.316043739993D-01
  0.550661925427D-02 -0.103034978060D-03  0.106930842527D-01 -0.281405900343D-03
  0.728556219801D-02  0.657775731103D-02  0.169736897443D-01 -0.315359325322D-03
 -0.812002131106D-02 -0.132614418430D-02  0.644896998301D-02  0.550439791998D-02
 -0.409788469145D-02  0.100729258635D-02 -0.559554175260D-02 -0.934692574319D-03
  0.702217720242D-02  0.570235836284D-02 -0.179888109151D-02  0.243420251746D-02
 -0.598428897934D-02 -0.161182384481D-02  0.716857121155D-02  0.617472015350D-02
 -0.162384684202D-03  0.226026312055D-02 -0.653968349175D-02 -0.115989902300D-02
  0.606142858974D-02  0.708881525094D-02 -0.168743341934D-04  0.316816217694D-02
 -0.542234061473D-02 -0.230895052063D-03  0.641893816786D-02  0.656775310935D-02
  0.114436649150D-02  0.121037710811D-02 -0.689983197535D-02 -0.511015579275D-03
  0.633202440967D-02  0.561607924087D-02 -0.329758048663D-02  0.886462600278D-04
 -0.494894852107D-02  0.419149724147D-03  0.757024762135D-02  0.648376998040D-02
  0.161568952911D-01  0.162226867259D-02 -0.840931886292D-02 -0.613112167267D-03
  0.207544717535D-03  0.740427093653D-02  0.809450683483D-02  0.856668381219D-02
  0.290225793478D+00  0.278741523094D-04 -0.554728921427D-03 -0.113016789905D-02
 -0.110705042081D-02  0.595647081560D-02 -0.206673331382D-02 -0.325879118917D-05
 -0.838406059022D-03  0.634199254905D-05 -0.108201829420D-02 -0.113033745733D-02
 -0.245176504049D-02 -0.480146409205D-04  0.549438136852D-02  0.954204687309D-04
 -0.122179021343D-02 -0.128333939089D-02  0.581093146662D-04 -0.846211745854D-04
  0.598568335313D-02  0.110442179608D-03 -0.129279875558D-02 -0.129535019791D-02
  0.179965373107D-03 -0.218033017682D-03  0.583783264331D-02  0.186219979997D-03
 -0.124865479617D-02 -0.126903392009D-02  0.486180432267D-04 -0.221041711406D-03
  0.593682276369D-02  0.197055503295D-03 -0.125178841808D-02 -0.129504370126D-02
 -0.315413544797D-04 -0.248510822802D-03  0.577509819870D-02  0.176489533485D-03
 -0.127883007637D-02 -0.129274995283D-02 -0.114620689629D-03 -0.179017278572D-03
  0.598406377101D-02  0.194923947016D-03 -0.125610197167D-02 -0.127620400169D-02
 -0.234539682501D-04 -0.680023592995D-04  0.590727185969D-02  0.117688258027D-03
 -0.110380297363D-02 -0.110108695564D-02 -0.236254834126D-02 -0.113630853558D-03
  0.551686632195D-02  0.121613098013D-03  0.196113897089D-04 -0.546207831721D-03
 -0.113994872715D-02 -0.113004227072D-02  0.600824892421D-02  0.314166864311D+00
 -0.103892090491D-04  0.955013321165D-04  0.861082483789D-04  0.101901774790D-03
 -0.209312512127D-03  0.754259141910D-05  0.749085021447D-05  0.100986493302D-03
  0.101010534636D-05  0.922558002108D-04  0.588843828662D-04  0.131577741713D-03
 -0.569905068036D-04  0.573782917725D-04  0.378215033178D-05  0.905170271834D-04
  0.298560944884D-04 -0.451333830221D-04 -0.144062305137D-03  0.986183655729D-04
 -0.149653567356D-04  0.764734287868D-04  0.455878882552D-04 -0.146137489314D-04
 -0.151532891267D-03  0.922145265931D-04  0.937694844331D-05  0.860367323256D-04
  0.462692821537D-04  0.773732690891D-06 -0.200992256196D-03  0.870726043384D-04
  0.994507862082D-05  0.679703688981D-04  0.609037675171D-04 -0.563644929260D-06
 -0.177532389704D-03  0.993991398719D-04  0.236834925456D-04  0.689419443655D-04
  0.584740182544D-04  0.113048717758D-04 -0.165544510454D-03  0.871053618063D-04
  0.305618966329D-04  0.911631558839D-04  0.292720673034D-04 -0.429906662264D-04
 -0.158967685820D-03  0.111498063485D-03  0.898527280786D-05  0.966511768662D-04
  0.540769794206D-04  0.128313899101D-03 -0.271836742302D-04  0.574510711174D-04
  0.169295438633D-04 -0.766689616022D-05  0.990700102463D-04  0.828546882932D-04
  0.103671471082D-03 -0.211689415896D-03  0.707753964813D-05  0.313893120681D+00
 -0.860780159001D-05 -0.329673735873D-02 -0.324339037453D-02 -0.340397138638D-02
  0.113174729784D-01 -0.773091187845D-03  0.466811005390D-04 -0.482591497581D-02
  0.182147050490D-03 -0.283898058215D-02 -0.240210186718D-02 -0.687465015047D-02
 -0.544137918882D-04 -0.105587985175D-02  0.550006506073D-03 -0.226491388720D-02
 -0.177849678713D-02  0.218283882524D-02 -0.586891956022D-03 -0.299283287429D-02
  0.349342308413D-03 -0.248049034016D-02 -0.190381999770D-02  0.795325584103D-03
 -0.891770339495D-03 -0.264076687677D-02  0.607905171872D-03 -0.259572444042D-02
 -0.215550082763D-02  0.532298132518D-04 -0.754715143796D-03 -0.242116088959D-02
  0.456832510813D-03 -0.213111973424D-02 -0.248275567645D-02  0.282710981827D-04
 -0.103183916227D-02 -0.286277387037D-02  0.280443950215D-04 -0.226326076367D-02
 -0.227944431056D-02 -0.506427350786D-03 -0.419165789037D-03 -0.228852830658D-02
  0.192247458270D-03 -0.215424821415D-02 -0.185252738876D-02  0.183161016760D-02
 -0.849875700751D-04 -0.324960790132D-02 -0.203276165400D-03 -0.290325580366D-02
 -0.244846192617D-02 -0.652772210840D-02 -0.566467258028D-03 -0.911047945964D-03
  0.250369421551D-03 -0.120289454789D-03 -0.326323745700D-02 -0.325708742463D-02
 -0.347642981270D-02  0.113655222777D-01 -0.920625832714D-03  0.110922093682D-03
  0.323156563172D+00 -0.114278668523D-04  0.260633034504D-03  0.216728657110D-03
  0.287348136474D-03 -0.170066624068D-03  0.604082037813D-04 -0.197784830844D-05
  0.586081949364D-04 -0.777588570690D-04  0.328863738308D-03  0.154733170586D-03
  0.693335406597D-04  0.146040367546D-03 -0.875623182335D-04 -0.198897818249D-04
  0.319573932012D-03  0.134773131253D-03 -0.219276993406D-04  0.194914793888D-03
 -0.107320514637D-03  0.101067717341D-03  0.327667942969D-03  0.142152182449D-03
 -0.159939100693D-04  0.553527205704D-03 -0.116291490758D-03  0.352477109154D-04
  0.276761928135D-03  0.209347383928D-03  0.471351442990D-05  0.639428965847D-03
 -0.105544138297D-03  0.142148483010D-03  0.203654082436D-03  0.288199775778D-03
 -0.607090084723D-05  0.772686791982D-03 -0.942967352065D-04  0.157852822455D-03
  0.279256471843D-03  0.198850079677D-03  0.530340118561D-05  0.626480207935D-03
 -0.102377857471D-03  0.148304114957D-03  0.308768969402D-03  0.167821295094D-03
 -0.581706942784D-05  0.465393375952D-03 -0.785656373550D-04  0.223906433549D-03
  0.367054391847D-03  0.123203001277D-03  0.467925606478D-04  0.573891272499D-03
 -0.452982519779D-04  0.495178354916D-04  0.191770697102D-04  0.264484292689D-03
  0.201412185229D-03  0.308801610788D-03 -0.164317914735D-03  0.661984392869D-04
 -0.340905723229D-05  0.759708264069D-04  0.330857940726D+00 -0.231676001522D-03
  0.456532381663D-03  0.718933512741D-03 -0.198616806171D-04  0.132310317368D-02
 -0.232706028719D-04 -0.931975504603D-04 -0.281317088465D-03  0.979143116168D-03
 -0.244148578927D-03  0.118169357669D-02 -0.890470603699D-03 -0.509232781088D-02
  0.462208957043D-03 -0.904546688688D-03  0.311809594728D-03  0.550792129487D-03
  0.197163894641D-03 -0.306434815835D-02  0.343128337545D-04 -0.152604846770D-02
  0.731910341739D-03  0.112538784136D-03  0.710899706579D-04 -0.101492216717D-02
 -0.132120020534D-04 -0.145296338361D-02  0.111957212245D-02 -0.214891318540D-03
  0.373794010575D-04 -0.145129629090D-02 -0.345964226085D-04 -0.682916716097D-03
 -0.385579851948D-03  0.129330149463D-02 -0.308191803633D-04  0.551294467656D-03
 -0.492365410519D-04  0.176216608806D-03 -0.230910856758D-03  0.105899179424D-02
 -0.515736266139D-04 -0.396984676211D-02 -0.823932802354D-04  0.740744269288D-03
  0.790027698371D-03  0.235588266048D-04  0.142306192064D-03 -0.510925875640D-02
  0.638184458672D-04  0.574976286575D-03  0.651122169569D-03  0.275770493213D-03
 -0.841820795190D-03 -0.156481352806D-02  0.314500269777D-03  0.413907334071D-03
 -0.710809643633D-05  0.447351143001D-03  0.317630227040D-03  0.364958352041D-03
  0.132145054354D-02 -0.240989093492D-04  0.739046788048D-04 -0.304385362964D-03
 -0.257636400679D-03  0.148181626039D-01  0.296753976388D-04  0.578384661907D-02
  0.582935643230D-02  0.610147610193D-02 -0.248509905079D-01  0.340856179336D-02
 -0.573949601552D-04  0.938481474880D-02 -0.387071550902D-03  0.497620981027D-02
  0.432375118291D-02  0.140618500344D-01  0.847981172242D-03 -0.320160917579D-02
 -0.831052571857D-03  0.393154711359D-02  0.345898998660D-02 -0.377079325821D-02
  0.149673845349D-02 -0.172666119117D-03 -0.547118964376D-03  0.427760408197D-02
  0.368883643525D-02 -0.151474954906D-02  0.133900764561D-02 -0.623394586337D-03
 -0.100369497649D-02  0.443645004512D-02  0.404651248825D-02 -0.148890746127D-03
  0.106824240051D-02 -0.108901210825D-02 -0.101595133688D-02  0.400366737736D-02
  0.425939147796D-02 -0.481074795147D-05  0.108297310422D-02 -0.226839871980D-03
 -0.432545876110D-03  0.413538432249D-02  0.407813750484D-02  0.980810233469D-03
  0.910347088906D-03 -0.134493404681D-02 -0.814331912996D-03  0.373491903981D-02
  0.358564015361D-02 -0.312057692991D-02  0.627223811314D-03  0.276450299500D-03
 -0.128153211223D-03  0.493221129216D-02  0.454395074551D-02  0.134273982245D-01
  0.613250265140D-03 -0.349373478329D-02 -0.652406212442D-03  0.141423307919D-03
  0.572045706928D-02  0.594061583658D-02  0.615336904838D-02 -0.249910561431D-01
  0.375465838383D-02 -0.200903481066D-03  0.990022370848D-02 -0.310589996330D-03
 -0.498714258773D-03  0.360721316739D+00  0.195936664138D-04  0.113933867230D-02
  0.604980043341D-03  0.613965573548D-03 -0.248417495120D-02  0.314861625081D-03
 -0.228685262222D-04  0.167828428825D-02 -0.356136077801D-04  0.353777551722D-03
  0.330170400051D-03  0.158448761528D-02  0.130515753758D-03  0.897376652277D-03
 -0.121481476927D-03  0.184630365737D-04  0.512285371534D-04 -0.578152214479D-03
  0.345282506403D-03  0.150074194862D-02 -0.735174687587D-04  0.639875854204D-04
  0.417064538392D-04 -0.207040542166D-03  0.233959659467D-03  0.138946027306D-02
 -0.151664420308D-03  0.117651804618D-03  0.105790618166D-03 -0.564507293963D-05
  0.231248939677D-03  0.135508026265D-02 -0.170717324014D-03  0.697205409009D-04
  0.108661625528D-03 -0.154877121035D-04  0.181165319034D-03  0.143882681928D-02
 -0.960267857671D-04  0.558399230176D-04  0.875032788554D-04  0.140951076819D-03
  0.155658307820D-03  0.130791568024D-02 -0.162838740536D-03 -0.204630010779D-04
  0.589583960216D-04 -0.497223660252D-03  0.151690302473D-03  0.153349019443D-02
 -0.534053505365D-04  0.333864362582D-03  0.380381220327D-03  0.151132197063D-02
 -0.249513660563D-04  0.841386087615D-03 -0.114237892140D-03  0.235132330869D-04
  0.112719736994D-02  0.626516846684D-03  0.609755081636D-03 -0.249298021237D-02
  0.340814590386D-03 -0.372982770488D-04  0.172754413084D-02 -0.630667639644D-04
 -0.789982318539D-04 -0.108516599795D-02  0.365310558018D+00  0.300766938653D-04
 -0.539280698941D-03 -0.254948542493D-03 -0.632695124838D-03 -0.237278264755D-02
  0.128727678684D-03  0.152950941269D-04  0.920670958250D-03  0.473230597430D-03
 -0.100390820961D-02 -0.996911559699D-04  0.146837464601D-02 -0.132199123612D-02
  0.775425443396D-04 -0.510122074661D-04 -0.100123769727D-02 -0.204039477820D-03
 -0.377905057650D-03 -0.158774969787D-02  0.544121691286D-03 -0.798221095094D-03
 -0.100819245614D-02 -0.199979272912D-03 -0.107228214300D-03 -0.344668613714D-02
  0.527094484420D-03 -0.405720797718D-03 -0.659007190682D-03 -0.558276635760D-03
 -0.342036828000D-04 -0.410682371456D-02  0.397970245085D-03 -0.934311941375D-03
 -0.481551033838D-03 -0.794859674507D-03  0.270057251463D-04 -0.462763024172D-02
  0.468900141977D-03 -0.847138816820D-03 -0.867776309457D-03 -0.349279808291D-03
  0.102110692307D-03 -0.420542395824D-02  0.346829436286D-03 -0.765439088622D-03
 -0.928320095381D-03 -0.404382617670D-03 -0.395141490647D-03 -0.342118655442D-02
  0.474969308516D-03 -0.118746102740D-02 -0.114321157391D-02  0.190475637023D-04
  0.151742842211D-02 -0.333516419235D-02 -0.199980195364D-03 -0.271373034757D-03
 -0.998681886601D-04 -0.561317728373D-03 -0.196173347477D-03 -0.709098248652D-03
 -0.242694477283D-02  0.136318542708D-03  0.172076903172D-04  0.905980116721D-03
 -0.850597048957D-03  0.225749391304D-02 -0.106152902675D-02  0.594375306477D-05
  0.121342983191D-01  0.321891290074D-04  0.579759972158D-02  0.587361240252D-02
  0.608640961294D-02 -0.253899830135D-01  0.341496358711D-02 -0.599305987029D-04
  0.963385387405D-02 -0.320262372169D-03  0.488467795829D-02  0.437116405491D-02
  0.144122358765D-01  0.648568425879D-03 -0.307037713794D-02 -0.864930278974D-03
  0.382050512335D-02  0.347267654916D-02 -0.388179048723D-02  0.133261143216D-02
  0.850676310349D-04 -0.672543877832D-03  0.418125850641D-02  0.369274572012D-02
 -0.154998662304D-02  0.960108207988D-03 -0.379843103110D-03 -0.109454500492D-02
  0.439386624440D-02  0.400665360908D-02 -0.156027450183D-03  0.604397446837D-03
 -0.867400675277D-03 -0.116460225920D-02  0.396215417638D-02  0.420532224757D-02
 -0.163007511731D-05  0.575291809443D-03  0.115677519568D-04 -0.551549056968D-03
  0.404714559866D-02  0.407701152800D-02  0.100693201269D-02  0.395268513821D-03
 -0.113403387044D-02 -0.925863434616D-03  0.363704026328D-02  0.356496933374D-02
 -0.322371720165D-02  0.192686757776D-03  0.527580365511D-03 -0.275577510052D-03
  0.483486594537D-02  0.459855112098D-02  0.137753832634D-01  0.183075312065D-03
 -0.340621076614D-02 -0.696330197484D-03  0.131125783424D-03  0.572963620856D-02
  0.598887568186D-02  0.613379083243D-02 -0.255377610259D-01  0.376559645416D-02
 -0.202755770509D-03  0.101522580337D-01 -0.426600948277D-03 -0.151432335635D-03
 -0.187024578426D-01 -0.110408165611D-02 -0.434912207916D-03  0.360429093842D+00
  0.241938852434D-04  0.973502061751D-03  0.534337838939D-03  0.480612811087D-03
 -0.282500617517D-02  0.521696257603D-03 -0.267844300150D-04  0.163183812511D-02
  0.229029489611D-04  0.205944979840D-03  0.325768044096D-03  0.166503559734D-02
 -0.182297839314D-05  0.246752169133D-03 -0.133983169737D-03 -0.903795056611D-04
  0.862521488607D-04 -0.516916633336D-03  0.270392390241D-03  0.746538029090D-03
 -0.153618193992D-03 -0.283796917399D-04  0.564595887843D-04 -0.200228446758D-03
  0.278406705804D-04  0.664262304387D-03 -0.215279851910D-03  0.461836171028D-04
  0.736962065993D-04 -0.124609984061D-04  0.342731780310D-05  0.618032348123D-03
 -0.278665084033D-03  0.241095562559D-04  0.551206262820D-04 -0.881086998072D-05
 -0.926958642818D-04  0.702462911098D-03 -0.206996850654D-03 -0.246904138627D-04
  0.788316379109D-04  0.138114397044D-03 -0.133510481405D-03  0.564448338635D-03
 -0.262202471581D-03 -0.110552196939D-03  0.668870731024D-04 -0.441644012939D-03
 -0.879827515233D-04  0.764025968309D-03 -0.179114806301D-03  0.181387304096D-03
  0.374870146136D-03  0.160028468291D-02 -0.327298874021D-03  0.165744772516D-03
 -0.152585421648D-03  0.145615885814D-04  0.956548833705D-03  0.559493262468D-03
  0.473084783159D-03 -0.284101982435D-02  0.557240657039D-03 -0.375267219552D-04
  0.167227941892D-02 -0.144973675770D-03  0.150953659187D-03 -0.112522736628D-02
  0.176648562618D-02  0.471248489461D-03 -0.107546346842D-02  0.365451662951D+00
  0.904762058963D-04 -0.519581092773D-03 -0.218215647895D-03 -0.106771101124D-02
  0.134439245082D-02 -0.102382896652D-03 -0.284934770886D-03 -0.426118884045D-03
  0.529403870852D-03 -0.133281940045D-02  0.360623566244D-03 -0.813225332775D-03
 -0.177177974096D-02  0.134201541741D-03 -0.985383607138D-03 -0.126701660163D-02
  0.381438171050D-03  0.193452061716D-03  0.228293107696D-02 -0.126270200700D-03
 -0.753724723360D-03 -0.493115153304D-03 -0.331058005798D-03  0.309619177855D-04
  0.413022072399D-02 -0.178036832841D-03 -0.153286337770D-02 -0.415575669575D-03
 -0.439233558059D-03 -0.339957926445D-04  0.507367316967D-02 -0.153823277920D-03
 -0.920277058233D-03 -0.118048773271D-02  0.333422207496D-03 -0.124860764762D-04
  0.602261463451D-02 -0.299517885264D-03 -0.490620464390D-03 -0.102384381510D-02
  0.135251226892D-03 -0.805776571743D-04  0.234522940463D-02 -0.243579954293D-03
 -0.393656253327D-03 -0.987595659971D-03  0.278415298906D-04  0.279687675857D-03
  0.118577313492D-02 -0.335986858071D-03  0.318128094520D-03 -0.764843985006D-03
 -0.142054718651D-03 -0.864690677806D-03  0.137579683348D-03 -0.351959760144D-04
 -0.271423740422D-03  0.228504471026D-03 -0.629982819791D-03 -0.414851291042D-03
 -0.810953036766D-03  0.138610724114D-02 -0.261604766524D-04 -0.176444271946D-03
 -0.570866724503D-03 -0.719742551641D-04  0.305426464550D-02  0.701576770335D-03
  0.328237034662D-03  0.258856687357D-03  0.850340070212D-03  0.513371703717D-03
  0.144237883279D-01 -0.401282648447D-04 -0.197251618634D-02 -0.169809682544D-02
 -0.175649444060D-02  0.206534077410D-02  0.119343381998D-02  0.531513404932D-04
 -0.198857703696D-02  0.600117794606D-04 -0.143625295531D-02 -0.122191626892D-02
 -0.209307109167D-02  0.266040149362D-03 -0.468473510310D-02  0.354447835575D-03
 -0.106310834472D-02 -0.752741882263D-03  0.121698061511D-02 -0.336382630077D-03
 -0.609998434083D-02  0.209927037727D-03 -0.121217136830D-02 -0.795818623514D-03
  0.333633541512D-03 -0.641536734064D-03 -0.577411769013D-02  0.354812774109D-03
 -0.130348106466D-02 -0.958990049803D-03 -0.628461143945D-05 -0.636932846173D-03
 -0.571506742572D-02  0.177514457664D-03 -0.916495568032D-03 -0.125261337096D-02
  0.450286831900D-04 -0.900851713587D-03 -0.585901045942D-02 -0.122166927160D-03
 -0.101214623680D-02 -0.109642669237D-02 -0.203924625542D-03 -0.171968341050D-03
 -0.566511856171D-02 -0.640161068849D-04 -0.993984653478D-03 -0.789881001560D-03
  0.105721907552D-02  0.712876852281D-04 -0.619336836179D-02 -0.286160466744D-03
 -0.151533578296D-02 -0.122075525221D-02 -0.193972070156D-02 -0.292449243596D-03
 -0.460870167877D-02  0.595514672793D-04 -0.121702744794D-03 -0.194976273191D-02
 -0.167592496229D-02 -0.181436977749D-02  0.204870166630D-02  0.118827513537D-02
  0.772706964945D-04 -0.208702764340D-02 -0.126415590343D-04 -0.594772541832D-03
  0.376669110833D-02  0.185308726472D-02  0.444116438727D-03  0.392549965962D-02
  0.164538587537D-02 -0.830603939221D-03  0.368080137176D+00  0.264373809378D-04
  0.119466638350D-02  0.425272911341D-03  0.406385410954D-03 -0.189246571189D-02
 -0.309219933698D-04 -0.297685375609D-04  0.194054922571D-02  0.102827268285D-04
  0.815011687107D-04  0.112301412606D-03  0.148764449003D-02 -0.900169875047D-04
  0.227505470157D-02 -0.157205406908D-03 -0.339683449614D-03 -0.294993331613D-03
 -0.713246811178D-03  0.191458335050D-03  0.313277723422D-02 -0.156179346875D-03
 -0.291811108542D-03 -0.314870810002D-03 -0.217367206216D-03 -0.726297656877D-05
  0.295997554508D-02 -0.205566006956D-03 -0.187416143253D-03 -0.256004478171D-03
  0.554063013462D-05 -0.615908146394D-04  0.293162941954D-02 -0.229137730435D-03
 -0.290628242016D-03 -0.216441569505D-03 -0.270091346864D-04 -0.946871560519D-04
  0.300553647173D-02 -0.109051643738D-03 -0.327435661289D-03 -0.230038546965D-03
  0.152088507549D-03 -0.229979075918D-03  0.287993070559D-02 -0.162369499769D-03
 -0.381090908559D-03 -0.303187839780D-03 -0.635735446674D-03 -0.204634480773D-03
  0.315686390072D-02 -0.787014310528D-04  0.687862003415D-04  0.161768174349D-03
  0.142171529579D-02 -0.276289332509D-03  0.219425950413D-02 -0.111167515975D-03
  0.311410466270D-04  0.118010378886D-02  0.441457004579D-03  0.403831088132D-03
 -0.189514164863D-02 -0.254685794748D-04 -0.407932712236D-04  0.198291789134D-02
 -0.113742041157D-03  0.269113129318D-03 -0.593226855608D-03  0.223338049193D-02
  0.365118376440D-03 -0.573998855016D-03  0.239470624046D-02  0.460254040520D-03
  0.251404400910D-02  0.364810088632D+00  0.401573347272D-03 -0.117227956386D-02
 -0.112169403906D-02 -0.110465974030D-02 -0.233010479128D-02 -0.522921313669D-05
 -0.115252621681D-03  0.771181943367D-03 -0.542329909342D-03 -0.128362547205D-02
 -0.117358504050D-02  0.158468229457D-02  0.432947880515D-02 -0.181245375615D-03
  0.286889988913D-03 -0.199142656069D-02 -0.440862853054D-03 -0.423978348457D-03
  0.498054608150D-02  0.535125054102D-03  0.846691748651D-03 -0.187894731406D-02
 -0.463091212551D-03 -0.164269436320D-03  0.273815539923D-02  0.521653773333D-03
  0.320282646647D-03 -0.209538661041D-02 -0.329899839279D-03 -0.975920777731D-04
  0.370479212970D-02  0.486283146777D-03 -0.485024950856D-03 -0.691323530911D-03
 -0.177484131938D-02  0.419247768297D-04  0.157874097346D-02  0.442130544880D-03
 -0.117172009297D-02 -0.997450009002D-03 -0.137626969110D-02  0.817090049443D-04
  0.459295989531D-02  0.431414225321D-03 -0.178474105570D-02 -0.234511280758D-02
 -0.167169333144D-03 -0.274962914882D-03  0.556779358131D-02  0.285739263779D-03
 -0.120562325157D-02 -0.205880085953D-02 -0.336584400407D-03  0.149261679327D-02
  0.126381341556D-03 -0.310914321635D-03 -0.953305179595D-03  0.150542618079D-03
 -0.127001504706D-02 -0.726194613124D-03 -0.143437677940D-02 -0.232527179566D-02
  0.692766603185D-04 -0.241672082497D-03  0.679944657359D-03 -0.253238187163D-03
 -0.585926526315D-02  0.199824370089D-03  0.324064232969D-03  0.258353032057D-03
  0.247055198942D-03  0.479234213540D-03  0.229892272825D-02  0.474484110638D-03
  0.185495304636D-03  0.169940756879D-01 -0.122350377718D-04 -0.190917224997D-02
 -0.162621646549D-02 -0.175567393432D-02  0.140244530738D-02  0.117122643637D-02
  0.231110907262D-04 -0.164074881710D-02  0.835825977249D-04 -0.151943915665D-02
 -0.115530274462D-02 -0.163639241129D-02  0.295677151433D-03 -0.440450445363D-02
  0.258233278456D-03 -0.122382819077D-02 -0.700877992229D-03  0.104844308225D-02
  0.575769342415D-04 -0.563313411031D-02  0.140832385102D-03 -0.129697281101D-02
 -0.794373897657D-03  0.275518379980D-03 -0.284991471845D-03 -0.534054630277D-02
  0.200977936861D-03 -0.136631863855D-02 -0.957114533876D-03 -0.177126958653D-04
 -0.200101951900D-03 -0.529782305159D-02  0.162950226750D-04 -0.988701864094D-03
 -0.125655226289D-02  0.447842383193D-04 -0.502578957777D-03 -0.542883285599D-02
 -0.254480873752D-03 -0.109883318133D-02 -0.108867026239D-02 -0.171246699794D-03
  0.822350653902D-04 -0.526756724425D-02 -0.227455840739D-03 -0.115564017087D-02
 -0.757304627090D-03  0.922696675662D-03  0.302233746076D-03 -0.574442163131D-02
 -0.359655853335D-03 -0.159569933957D-02 -0.114229280094D-02 -0.150931171009D-02
 -0.388513040649D-03 -0.436976468434D-02 -0.344187732294D-04 -0.947516349447D-04
 -0.190243809437D-02 -0.159638000076D-02 -0.180996160118D-02  0.138530380724D-02
  0.118179377276D-02  0.460674441840D-04 -0.173974767630D-02 -0.718526508222D-04
 -0.544033088129D-03  0.327832604562D-02  0.183144919466D-02  0.634088305009D-03
  0.346413650672D-02  0.167695078599D-02 -0.116227266563D-03 -0.143021706960D-02
  0.248672221582D-02  0.111817537531D-02  0.368131475664D+00  0.308755007303D-04
  0.149837635862D-02  0.584880530312D-03  0.627487990265D-03 -0.182676873282D-02
 -0.375205517562D-03 -0.338047111294D-04  0.225711907554D-02 -0.591882402923D-04
  0.265173214639D-03  0.154419085757D-03  0.168563243078D-02  0.916415945136D-04
  0.349836758857D-02 -0.178374400800D-03 -0.259721081598D-03 -0.334005783692D-03
 -0.926145818140D-03  0.405490385107D-03  0.465439687886D-02 -0.890026454030D-04
 -0.209494512744D-03 -0.338211290674D-03 -0.265774213649D-03  0.310972998922D-03
  0.441527475264D-02 -0.181332668190D-03 -0.113030925228D-03 -0.217159714654D-03
  0.948116864779D-05  0.286793504847D-03  0.439112092034D-02 -0.161789278861D-03
 -0.253794288579D-03 -0.158305061441D-03 -0.365876129609D-04  0.287508806407D-03
  0.447650703496D-02 -0.184854120242D-04 -0.256472033125D-03 -0.219328217932D-03
  0.180604168168D-03  0.152769302680D-03  0.433961994692D-02 -0.102517345019D-03
 -0.330125083331D-03 -0.314552415770D-03 -0.823189050626D-03  0.127465453392D-03
  0.469562335467D-02  0.426327703168D-04  0.253538374303D-03  0.218396744711D-03
  0.159468116250D-02  0.287875894984D-04  0.342798349410D-02 -0.998908641173D-04
  0.513500353585D-04  0.148454620344D-02  0.601811698260D-03  0.627595183051D-03
 -0.182110334737D-02 -0.378205628734D-03 -0.526332890388D-04  0.231607647619D-02
 -0.434896663008D-04 -0.226237142576D-05 -0.846744893754D-03  0.210482345192D-02
 -0.105262775729D-03 -0.902416431117D-03  0.227773168110D-02  0.438608157161D-03
  0.300088212348D-02  0.259881916312D-02  0.200188198338D-03  0.291944933718D-02
  0.364189632784D+00 -0.647553609028D-04 -0.587050699762D-03 -0.219582790894D-03
 -0.759111825730D-03 -0.122775995255D-02  0.111354004745D-03  0.135257140189D-04
  0.449944666322D-03  0.733019778528D-03 -0.112722887318D-02  0.917604405344D-04
  0.712947061996D-03 -0.276039703970D-02 -0.420959278508D-04 -0.220699363097D-03
 -0.893927896783D-03 -0.152574789619D-03 -0.140073561629D-03 -0.271558571399D-02
  0.125357508692D-03 -0.115832750669D-02 -0.841118011037D-03 -0.250721394707D-03
 -0.245371532453D-04 -0.393948059817D-02  0.131824379421D-03 -0.687160257013D-03
 -0.402906241958D-03 -0.709812623355D-03 -0.177095219815D-04 -0.478062662207D-02
  0.142608889577D-04 -0.987055181463D-03 -0.632665250123D-03 -0.525093254273D-03
  0.222882288069D-04 -0.469060790906D-02  0.563005589767D-04 -0.689189280293D-03
 -0.961677253236D-03 -0.150006916430D-03  0.499820633145D-04 -0.543009826189D-02
 -0.289426816930D-04 -0.422838882203D-03 -0.673774464306D-03 -0.500414832171D-03
 -0.206193982130D-03 -0.495827690507D-02  0.696564895182D-04 -0.957812881818D-03
 -0.100456166257D-02 -0.677038239524D-04  0.804371008188D-03 -0.366907726819D-02
 -0.324141198985D-03 -0.709289767940D-04 -0.132012773445D-03 -0.597208745046D-03
 -0.285094139454D-03 -0.728292804319D-03 -0.128146148978D-02  0.103678039315D-03
  0.663566578782D-04  0.422293157551D-03 -0.864679689292D-03  0.429944895749D-02
 -0.513241074624D-03  0.508668054887D-04  0.531255115810D-02  0.194635067951D-03
  0.530336153859D-03  0.603058568946D-03  0.117246136284D-03  0.500144647495D-03
 -0.184002722400D-02  0.279103913709D-03  0.191447427030D-04  0.135792806978D-01
 -0.475441458036D-04  0.148264844438D-03  0.326577645924D-03  0.296513808569D-03
 -0.499628882287D-02  0.219847403319D-02 -0.107590946531D-05  0.870600822509D-03
  0.942257657864D-05  0.325422858164D-03  0.384000922726D-03  0.190043948022D-02
 -0.122635264389D-04 -0.526653968555D-02 -0.842310264912D-04  0.400257453743D-03
  0.445369041216D-03  0.782076850540D-04  0.626824119370D-04 -0.585529434993D-02
 -0.659623776241D-04  0.449397990956D-03  0.407932089506D-03 -0.125169436706D-03
  0.403732163468D-03 -0.569763300792D-02 -0.160069562190D-03  0.409119913771D-03
  0.407684667347D-03 -0.309085433268D-04  0.455603302322D-03 -0.575537408474D-02
 -0.114461105607D-03  0.371623853408D-03  0.478393369975D-03  0.215710653144D-04
  0.574217920978D-03 -0.563582529833D-02 -0.108301857506D-03  0.404385173375D-03
  0.429470553767D-03  0.839901901633D-04  0.382685107438D-03 -0.580552156278D-02
 -0.110125956078D-03  0.438926554135D-03  0.432623033505D-03  0.129899454867D-03
  0.188849041661D-03 -0.579061489582D-02 -0.237111780107D-04  0.378385496925D-03
  0.315661630928D-03  0.183851234757D-02  0.308951560397D-03 -0.526518711509D-02
 -0.760884659224D-04 -0.286344606692D-04  0.143743455363D-03  0.320086891890D-03
  0.328954620012D-03 -0.504015979621D-02  0.230501610361D-02  0.568992609090D-05
  0.933502548343D-03 -0.105703228334D-05  0.515714635414D-04 -0.213860951848D-02
  0.162942666399D-02 -0.419743874224D-03 -0.215885579918D-02  0.138160507718D-02
  0.397570780399D-04 -0.573825676717D-03  0.247039911759D-02 -0.236247709712D-03
 -0.556420054605D-03  0.287806842842D-02 -0.387422113266D-03  0.368000625102D+00
  0.278371248337D-04  0.492581177136D-03 -0.462176065921D-03 -0.438955019369D-03
  0.152429773657D-02 -0.638601126784D-03 -0.191955283628D-04  0.909397761937D-03
 -0.341715383063D-04 -0.616058090858D-03 -0.661337757965D-03 -0.308240766024D-03
  0.181249726170D-03  0.338917009617D-02 -0.765604137770D-05 -0.100210832235D-02
 -0.983287029907D-03 -0.319111871466D-03  0.297935286895D-03  0.402128232561D-02
  0.569614396718D-04 -0.102579489430D-02 -0.101583910215D-02 -0.390624154173D-04
  0.148354509113D-03  0.387649434265D-02  0.286064633630D-04 -0.970200436090D-03
 -0.942757023556D-03  0.276339617638D-04  0.181267923110D-03  0.392223035971D-02
  0.114978150881D-04 -0.969378352284D-03 -0.988252693481D-03 -0.310876076208D-04
  0.959043326519D-04  0.388022232135D-02  0.193482467269D-04 -0.100426590615D-02
 -0.100738591137D-02  0.358851375628D-04  0.194751802036D-03  0.390824310270D-02
 -0.290702853377D-04 -0.105534060440D-02 -0.968513496019D-03 -0.315215676303D-03
  0.257105164621D-03  0.399304275893D-02  0.170851683053D-04 -0.655972884927D-03
 -0.599814166289D-03 -0.302565920053D-03 -0.270215081444D-05  0.336996076298D-02
 -0.236992568972D-04  0.192868314641D-04  0.489556816704D-03 -0.445267193471D-03
 -0.463117754932D-03  0.154633401876D-02 -0.686071779401D-03 -0.206761057554D-04
  0.892008960748D-03  0.891291959833D-05 -0.257289001582D-03  0.207245402722D-02
  0.274307002883D-02 -0.351476329705D-04  0.206434612967D-02  0.288679245894D-02
  0.184190264998D-03  0.247943175708D-02  0.330947991003D-02  0.426249270337D-03
  0.248174139609D-02  0.307564779328D-02 -0.834957131095D-04  0.326950556153D-02
  0.365351023795D+00  0.104583162833D-03 -0.875749437691D-03 -0.581176825234D-03
 -0.823896050209D-03 -0.373007876576D-02  0.183158459101D-03  0.709171086458D-04
  0.137203621364D-02  0.325861063940D-03 -0.125296280799D-02 -0.541349313467D-03
  0.233399477243D-02 -0.161948612335D-03 -0.299839728587D-04  0.280131749669D-03
 -0.142200744596D-02 -0.492601680104D-03 -0.589301378181D-03 -0.145072977889D-02
  0.761660986743D-03 -0.591821392668D-03 -0.161767638790D-02 -0.304016684871D-03
 -0.169031743694D-03 -0.480858200588D-02  0.758734049578D-03 -0.845542857043D-05
 -0.125310788147D-02 -0.698442583473D-03 -0.568379846428D-04 -0.566697809792D-02
  0.584863218676D-03 -0.102772375391D-02 -0.486167578870D-03 -0.154924155187D-02
  0.485398299054D-04 -0.707505530088D-02  0.695598670354D-03 -0.120269524098D-02
 -0.108617846493D-02 -0.839075730484D-03  0.161125054667D-03 -0.483108620982D-02
  0.535123457790D-03 -0.126749248524D-02 -0.148487037957D-02 -0.588181637513D-03
 -0.605000942388D-03 -0.330133901645D-02  0.669175073121D-03 -0.185981622010D-02
 -0.176147968047D-02 -0.637953452711D-04  0.239368016368D-02 -0.419457864387D-02
 -0.359792523257D-03 -0.484309105840D-03 -0.156442500371D-03 -0.895267030264D-03
 -0.362811381129D-03 -0.106717625894D-02 -0.380795671782D-02  0.187531156872D-03
  0.156018298693D-04  0.136738222878D-02 -0.110412306680D-02  0.619204530318D-03
 -0.130922187535D-02  0.223900971167D-04  0.611884043153D-02 -0.547931583767D-03
  0.588421243703D-03 -0.109602586650D-02  0.860345149146D-03  0.406334614525D-03
  0.199133469014D-02  0.106184418720D-02 -0.163613247461D-03  0.606654646216D-02
 -0.588074174584D-03  0.229311446680D-04  0.156838814062D-01 -0.403765553845D-04
 -0.242621310423D-04  0.194525522308D-03  0.121130780970D-03 -0.492448704933D-02
  0.220670003698D-02 -0.132715968816D-06  0.803540804150D-03  0.522214224214D-04
  0.128644665108D-03  0.295771004280D-03  0.184737474758D-02 -0.692158916611D-04
 -0.537082665071D-02 -0.680443932019D-04  0.215071689178D-03  0.384944269084D-03
  0.113972204180D-03 -0.159954343048D-04 -0.597975891310D-02 -0.116320897103D-03
  0.260767233010D-03  0.339821855820D-03 -0.112089083934D-03  0.115524120922D-03
 -0.580891225171D-02 -0.177083420599D-03  0.245113357846D-03  0.298121860872D-03
 -0.351727496256D-04  0.126983382674D-03 -0.587274313666D-02 -0.196599453859D-03
  0.261574815063D-03  0.313738802416D-03  0.266944469165D-04  0.159478421307D-03
 -0.576176545553D-02 -0.207174500769D-03  0.250202912581D-03  0.319732297287D-03
  0.781583245318D-04  0.676528137919D-04 -0.592413736427D-02 -0.205581943620D-03
  0.261598460319D-03  0.352218223879D-03  0.155390929921D-03 -0.315853057965D-04
 -0.593430460670D-02 -0.159563735170D-03  0.157702077914D-03  0.246585616428D-03
  0.179961070885D-02 -0.125719644166D-04 -0.539264087930D-02 -0.108635163867D-03
 -0.410878425787D-04 -0.311990184823D-04  0.198151230010D-03  0.139959273302D-03
 -0.497231393724D-02  0.231169811259D-02  0.740704481348D-05  0.854619236765D-03
 -0.811772464449D-04  0.159096940568D-03 -0.192423243726D-02  0.168183568317D-02
  0.588809734546D-04 -0.187636568908D-02  0.147425790062D-02  0.982013349138D-04
 -0.609610879666D-03  0.256282599590D-02 -0.283086991848D-04 -0.549497111885D-03
  0.294555600189D-02  0.838480899418D-04 -0.104353822021D-02  0.330032387370D-02
  0.435981374797D-04  0.368263173293D+00  0.220170292654D-04 -0.287977679510D-04
 -0.760342262778D-03 -0.841019870123D-03  0.154391460600D-02 -0.151282004837D-03
 -0.132247168823D-04  0.392594143332D-03  0.792274495258D-04 -0.968575294071D-03
 -0.770731291246D-03 -0.663167255011D-03 -0.959283070219D-04  0.159260209948D-02
  0.293060004319D-04 -0.119678848135D-02 -0.960624678362D-03  0.150898028413D-04
 -0.209683199882D-04  0.177662707209D-02 -0.503204134098D-04 -0.122393356025D-02
 -0.102303057006D-02  0.405638752747D-04 -0.368493784777D-03  0.173396714737D-02
 -0.984366123107D-05 -0.115138888436D-02 -0.105351054619D-02  0.203476029303D-04
 -0.386914022577D-03  0.177372666274D-02 -0.104410926971D-03 -0.108031289527D-02
 -0.114246743323D-02 -0.150775256611D-04 -0.539473046069D-03  0.170808001264D-02
 -0.136616744892D-03 -0.117550954813D-02 -0.107728468179D-02 -0.111524186985D-04
 -0.420344569514D-03  0.176087557689D-02 -0.138688475385D-03 -0.120276188587D-02
 -0.994768948857D-03 -0.229083431793D-04 -0.262734943648D-03  0.171553503608D-02
 -0.191382939261D-03 -0.101302973623D-02 -0.728969061036D-03 -0.614852584291D-03
 -0.523441577191D-03  0.155348110859D-02 -0.456996367451D-04 -0.148268646222D-04
 -0.331876895072D-04 -0.743361557892D-03 -0.872038906342D-03  0.155324301648D-02
 -0.188051868990D-03 -0.233540690714D-05  0.345493708679D-03 -0.110882831175D-03
  0.158451450584D-03  0.259292199978D-02  0.295318524334D-02  0.761737948796D-03
  0.271277048075D-02  0.308949004794D-02  0.250630807418D-03  0.175575858269D-02
  0.372929812477D-02  0.476342302663D-03  0.185269335372D-02  0.359113727641D-02
  0.725498400439D-03  0.267963286898D-02  0.384163691989D-02  0.100078079023D-02
  0.275718602321D-02  0.365924788618D+00  0.195700700495D-03 -0.508358952632D-03
 -0.240581094364D-03 -0.111366809749D-02  0.639339689610D-03 -0.133815635141D-03
 -0.347159256483D-03 -0.736865070330D-04  0.391106450301D-03 -0.143230479159D-02
  0.307866621769D-03 -0.313710528738D-03 -0.799887172001D-03  0.377141977792D-03
 -0.105025722166D-02 -0.157537327179D-02  0.450887209271D-03  0.563554327271D-05
  0.386823234713D-02  0.342719068494D-03 -0.565016485770D-03 -0.685257160407D-03
 -0.322663916854D-03 -0.420709947941D-04  0.560669469654D-02  0.252996900740D-03
 -0.160260341274D-02 -0.680473067228D-03 -0.344784053327D-03 -0.549515128261D-04
  0.694348090223D-02  0.276118238100D-03 -0.104541632132D-02 -0.125181103427D-02
  0.222801331381D-03 -0.130348598686D-04  0.756201612052D-02  0.126141550073D-03
 -0.713478968790D-03 -0.110066681077D-02  0.266234626354D-04 -0.491951277950D-04
  0.412307946950D-02  0.158419450506D-03 -0.769287458679D-03 -0.137470151339D-02
  0.163095386566D-03  0.159689384421D-03  0.296592956088D-02  0.795469736254D-04
  0.220476724217D-03 -0.974869494141D-03 -0.531767174564D-04 -0.420560950444D-03
  0.593448237528D-03  0.182229113979D-03 -0.507991449309D-03  0.312376174786D-03
 -0.653359805817D-03 -0.368461876571D-03 -0.895667248762D-03  0.692078391095D-03
 -0.266314925060D-04 -0.261447119830D-03 -0.234981979898D-03 -0.464984738540D-04
  0.178321402064D-02  0.299293573226D-03  0.338734758071D-03 -0.251477603581D-03
  0.382189872605D-03  0.539130497430D-03  0.843296274214D-02 -0.682677227129D-03
  0.395160760955D-03  0.470201651989D-02  0.203733076397D-03  0.385152780481D-03
 -0.385034278139D-03  0.655882556905D-04  0.248621796535D-03 -0.150976994593D-02
  0.128180801359D-03  0.305080851324D-03  0.176489588630D-01 -0.541954269965D-04
 -0.652652590986D-03 -0.412062886066D-03 -0.473510747640D-03 -0.281673744274D-02
  0.211153571164D-02  0.175603609571D-04 -0.163963214089D-03  0.563097549394D-04
 -0.322637360318D-03 -0.169404021577D-03  0.527805121180D-03 -0.622653511449D-04
 -0.577268876703D-02  0.529291606563D-04 -0.976690618112D-04  0.415477257484D-04
  0.555926838937D-03 -0.191754375188D-03 -0.679590504041D-02 -0.864037590847D-05
 -0.109768758713D-03 -0.994956408334D-05  0.457291408490D-04  0.630722381370D-05
 -0.655235360797D-02 -0.147901586960D-04 -0.169301652208D-03 -0.824019043930D-04
 -0.218108491009D-04  0.395253818350D-04 -0.657141092704D-02 -0.251902079791D-04
 -0.929219711994D-04 -0.947459657665D-04  0.313372743525D-04  0.809349496463D-04
 -0.654011927379D-02 -0.113247061845D-03 -0.981475595065D-04 -0.799930944181D-04
 -0.223405076766D-04  0.841297540216D-04 -0.658922919185D-02 -0.720217162388D-04
 -0.306139941752D-04  0.858308307253D-05  0.527438926028D-03  0.101303913174D-05
 -0.678252152260D-02 -0.104949576841D-03 -0.290921568095D-03 -0.243968785753D-03
  0.545050539009D-03  0.757711738681D-04 -0.574286191913D-02 -0.164717347864D-04
 -0.648890801849D-04 -0.647524129919D-03 -0.419227498036D-03 -0.460924965494D-03
 -0.285526529063D-02  0.218732615891D-02  0.360835175031D-04 -0.157808543570D-03
 -0.874897858103D-05  0.381406010562D-04 -0.898510283129D-04  0.195626469024D-02
 -0.762065338526D-04 -0.371434349149D-04  0.169600444088D-02 -0.228444700798D-03
 -0.110648946786D-02  0.286629683398D-02 -0.196316473383D-03 -0.102536361642D-02
  0.335155964412D-02 -0.125414307452D-03 -0.970135799623D-03  0.342223746056D-02
 -0.928567307390D-04 -0.101386441560D-02  0.270973933380D-02 -0.190419785547D-03
  0.368010524055D+00  0.169918214993D-04  0.469514931341D-03 -0.365248920780D-03
 -0.408196916022D-03  0.245205890545D-03 -0.173747135019D-03 -0.184117682070D-04
  0.113502207977D-02  0.522738697774D-04 -0.614082099698D-03 -0.517358080989D-03
  0.220809552724D-03 -0.154856271122D-03  0.224661720081D-02 -0.548546903036D-04
 -0.945550282843D-03 -0.849059681495D-03 -0.330196208890D-03 -0.227878273995D-04
  0.277658460654D-02 -0.100884973672D-03 -0.950762562056D-03 -0.889752746765D-03
 -0.710774820760D-04 -0.263898492811D-03  0.266258631094D-02 -0.885365515908D-04
 -0.854646980272D-03 -0.870419209822D-03  0.198692947868D-04 -0.317181271683D-03
  0.267867130751D-02 -0.135239331734D-03 -0.890670594978D-03 -0.876233544541D-03
 -0.248626650877D-04 -0.379857848904D-03  0.267252666567D-02 -0.878713226380D-04
 -0.956734900380D-03 -0.860874964574D-03  0.609640883988D-04 -0.409697648070D-03
  0.264861359579D-02 -0.104656438680D-03 -0.969991272127D-03 -0.869727843104D-03
 -0.321076887757D-03 -0.325521654523D-03  0.275832845720D-02 -0.107008204714D-03
 -0.635688157172D-03 -0.481039038240D-03  0.221408884306D-03 -0.391668781518D-03
  0.219291438182D-02 -0.528963095310D-04  0.468271062317D-05  0.462878880313D-03
 -0.354338988174D-03 -0.422845477582D-03  0.251592319933D-03 -0.198666107708D-03
 -0.145955334253D-04  0.112921832464D-02 -0.996599140324D-04  0.283602398054D-03
  0.136827440808D-02  0.288234578502D-02  0.545158819729D-03  0.143714888920D-02
  0.303525540748D-02  0.258921628186D-03  0.225721559257D-02  0.363465908349D-02
  0.152952795697D-03  0.227649994204D-02  0.341858775576D-02  0.619722190409D-03
  0.284381522069D-02  0.389149359459D-02  0.663569138486D-03  0.292378569563D-02
  0.422213274926D-02  0.212371787354D-03  0.304096527187D-02  0.366146998278D+00
 -0.454041278813D-04 -0.575588969052D-03 -0.334873545444D-03 -0.432273924567D-03
 -0.320388093998D-02  0.209651929400D-02  0.304799461809D-05  0.471973181772D-04
  0.742069192627D-04 -0.328829725231D-03 -0.102125381732D-03  0.795007837813D-03
 -0.103532855489D-03 -0.558607616988D-02 -0.564778824436D-05 -0.141133468860D-03
  0.850210130588D-04  0.454116317564D-03 -0.460155194274D-04 -0.650100238967D-02
 -0.581546274568D-04 -0.113394386921D-03  0.777730118958D-05  0.111163512271D-04
  0.166715195263D-03 -0.627836684102D-02 -0.104078801427D-03 -0.157191924679D-03
 -0.638779700744D-04 -0.269226747827D-04  0.227326772525D-03 -0.630690950830D-02
 -0.105624170957D-03 -0.108778639590D-03 -0.571535474400D-04  0.303929006348D-04
  0.280921298219D-03 -0.626529009189D-02 -0.165595937382D-03 -0.116190782424D-03
 -0.435311206452D-04 -0.229437589539D-05  0.163024119081D-03 -0.633515175392D-02
 -0.133937480673D-03 -0.704653989740D-04  0.382800876172D-04  0.444239548313D-03
  0.513381260062D-04 -0.649176917125D-02 -0.123885819757D-03 -0.283986472530D-03
 -0.181928632333D-03  0.797064164310D-03  0.311048050751D-04 -0.557716926322D-02
 -0.540381819091D-04 -0.521882826309D-04 -0.577652967710D-03 -0.343572720650D-03
 -0.412679735743D-03 -0.324294406717D-02  0.218028941238D-02  0.222523460059D-04
  0.564394321540D-04 -0.359954452391D-04  0.143498496208D-03 -0.413828991653D-03
  0.192979631501D-02  0.706341012273D-05 -0.349971348455D-03  0.169629363513D-02
  0.119634370560D-03 -0.987472179069D-03  0.283434377381D-02  0.364079765890D-05
 -0.879275847432D-03  0.328732045062D-02 -0.237757113459D-04 -0.950344979241D-03
  0.341091185486D-02 -0.317556312145D-04 -0.974008198329D-03  0.275346902287D-02
  0.211999029353D-03 -0.109456936455D-02  0.304150908299D-02  0.367946759824D+00
  0.273156966584D-04  0.100583500710D-02 -0.725250595744D-04 -0.980935079908D-05
  0.247398240029D-03 -0.734117323818D-03 -0.260815467676D-04  0.170728055952D-02
 -0.675154598933D-04 -0.279334714754D-03 -0.427755259552D-03  0.612694895215D-03
  0.161206728371D-03  0.428242786107D-02 -0.937363622692D-04 -0.790531842783D-03
 -0.899409742705D-03 -0.703737179615D-03  0.349043017828D-03  0.532351198222D-02
  0.109634162670D-04 -0.790398363227D-03 -0.910191024849D-03 -0.158651299463D-03
  0.275713949826D-03  0.509570827342D-02 -0.508136520663D-04 -0.708169063553D-03
 -0.783200133826D-03  0.265789203316D-04  0.276829504944D-03  0.511706340394D-02
 -0.272775239312D-04 -0.806722418782D-03 -0.757602615118D-03 -0.416208186144D-04
  0.262913611111D-03  0.513456921835D-02  0.598471169289D-04 -0.815765079732D-03
 -0.823071350640D-03  0.112935400412D-03  0.238756567785D-03  0.508544115527D-02
 -0.111883172734D-04 -0.867440289411D-03 -0.869399282444D-03 -0.648873293902D-03
  0.239551647468D-03  0.533599466869D-02  0.930447169000D-04 -0.303364540488D-03
 -0.362013535977D-03  0.568093787499D-03  0.122197898976D-03  0.424479865855D-02
 -0.399313494501D-04  0.415903464793D-04  0.999537577431D-03 -0.581156076848D-04
 -0.208293712091D-04  0.267472139985D-03 -0.771539887739D-03 -0.364981137659D-04
  0.173134669820D-02  0.159694719153D-04 -0.181806216452D-03  0.846451372812D-03
  0.265870770857D-02 -0.242344984883D-03  0.787174353551D-03  0.283181931310D-02
  0.226579146149D-03  0.307653469219D-02  0.317994165571D-02  0.195978680678D-03
  0.300305786088D-02  0.284783381424D-02 -0.191075806963D-03  0.350984682866D-02
  0.350428090231D-02 -0.288001278838D-03  0.354884746336D-02  0.399957562945D-02
  0.205246755501D-03  0.384520476945D-02  0.392002991826D-02  0.378968279116D-02
  0.365197497428D+00 -0.438880434585D-04 -0.233262964626D-03 -0.346726400324D-04
 -0.898657657512D-04 -0.448924854479D-02  0.209785794309D-02  0.553811072385D-05
  0.672991014565D-03  0.322882625520D-04 -0.674415565851D-04  0.697198670236D-04
  0.164104180868D-02 -0.231866368410D-05 -0.518689334882D-02 -0.369227230840D-04
  0.288815665755D-04  0.181242102513D-03  0.158122981957D-03  0.158434534669D-04
 -0.578938522126D-02 -0.715507366285D-04  0.591589714250D-04  0.134195246383D-03
 -0.867093899911D-04  0.160056793380D-03 -0.561827956419D-02 -0.127257098279D-03
  0.314261794192D-04  0.925014337607D-04 -0.340137837981D-04  0.172149431560D-03
 -0.567411200703D-02 -0.141241444240D-03  0.624275433542D-04  0.950370961441D-04
  0.282274755760D-04  0.208478840764D-03 -0.558167836497D-02 -0.165731712908D-03
  0.605032587601D-04  0.102160885329D-03  0.622185687161D-04  0.167262500109D-03
 -0.571208869553D-02 -0.163598864678D-03  0.772884809031D-04  0.148918254533D-03
  0.187636427454D-03  0.717254346712D-04 -0.575015567966D-02 -0.124712222687D-03
 -0.376315626778D-04  0.184304850579D-04  0.160564042478D-02  0.624437718008D-04
 -0.519432606850D-02 -0.814874802511D-04 -0.457654462899D-04 -0.236295151399D-03
 -0.328880707639D-04 -0.738802466895D-04 -0.453466199362D-02  0.219236861477D-02
  0.119979521838D-04  0.716132214288D-03 -0.502204038149D-04  0.295255544434D-04
 -0.143522027975D-02  0.178576398042D-02 -0.712424483499D-04 -0.139829797373D-02
  0.157019752323D-02  0.196145393724D-04 -0.571238144297D-03  0.264830359939D-02
 -0.211698098236D-04 -0.518394647725D-03  0.304175971957D-02 -0.642853194644D-04
 -0.922148478989D-03  0.334614310636D-02 -0.945271594768D-04 -0.928402617201D-03
  0.278676536697D-02  0.472238089221D-04 -0.912481116983D-03  0.296746657931D-02
 -0.874906014176D-03  0.360856947819D-02  0.368289242976D+00
$end
