$coord
    1.29060313015929     -3.63433972346360      0.94104555699162  c
   -0.88950985873965     -3.76795423384018     -0.94543680953701  c
    1.11734090557012     -1.98414788175314      2.17012618252336  h
    3.11065217792429     -3.50687448223839     -0.02743383462162  h
    1.33938873761986     -5.31054548912487      2.14684526134960  h
   -0.92848274172042     -2.10163103483349     -2.16441120046419  h
   -2.71055064503912     -3.87924767444310      0.02318289238205  h
   -0.72491430233730     -5.42925471302631     -2.16160680202984  h
   -1.12382395993357      3.64227573150197      1.10964127843812  c
    0.72268781061829      3.76007799960228     -1.10529977216450  c
   -2.40563089735948      5.26181119168623      1.10120242009281  h
   -0.12412598631465      3.64470105006011      2.91722529867611  h
   -2.27696626851852      1.93100463536955      1.03307054032976  h
    1.86211521250582      5.48147316873079     -1.03784238225891  h
   -0.27628042881125      3.74103447833496     -2.91318708670514  h
    2.01749711437618      2.15161697743739     -1.08712154300233  h
$user-defined bonds
$redundant
     number_of_atoms            16
     degrees_of_freedom         42
     internal_coordinates       42
     frozen_coordinates          0
# definitions of redundant internals
   1 k  1.0000000000000 stre   1    4           val=   2.06562
   2 k  1.0000000000000 stre   1    5           val=   2.06543
   3 k  0.2127933030362 bend   5    4    1      val=   8.18874
        0.4661793103842 bend   2    4    1
        0.4706042471637 bend   2    5    1
       -0.5106201564190 bend   3    4    1
       -0.5051678524638 bend   3    5    1
   4 k  0.0016304953664 bend   5    4    1      val=   0.34769
        0.4086119077903 bend   2    4    1
       -0.4016709897863 bend   2    5    1
        0.5781882001220 bend   3    4    1
       -0.5808549487613 bend   3    5    1
   5 k  0.8785221602200 bend   5    4    1      val=  -0.12380
       -0.3202341789747 bend   2    4    1
       -0.3182470561143 bend   2    5    1
       -0.1092582795851 bend   3    4    1
       -0.1114913639503 bend   3    5    1
   6 k  0.0019696594166 bend   5    4    1      val=   0.02216
        0.5791250645802 bend   2    4    1
       -0.5799320962653 bend   2    5    1
       -0.4054567954917 bend   3    4    1
        0.4048380302388 bend   3    5    1
   7 k  0.5773502691896 tors   6    2    1    3 val=  60.55636
        0.5773502691896 tors   7    2    1    3
        0.5773502691896 tors   8    2    1    3
   8 k  1.0000000000000 stre   2    6           val=   2.06496
   9 k  1.0000000000000 stre   2    7           val=   2.06562
  10 k  1.0000000000000 stre   2    8           val=   2.06545
  11 k  0.6843680531076 bend   7    6    2      val=   2.75270
       -0.2940064700605 bend   8    6    2
       -0.3094661278538 bend   8    7    2
        0.2387357707401 bend   1    6    2
        0.2283740273205 bend   1    7    2
       -0.4901854899668 bend   1    8    2
  12 k -0.3559630826311 bend   7    6    2      val=   7.61453
       -0.4043263017902 bend   8    6    2
       -0.3966464642223 bend   8    7    2
        0.4351201306113 bend   1    6    2
        0.4392888949287 bend   1    7    2
        0.4125261769070 bend   1    8    2
  13 k  0.0127435167813 bend   7    6    2      val=   0.18905
       -0.6387925639395 bend   8    6    2
        0.6362202650962 bend   8    7    2
       -0.3055032279115 bend   1    6    2
        0.3059815233861 bend   1    7    2
       -0.0069658020787 bend   1    8    2
  14 k  0.4973665066783 bend   7    6    2      val=   3.59223
       -0.2243242125031 bend   8    6    2
       -0.2275129793843 bend   8    7    2
       -0.3194792841849 bend   1    6    2
       -0.3197421078795 bend   1    7    2
        0.6680127404149 bend   1    8    2
  15 k -0.0009576887380 bend   7    6    2      val=   0.03124
       -0.3054881061053 bend   8    6    2
        0.3060921760190 bend   8    7    2
        0.6370406099070 bend   1    6    2
       -0.6380911416305 bend   1    7    2
        0.0016235585690 bend   1    8    2
  16 k  1.0000000000000 stre   9   11           val=   2.06543
  17 k  1.0000000000000 stre   9   12           val=   2.06561
  18 k -0.0319440860845 bend  12   11    9      val=   1.14582
        0.5786493292336 bend  13   11    9
        0.4573173291256 bend  13   12    9
       -0.4387956407228 bend  10   11    9
       -0.5123121853966 bend  10   12    9
  19 k  0.0026924490232 bend  12   11    9      val=   0.31935
        0.5379829879597 bend  13   11    9
       -0.6383018417229 bend  13   12    9
        0.4362211998043 bend  10   11    9
       -0.3359298722631 bend  10   12    9
  20 k  0.8964534264267 bend  12   11    9      val=   0.05555
       -0.1834385675940 bend  13   11    9
       -0.2089359528510 bend  13   12    9
       -0.2598586335320 bend  10   11    9
       -0.2270259992867 bend  10   12    9
  21 k -0.0230772070489 bend  12   11    9      val=   0.84840
        0.3945126596688 bend  13   11    9
       -0.3806578293032 bend  13   12    9
       -0.5789505272660 bend  10   11    9
        0.6031111902829 bend  10   12    9
  22 k  0.5773502691896 tors  16   10    9   13 val=  59.43487
        0.5773502691896 tors  14   10    9   13
        0.5773502691896 tors  15   10    9   13
  23 k  1.0000000000000 stre  10   16           val=   2.06495
  24 k  1.0000000000000 stre  10   14           val=   2.06544
  25 k  1.0000000000000 stre  10   15           val=   2.06561
  26 k  0.4354740354430 bend  14   16   10      val=   1.08502
        0.4095876521112 bend  15   16   10
        0.4111243441686 bend  15   14   10
       -0.3969475677293 bend   9   16   10
       -0.3930711979509 bend   9   14   10
       -0.4018765421622 bend   9   15   10
  27 k  0.4828387222049 bend  14   16   10      val=   0.33549
       -0.6669139213365 bend  15   16   10
        0.1674635558617 bend  15   14   10
       -0.1194876591083 bend   9   16   10
        0.4383889239032 bend   9   14   10
       -0.2959499924737 bend   9   15   10
  28 k  0.5171144710007 bend  14   16   10      val=   0.41010
        0.1739216213089 bend  15   16   10
       -0.7037713692070 bend  15   14   10
        0.3685671324502 bend   9   16   10
       -0.1021032922883 bend   9   14   10
       -0.2465419639510 bend   9   15   10
  29 k  0.2142479102875 bend  14   16   10      val=   0.35382
       -0.4431269519467 bend  15   16   10
        0.2303589507221 bend  15   14   10
        0.3713835168803 bend   9   16   10
       -0.6827563543936 bend   9   14   10
        0.3171579025388 bend   9   15   10
  30 k  0.3323236264790 bend  14   16   10      val=   0.74166
       -0.0246115470625 bend  15   16   10
       -0.3072484314146 bend  15   14   10
       -0.6146224098760 bend   9   16   10
       -0.0179507195244 bend   9   14   10
        0.6453454465440 bend   9   15   10
  31 k  1.0000000000000 tors   2    1    3   13 val= -13.46814
  32 k  1.0000000000000 stre   1    2           val=   2.88610
  33 k  1.0000000000000 bend   3    2    1      val= 111.26497
  34 k  1.0000000000000 tors  10    9   13    3 val=  70.32531
  35 k  1.0000000000000 stre   9   10           val=   2.88608
  36 k  1.0000000000000 bend  13   10    9      val= 111.26327
  37 k  1.0000000000000 tors   1    3   13    9 val= 232.06537
  38 k  1.0000000000000 stre   3    1           val=   2.06490
  39 k  1.0000000000000 bend  13    1    3      val= 121.05798
  40 k  1.0000000000000 stre  13    9           val=   2.06496
  41 k  1.0000000000000 bend   3    9   13      val= 104.26193
  42 k  1.0000000000000 stre   3   13           val=   5.30496
        42 non zero eigenvalues  of BmBt
           1           5.804502702    1    0
         1
           2           5.534836447    2    0
         2
           3           4.083614035    3    0
         3
           4           3.598601023    4    0
         4
           5           3.510990690    5    0
         5
           6           3.169747395    6    0
         6
           7           3.054503445    7    0
         7
           8           2.921087762    8    0
         8
           9           2.823093657    9    0
         9
          10           2.723905664   10    0
        10
          11           2.422592370   11    0
        11
          12           2.121175118   12    0
        12
          13           1.739170282   13    0
        13
          14           1.350310506   14    0
        14
          15           1.103929163   15    0
        15
          16           0.978958363   16    0
        16
          17           0.887894923   17    0
        17
          18           0.812575357   18    0
        18
          19           0.730202384   19    0
        19
          20           0.676826585   20    0
        20
          21           0.663340812   21    0
        21
          22           0.630113865   22    0
        22
          23           0.614157811   23    0
        23
          24           0.536824751   24    0
        24
          25           0.497302677   25    0
        25
          26           0.494077190   26    0
        26
          27           0.440600626   27    0
        27
          28           0.367450667   28    0
        28
          29           0.308900274   29    0
        29
          30           0.289829733   30    0
        30
          31           0.261466607   31    0
        31
          32           0.252154500   32    0
        32
          33           0.199650620   33    0
        33
          34           0.183542124   34    0
        34
          35           0.175437600   35    0
        35
          36           0.158741813   36    0
        36
          37           0.101498687   37    0
        37
          38           0.089768169   38    0
        38
          39           0.040969035   39    0
        39
          40           0.026469658   40    0
        40
          41           0.012853380   41    0
        41
          42           0.009324767   42    0
        42
$end
