$dipgrad          cartesian dipole gradients
  0.94084956741639D-01  -.83112194463724D-03  -.18925188466428D-01
  -.21012138928374D-02  0.12326639218743D+00  -.19999100012744D-01
  -.25509804974339D-01  0.11005350748248D-01  0.88263257372494D-01
  0.94155519752896D-01  -.21695935932654D-02  -.21505213259404D-01
  -.10638162759427D-02  0.12359990266936D+00  0.17535548971084D-01
  -.24737641085921D-01  -.13902080685988D-01  0.88592765045139D-01
  0.19339516282001D-01  0.14589086694372D-01  -.63420674002576D-02
  -.23648781171145D-02  -.81460492537439D-01  -.11842420649639D+00
  -.19686338262856D-01  -.12870150733217D+00  -.39643377752111D-01
  -.14771332583694D+00  -.18273133295924D-01  0.46876549611685D-01
  -.24694527285116D-01  0.66065135368834D-01  0.84278327924699D-02
  0.84391414606816D-01  0.54971779281780D-02  -.11262019370152D-01
  0.35341714071670D-01  -.10533127835464D-01  -.22367692467747D-01
  0.22126909377966D-01  -.10934393705514D+00  0.12521306359707D+00
  -.39469009333290D-01  0.10112695512805D+00  -.37523204197599D-01
  0.19438283539711D-01  -.75390210131586D-03  -.21117901898914D-01
  0.15743574445847D-01  -.83451352563580D-01  0.11639047021580D+00
  -.34993236952051D-01  0.12479411349950D+00  -.38223396678395D-01
  -.14946691280532D+00  -.10509358947163D-01  0.47575332670710D-01
  -.36361312072022D-02  0.67209520112246D-01  -.18735204125231D-02
  0.84470888230029D-01  0.60508989879042D-02  -.11119297885020D-01
  0.34465664970396D-01  0.28491631077045D-01  -.60185596618684D-02
  -.40613079987048D-02  -.10687509998686D+00  -.12731664240670D+00
  -.26244301924973D-01  -.10569431607569D+00  -.38982165538837D-01
  0.89125825815049D-01  0.10308610827086D-01  0.24558107584030D-01
  -.20314097709441D-01  0.12214882275451D+00  0.17558914848658D-02
  0.19733173717795D-01  -.80696263402995D-04  0.92969520207361D-01
  0.89251632492901D-01  -.14542636128450D-01  0.26060926594984D-01
  0.16767113469530D-01  0.12415178378958D+00  0.25589186676630D-03
  0.20778253354067D-01  0.16271825579069D-02  0.93628266229043D-01
  -.47294679940229D-01  0.10607091318057D+00  0.36826406182590D-01
  0.12908799764289D+00  -.98998289307867D-01  -.15691575207736D-01
  0.16912505405226D-01  0.16553710531434D-01  0.34893569470752D-01
  -.13819708338942D-01  -.16236122174617D-02  -.87211231213114D-01
  0.24483296985079D-02  0.68339367005261D-01  0.10912034817553D-01
  -.49875275836189D-01  0.65489072597175D-02  -.14685142907870D+00
  -.27040020178589D-01  -.12613840432286D+00  0.26269915075226D-01
  -.11574444609229D+00  -.92008969560274D-01  0.10223629982824D-01
  0.13188671628269D-01  -.77922197673788D-02  0.18910795981058D-01
  -.27788708882253D-01  -.10086075165963D+00  0.31612959395519D-01
  -.12276162125280D+00  -.11822642173813D+00  0.14444106009045D-01
  0.14068063931096D-01  -.19469023198464D-01  0.34432497318365D-01
  -.12922705001232D-01  -.16174696299952D-02  -.86622003519027D-01
  -.79821669886984D-02  0.66919914529074D-01  -.10137249864775D-01
  -.49659497820440D-01  -.14922430871491D-02  -.14748424635682D+00
  -.49157049081869D-01  0.12839286989713D+00  0.30329660772008D-01
  0.11855028218538D+00  -.71336272066373D-01  -.11716175336555D-01
  0.16632135316774D-01  0.39277897692673D-02  0.19398468834383D-01
$end
