$energy      SCF               SCFKIN            SCFPOT
     1 -159.5138480799      156.8902597679     -316.4041078479
     2 -159.5477642541      157.0482300158     -316.5959942700
     3 -159.6110121165      157.3785239811     -316.9895360976
     4 -159.6658640505      157.7399277467     -317.4057917972
     5 -159.7088303239      158.1399428735     -317.8487731974
     6 -159.7343125219      158.5845989009     -318.3189114228
     7 -159.7391884838      158.8912817241     -318.6304702080
     8 -159.7400435227      158.8242954095     -318.5643389322
     9 -159.7403457634      158.8058313662     -318.5461771296
    10 -159.7405296227      158.8333487824     -318.5738784050
    11 -159.7405501905      158.8305085912     -318.5710587817
    12 -159.7405768998      158.8267607639     -318.5673376637
    13 -159.7406075440      158.8222843781     -318.5628919220
    14 -159.7406425494      158.8197636113     -318.5604061608
    15 -159.7406741037      158.8190872954     -318.5597613991
    16 -159.7406938007      158.8182270109     -318.5589208116
    17 -159.7407350960      158.8176517050     -318.5583868010
    18 -159.7407789578      158.8200453675     -318.5608243253
    19 -159.7408289010      158.8261758648     -318.5670047658
    20 -159.7408394974      158.8254545127     -318.5662940101
    21 -159.7408420842      158.8254725146     -318.5663145988
    22 -159.7408424531      158.8254870224     -318.5663294755
    23 -159.7408435085      158.8254847945     -318.5663283030
    24 -159.7408440171      158.8256027653     -318.5664467824
    25 -159.7408448163      158.8255234023     -318.5663682187
    26 -159.7408460869      158.8256222478     -318.5664683347
    27 -159.7408454539      158.8255235093     -318.5663689631
    28 -159.7408473731      158.8255130255     -318.5663603986
    29 -159.7408477924      158.8254520236     -318.5662998160
    30 -159.7408476573      158.8252182240     -318.5660658814
    31 -159.7408480716      158.8253187600     -318.5661668317
    32 -159.7408484827      158.8251935674     -318.5660420502
    33 -159.7408491721      158.8253558106     -318.5662049827
    34 -159.7408418107      158.8265883476     -318.5674301582
    35 -159.7381668648      158.8174652420     -318.5556321068
    36 -159.7408518385      158.8245872284     -318.5654390669
    37 -159.7408523059      158.8251674673     -318.5660197733
    38 -159.7408524190      158.8258892325     -318.5667416514
    39 -159.7408517322      158.8265308390     -318.5673825712
    40 -159.7408524284      158.8257045415     -318.5665569699
    41 -159.7408520748      158.8252255823     -318.5660776571
    42 -159.7408520204      158.8251751674     -318.5660271878
    43 -159.7408524101      158.8252324687     -318.5660848788
    44 -159.7408528219      158.8252802317     -318.5661330536
    45 -159.7408536807      158.8254786613     -318.5663323420
    46 -159.7408548212      158.8254805328     -318.5663353540
    47 -159.7408593645      158.8241660558     -318.5650254203
    48 -159.7408499422      158.8233023849     -318.5641523271
    49 -159.7408624526      158.8252078846     -318.5660703372
    50 -159.7408717811      158.8251301223     -318.5660019034
    51 -159.7408783929      158.8250887968     -318.5659671897
    52 -159.7408882976      158.8251915063     -318.5660798040
    53 -159.7409127331      158.8262056166     -318.5671183497
    54 -159.7409208126      158.8260097693     -318.5669305819
    55 -159.7409239470      158.8254477261     -318.5663716731
    56 -159.7409253035      158.8252217925     -318.5661470959
    57 -159.7409249637      158.8254590482     -318.5663840118
    58 -159.7409252448      158.8253356695     -318.5662609143
    59 -159.7409257426      158.8254861075     -318.5664118501
    60 -159.7409256417      158.8253610816     -318.5662867233
    61 -159.7409258066      158.8253338983     -318.5662597049
    62 -159.7409258628      158.8252930373     -318.5662189001
    63 -159.7409257608      158.8252843138     -318.5662100746
    64 -159.7409257951      158.8253419386     -318.5662677336
$end
