$hessapprox internal
  0.362041749042D+00  0.146145649472D-01  0.323261372982D+00 -0.585842702103D-02
 -0.611082781107D-03  0.243596604437D+00  0.147232161311D-01 -0.106830293357D-01
 -0.443773096771D-02  0.248283769860D+00  0.297018462764D-03  0.668421250697D-02
  0.507742415445D-02 -0.343792849621D-02  0.207279259428D+00  0.341556426581D-02
 -0.123257743036D-02  0.476142865377D-02  0.862957514611D-02  0.409402614363D-02
  0.252360625504D+00 -0.204834137290D-02  0.187189640315D-03  0.316862843803D-03
  0.690855935817D-02 -0.102186737623D-02 -0.791574486094D-03  0.128483992809D-01
  0.252287120334D-01  0.118237337405D-01 -0.154151622250D-02 -0.277942481668D-02
  0.654554642817D-02 -0.531397833384D-03  0.235748117498D-02  0.307672024455D+00
 -0.202672959376D-01 -0.198348382660D-03  0.247378563603D-02  0.505043757166D-02
 -0.712042097455D-03  0.416878358011D-02 -0.344428465367D-03  0.974864633298D-02
  0.331805138231D+00 -0.132060335913D-01 -0.974558060081D-02 -0.175376489297D-02
  0.236337822611D-02 -0.256926110669D-02  0.767417282378D-03 -0.412596197472D-03
  0.138672378801D-01  0.132711609051D-01  0.282079506456D+00 -0.719225709483D-02
  0.111489094514D-02 -0.258802979777D-02 -0.478344041837D-02 -0.108006006744D-01
  0.664383670191D-02  0.753644521582D-03  0.409496264917D-02  0.755598223273D-02
 -0.146538771467D-01  0.232622311652D+00 -0.210414745007D-02  0.504203613487D-02
 -0.306215410144D-02 -0.850919732012D-03  0.830646725343D-02  0.203272602499D-02
 -0.471817038393D-03 -0.545340922988D-02  0.214839031303D-02 -0.218239994670D-02
  0.123594382115D-02  0.243020600754D+00 -0.267984600644D-02 -0.344366368360D-02
  0.998531109759D-03  0.454681330082D-02 -0.284793300429D-03  0.170872121872D-03
  0.127211560606D-02 -0.955053988238D-02  0.136533467382D-01  0.144156429590D-02
  0.610258241891D-03 -0.645346165244D-04  0.233696694107D+00  0.164527533082D-02
 -0.164413641037D-02  0.935892206675D-02  0.191018453046D-02 -0.262486130226D-01
 -0.343737703700D-02 -0.121756454149D-02  0.623738800354D-02 -0.470704175910D-02
 -0.313781296183D-03 -0.968454259706D-04  0.105988109639D-01 -0.317177888203D-03
  0.224007874727D+00 -0.208635920018D-02  0.264762353624D-02 -0.123937981753D-02
 -0.701023722833D-02  0.809446196631D-03  0.344644370769D-03 -0.889782623225D-03
  0.658129692049D-03 -0.647032502541D-02 -0.549463988807D-03 -0.109563808641D-02
  0.112913518365D-02 -0.147727887668D-02  0.832910982870D-03  0.266299613920D+00
 -0.202933642618D-02  0.101658658325D-02 -0.221705698591D-02 -0.166750755615D-02
 -0.147369945041D-02  0.107132824781D-02  0.196631450329D-03 -0.102861702025D-02
  0.185621940578D-02 -0.149055112255D-02 -0.217627140381D-02 -0.268556965768D-04
  0.351912719543D-03 -0.802031349142D-03  0.706951042673D-04  0.389236393460D+00
  0.164285886662D-02  0.277961228453D-03 -0.224014207552D-02 -0.504762557266D-03
 -0.721849905262D-03  0.100731094646D-02  0.237197664781D-03  0.197330519171D-03
 -0.450430602383D-03 -0.171072271169D-02 -0.199449229447D-02 -0.776748869142D-03
  0.151011976037D-03 -0.374355569044D-03 -0.288986844209D-04  0.264855282714D-02
  0.376214693215D+00  0.553989216343D-02 -0.107608511031D-02  0.447006310851D-02
  0.784247199506D-02  0.138853646073D-01 -0.137473271206D-01 -0.108676699644D-02
 -0.343128064526D-02 -0.535709392196D-02 -0.474224393774D-02  0.117132689812D-01
  0.741048179779D-02  0.944501298546D-04 -0.139833575631D-02 -0.262805045236D-02
  0.123194246385D-02  0.156084185084D-02  0.268639531178D+00  0.149152263839D-01
 -0.270216545566D-02  0.314014148425D-02  0.762473600028D-02 -0.574062397793D-02
 -0.732507900654D-03 -0.781302964361D-03  0.103228435877D-01 -0.567778548613D-02
 -0.756979060301D-04 -0.159930195295D-02 -0.122457923254D-02 -0.807725123711D-03
 -0.402957802559D-02  0.836320169625D-03  0.210733132288D-02 -0.425276692809D-03
  0.895141704739D-02  0.291046956755D+00 -0.185831420664D-03  0.139962033508D-02
 -0.101820173022D-02  0.836108811635D-03  0.233657294931D-02 -0.767609251061D-03
 -0.140821335825D-03 -0.459657072359D-03  0.110955152084D-02  0.446374151588D-03
  0.352097614870D-03 -0.103008275989D-02  0.643920774598D-04  0.200956558907D-02
 -0.367814371045D-04  0.273922667045D-03  0.277946010878D-03 -0.381924824505D-02
  0.117291914521D-02  0.305759236037D+00  0.480763596627D-02 -0.138946290743D-02
  0.280791635600D-02  0.530873534399D-02  0.123652899434D-02 -0.865281840353D-02
 -0.240617375285D-02  0.867354633640D-03 -0.231037532352D-02 -0.309176578761D-02
  0.302016726858D-02  0.481419825447D-02 -0.103738402096D-02 -0.457091114724D-02
  0.530428943200D-03  0.155856990538D-02  0.122110482239D-02 -0.230256244866D-01
 -0.348078940179D-02 -0.203650875186D-02  0.306793245392D+00  0.361075075134D-02
  0.147472954189D-02  0.234597629024D-03 -0.871627154312D-04 -0.169916068577D-02
 -0.458288409830D-03 -0.254382299110D-03  0.348352364844D-03 -0.119855361076D-02
  0.755827606782D-03 -0.440758387970D-03 -0.647863306082D-03 -0.408867850922D-03
 -0.109743617935D-02  0.991871788283D-03 -0.227238393067D-04 -0.840137747762D-03
  0.292159517157D-02 -0.547453397535D-02  0.626835900672D-03  0.506103888405D-03
  0.798663882277D-02  0.963765707119D-03  0.273508687738D-03 -0.891577699958D-03
 -0.100410044402D-04  0.252064426226D-03 -0.341241380651D-03 -0.814715268148D-03
 -0.179683880705D-02  0.526871670791D-03 -0.168419055607D-02 -0.365109580058D-03
 -0.468764481963D-04  0.313715918204D-03 -0.769131753866D-03 -0.215040285364D-03
  0.221897347669D-02  0.274050008228D-02 -0.159248718071D-02 -0.304027343962D-03
  0.605319679923D-04 -0.425914426628D-03  0.327973213211D-04  0.391517547690D+00
 -0.207098292567D-02  0.204695527300D-03 -0.173798883244D-02 -0.626663170297D-03
 -0.140310903383D-02  0.629586743962D-03 -0.392473136139D-03  0.396428906268D-03
  0.242087019932D-02 -0.840763258749D-03 -0.209525978572D-02 -0.666269104292D-03
  0.715615757944D-04 -0.667754712387D-03  0.177878941042D-03  0.227685081197D-02
  0.275908132939D-02  0.126817967662D-02 -0.105931164797D-02  0.135687204952D-03
  0.697036029698D-03 -0.466459737206D-03  0.232710507423D-02  0.389728361062D+00
  0.611990294672D-03  0.172163550570D-03 -0.919729692164D-03 -0.734680052057D-04
 -0.436575036337D-03 -0.757769708719D-03 -0.165195119498D-03  0.740414022725D-03
 -0.253009390287D-03 -0.928378278542D-03 -0.451563779264D-03  0.252946938452D-03
 -0.903543810364D-04 -0.209318162879D-02 -0.229090674494D-03  0.296873751188D-02
  0.355417303876D-02 -0.328213043564D-02  0.464382235285D-03  0.591471629426D-04
 -0.994806800237D-03  0.201690342121D-03  0.255567215499D-02  0.308074883931D-02
  0.377076255107D+00 -0.376042277943D-02 -0.645645505832D-03 -0.114610024090D-02
  0.497962965459D-02  0.844741755155D-02 -0.541735188429D-02  0.843040184335D-03
 -0.521386282422D-02  0.271985795012D-02 -0.261707284427D-02  0.228563917659D-02
  0.297492558307D-02  0.105349599900D-02  0.472535619861D-02 -0.178987067645D-02
  0.290523116602D-03  0.689139848599D-03 -0.239077850782D-01  0.514049848280D-02
 -0.280081127591D-02 -0.124859962143D-01  0.173335894093D-02 -0.463696556467D-03
  0.488672083786D-03 -0.100667089895D-02  0.300921896139D+00  0.799025135479D-02
 -0.163806241783D-02  0.570157515932D-02  0.190409954303D-02  0.534972535917D-02
 -0.656481787065D-02 -0.103188395866D-03  0.133731428820D-02 -0.997606133954D-02
  0.712257436394D-03  0.101411966703D-01  0.427694925206D-02 -0.170102654870D-03
 -0.658308780701D-02 -0.203886744673D-02  0.813168703571D-04  0.221389351290D-03
 -0.190438841743D-01  0.692465131882D-02 -0.410792061693D-03 -0.701785892686D-02
  0.194361742536D-02 -0.108558471647D-02  0.578557430899D-03 -0.264120896005D-02
 -0.554713593068D-02  0.297596785250D+00  0.109727954952D-02 -0.137454472908D-02
  0.151234837737D-02  0.375200827833D-02  0.196212486564D-02 -0.249205786944D-02
  0.200236296165D-02 -0.617093037472D-03 -0.348915328687D-02  0.120226389605D-03
  0.287265578621D-02  0.253412243196D-02  0.481553543919D-03 -0.176686152683D-02
 -0.150015054367D-02 -0.210599807956D-03  0.300555504676D-03 -0.950079422167D-02
  0.525330253830D-02 -0.496431356333D-03 -0.473351668512D-02  0.991277523334D-03
 -0.673407604215D-03  0.110524367689D-03 -0.102734620989D-02 -0.435133422932D-02
 -0.486793638556D-02  0.307763534269D+00 -0.185625614057D-02  0.448272589388D-03
 -0.861748520219D-03  0.394070240054D-02 -0.658178100208D-02  0.694032593481D-03
 -0.419340538952D-03  0.713259196442D-03  0.489368342133D-02 -0.633020066981D-03
 -0.535747839093D-02 -0.749185822958D-03 -0.242696164761D-03 -0.109711327241D-02
  0.202624213459D-02  0.320185058518D-03  0.151775657751D-03  0.811832718352D-02
 -0.757101938897D-02  0.135451529856D-03 -0.185789433137D-03 -0.173126291797D-02
  0.330929333418D-03 -0.551925457155D-03  0.127540097347D-02  0.201299196004D-02
  0.778587211503D-02  0.265684230003D-02  0.314749861742D+00  0.266671887489D-02
 -0.111595578631D-02  0.340007848964D-02 -0.479567196580D-02 -0.131455587985D-01
  0.234932588704D-02 -0.262725474298D-02  0.551092219839D-02 -0.157887789892D-02
  0.953479770117D-03 -0.285833545468D-02  0.807227903118D-03 -0.136248037592D-02
 -0.105267015066D-01  0.207093896295D-02 -0.127112599865D-04 -0.864013454139D-03
  0.166390541484D-01 -0.104762582847D-01  0.256158864369D-02  0.722107178590D-02
 -0.217995283466D-02  0.461602317686D-03 -0.633580943584D-03  0.251407771925D-03
  0.117536081465D-01  0.347067280959D-02  0.240741212021D-02 -0.339314430438D-02
  0.312686940813D+00  0.121156457451D-02  0.770733865475D-03  0.351356986669D-04
  0.282369583879D-01 -0.173642671538D-03  0.201154214312D-02  0.169568347460D-01
  0.118852019450D-02 -0.194343881974D-02 -0.613820868929D-04  0.194821696914D-02
 -0.162575200578D-02  0.769225697214D-02  0.358732553250D-04 -0.780622997143D-02
 -0.407093649420D-03  0.114169593268D-02 -0.158038169516D-02  0.829701696350D-02
 -0.797245698917D-03 -0.709217173774D-02 -0.113480509430D-02  0.216675707380D-04
 -0.165229835366D-03  0.165591980951D-03  0.942285533616D-03  0.306033837476D-02
  0.596593253641D-02 -0.108763704450D-02 -0.536400557287D-02  0.699330528328D-01
  0.654149689673D-02  0.164613648355D-02  0.294740377211D-02  0.207157565385D-02
 -0.108764265279D-01 -0.256402500181D-02 -0.112662181319D-02  0.858784685909D-02
 -0.114381049485D-03  0.142310858950D-02 -0.884960748290D-03  0.232518559734D-02
 -0.697762101217D-03 -0.134462070905D-01  0.102578900526D-02  0.396011282617D-02
  0.487815221344D-02  0.855149101981D-03 -0.554494833507D-02  0.150246909007D-02
 -0.836421094890D-03 -0.874774300927D-03  0.362428655853D-02  0.370759120680D-02
  0.396103541038D-02  0.417578647162D-02 -0.393677633776D-02 -0.739491164189D-03
 -0.527126414244D-03 -0.651274250164D-02 -0.353728337870D-03  0.303084113673D+00
 -0.107240665954D-01 -0.695412203094D-02 -0.140887537377D-01 -0.352474837815D-02
  0.828397419295D-02  0.787868632865D-02  0.485881130618D-02 -0.171627541603D-01
 -0.393340127635D-02 -0.743038257722D-02 -0.132224175433D-01  0.738682064705D-03
  0.243266992699D-02  0.205735545342D-01 -0.288478565529D-02 -0.102859529118D-02
 -0.494905092827D-03  0.147983447380D-02  0.509903729445D-02 -0.159623878149D-02
 -0.697337619650D-03  0.152396047044D-02  0.684059741022D-03  0.517398059747D-03
  0.304845198428D-02 -0.110061132122D-01  0.134524798865D-01  0.230878200159D-02
 -0.483688333761D-02  0.882496255329D-02  0.725059982317D-02  0.161775327552D-01
  0.229227536822D+00  0.193504663284D-02  0.997271265881D-03  0.182160765808D-02
  0.145340866237D-01 -0.238651633331D-02  0.334562852015D-02  0.114299497214D-01
  0.223194946490D-02 -0.608272363762D-03  0.358049709492D-02  0.245716385580D-02
 -0.517553508991D-03  0.410016351012D-02 -0.311590405122D-02 -0.434520029954D-02
 -0.112463221019D-02  0.143689426724D-04  0.520626688377D-02  0.915746472923D-02
  0.179309268627D-02 -0.568051080999D-03  0.731622066585D-03 -0.298151090485D-02
 -0.761047733150D-03  0.457817021296D-03  0.463450325267D-02 -0.254951950635D-03
  0.752037522518D-02  0.356937013949D-02 -0.107540204010D-01  0.394648158182D-01
 -0.275785624403D-02  0.985786084769D-02  0.428773797265D-01 -0.376155064684D-03
 -0.944091590893D-03 -0.484961125055D-04  0.189367069362D-02  0.858762811727D-02
 -0.562995062759D-02 -0.676806981358D-03 -0.271338196190D-02 -0.208027129435D-02
 -0.332350036535D-02  0.455597966071D-02  0.295356745140D-02  0.565421553581D-04
  0.143871610964D-02 -0.131044542350D-02  0.207572437945D-02  0.293183245575D-02
 -0.229182847027D-01  0.755601276263D-02 -0.181670457885D-02 -0.957015706215D-02
  0.152671123028D-02  0.714940338277D-03  0.258242064253D-02  0.737048302736D-03
 -0.122350848744D-01 -0.984636263553D-02 -0.504401793260D-02  0.541257692072D-02
  0.942972366188D-02 -0.263720867468D-02  0.490786593001D-02 -0.205086010270D-02
  0.218321917841D-02  0.339237612080D+00 -0.487041961473D-02  0.200321143302D-02
 -0.608886816500D-02 -0.369685720938D-02 -0.132923589890D-01  0.105357500170D-01
  0.310376584382D-02  0.405270252836D-02  0.939235039512D-02 -0.564742403195D-02
 -0.125790728344D-01 -0.329888616565D-02 -0.550120360180D-03  0.140337588314D-02
  0.355701488484D-02 -0.111392276729D-02 -0.811888927206D-03  0.300333042633D-01
 -0.729872879745D-02  0.209815843180D-02  0.127750869621D-01 -0.374997826949D-02
 -0.121257954575D-02 -0.160802491479D-02  0.240865254812D-02  0.121793029060D-01
  0.152232250736D-01  0.782017879687D-02 -0.692058873650D-02 -0.106731143737D-01
 -0.563024096775D-02 -0.405935208793D-03 -0.986199297299D-02  0.773610852343D-02
  0.161894409003D-01  0.318720452598D+00 -0.729127276867D-03 -0.741303730796D-06
 -0.235984654141D-03  0.557514565500D-03  0.142067963075D-02  0.211505509034D-02
 -0.128136923853D-02 -0.321970375581D-03 -0.352799452778D-02  0.302387839835D-03
  0.681466003368D-03 -0.114124070996D-02  0.257148352501D-02  0.957418441676D-03
 -0.329756868170D-02 -0.658793495012D-03  0.188468095916D-03  0.206115892217D-02
  0.728130866934D-02 -0.760154458662D-03 -0.538115042141D-03  0.607823722425D-03
  0.202898517397D-02  0.339685028178D-03  0.530184835689D-03 -0.665676465639D-03
  0.336495041635D-02  0.551014770751D-03 -0.143420216859D-02  0.542149974474D-03
  0.149147667531D-01  0.970431235912D-03 -0.787831692034D-03  0.699138844281D-02
  0.494760705477D-05 -0.136554497563D-01  0.170663051529D-01  0.171207241582D-01
  0.137533122057D-01 -0.172843720563D-01  0.848435126298D-04 -0.157602188133D-01
  0.403040964709D-02 -0.193279540145D-03 -0.102793962555D-01 -0.549815151604D-02
  0.839825351939D-03 -0.108015231489D-01  0.610674117197D-02  0.131019137983D-02
 -0.279116391293D-02  0.143420883329D-02 -0.185962352625D-02 -0.106403333283D-02
  0.601689097722D-02 -0.449518633550D-03  0.585711470839D-03  0.379027899095D-03
  0.752282271300D-03 -0.177838544655D-02 -0.126517664283D-02 -0.677708402216D-03
 -0.108109762108D-02  0.500676179309D-02  0.174140406718D-02 -0.284600966076D-02
 -0.430184081328D-02  0.152402270182D-02 -0.127905096486D-03  0.102003707960D-01
 -0.472369675196D-03  0.238735579948D-02 -0.818751117552D-02 -0.129827508454D-02
  0.308887421785D+00 -0.951567208574D-03 -0.309569915403D-03 -0.253615954037D-03
  0.991966635282D-02 -0.195609087235D-05  0.316713957861D-03  0.882584429581D-02
 -0.388236475289D-03  0.165630476062D-02  0.779329990601D-03  0.261415201128D-02
  0.246143107046D-02  0.199644304464D-02 -0.177995557182D-02 -0.861510707940D-03
 -0.563343120248D-03 -0.512812744241D-03  0.278804253184D-03  0.587446368388D-03
  0.123033445255D-02 -0.167432850561D-02 -0.257117386722D-03 -0.104785583081D-02
  0.146224840912D-03  0.736485636115D-03 -0.108079100097D-02  0.950473906377D-03
  0.335735286181D-02  0.573800766109D-03 -0.454052341342D-02  0.184963626329D-01
 -0.743520022576D-03  0.140015320339D-01  0.174020987762D-01 -0.119052168235D-02
  0.371808558223D-02 -0.237624152299D-02  0.407274400234D-02  0.231294436731D-01
 -0.183228464414D-02  0.963652792889D-03 -0.237062730018D-02 -0.402028364504D-02
 -0.640888108502D-02  0.249967727645D-02 -0.404272577778D-03 -0.521878592328D-04
  0.238280171107D-02 -0.703446975743D-02 -0.562814317930D-02  0.251695772753D-02
 -0.162054954893D-03 -0.271036518613D-02  0.446093694934D-03  0.104571012179D-02
  0.234597484260D-02  0.364234434403D-02  0.116258056353D-02  0.889908263237D-03
  0.158725164567D-02 -0.102492001498D-02  0.132211803252D-02  0.180549094329D-02
  0.283359154577D-02  0.686497838763D-04  0.224258576591D-02  0.412920027148D-03
 -0.107035409402D-02 -0.185079504279D-02 -0.280956724769D-02  0.228420595130D-02
 -0.245617769183D-02 -0.655904386066D-03  0.356430485192D-02 -0.144946211287D-02
 -0.167169367156D-02  0.132414368214D-03 -0.689467417955D-03  0.387508796684D+00
 -0.505668231045D-02 -0.228884926569D-02 -0.116068181301D-02  0.918196455171D-02
  0.101840732717D-02  0.381214307447D-02  0.857915036498D-02 -0.201692219944D-02
 -0.231854829346D-02 -0.308712533365D-03  0.434681315894D-03  0.226431947726D-02
  0.286407758854D-02  0.138105887245D-02 -0.191307204502D-02 -0.402475876227D-03
  0.437309393636D-03  0.839292851106D-03  0.368243062464D-02  0.571073813257D-03
 -0.100904878982D-02 -0.456670899091D-02 -0.347085466420D-02 -0.251571368317D-03
 -0.336350386117D-03  0.120731462284D-02 -0.154245553129D-02  0.380491351307D-02
  0.316959340030D-02 -0.447670491496D-02  0.227637029198D-01  0.905060148659D-03
 -0.632934994611D-03  0.187538112214D-01  0.614658312940D-03  0.120664172105D-01
 -0.256230577426D-02  0.629192185448D-03  0.109989401421D-01  0.257721427673D-02
  0.277618940684D-01 -0.323346873036D-03 -0.656696649296D-04 -0.305745043706D-03
  0.211783442604D-02 -0.430779045453D-03 -0.312621247093D-03  0.137032307759D-02
  0.871618101619D-03  0.366453095204D-03  0.833504072290D-03  0.201162977007D-03
  0.565979135006D-03  0.142731142150D-03 -0.314151996376D-03  0.859770379360D-03
 -0.166832489046D-03 -0.180343244959D-03 -0.141408392570D-04  0.935252867740D-04
  0.187244574481D-04 -0.232966771186D-03 -0.879321532805D-05 -0.617584337180D-03
 -0.847676204496D-04  0.187143689763D-03 -0.418584590368D-03  0.474969789678D-03
  0.605596631632D-03 -0.549460708701D-03 -0.330769823949D-03  0.117279029687D-02
 -0.552896989339D-03  0.943781691852D-03  0.238223175925D-02 -0.281422492076D-03
  0.103245774914D-02 -0.162912922426D-02  0.108431825899D-03  0.327542793575D-02
  0.163553721693D-03  0.262366433420D-02  0.151169792414D-02
$end
