$hessian (projected)
 1  1   0.5060349922  -0.0034866136  -0.0478387423  -0.1442929615  -0.0040712146
 1  2  -0.0570219740  -0.0498112865   0.0199253718   0.0155067836  -0.2432662345
 1  3  -0.0136962528   0.1102904212  -0.0471369294   0.0026474969  -0.0006868450
 1  4  -0.0008144463   0.0001431668  -0.0001958728  -0.0226351893  -0.0013547966
 1  5  -0.0220268044   0.0019814041  -0.0000543697   0.0019814599  -0.0000867766
 1  6   0.0001086502  -0.0000661613  -0.0000009602  -0.0001294286   0.0000575929
 1  7  -0.0000102311  -0.0000232975   0.0000327275  -0.0000557284  -0.0000318814
 1  8   0.0000054378  -0.0000855790   0.0000967023   0.0001171637  -0.0000013429
 1  9  -0.0000552107  -0.0000329149  -0.0000208374   0.0000760565  -0.0000299329
 1 10   0.0002021069  -0.0000943789  -0.0000923391
 2  1  -0.0034866136   0.5617824961  -0.0025459151  -0.0040875602  -0.0786192154
 2  2  -0.0034738877   0.0207688163  -0.2151136027  -0.1213504860  -0.0136893344
 2  3  -0.0493776944   0.0076465595   0.0018617147  -0.2205494501   0.1209764645
 2  4   0.0224446743   0.0026038934   0.0180302430  -0.0014187342  -0.0006953405
 2  5  -0.0013676256  -0.0224521908  -0.0000758465  -0.0179422616  -0.0000302627
 2  6   0.0000813094   0.0001467723  -0.0001014151   0.0000535506   0.0001240638
 2  7  -0.0000237728   0.0001651120  -0.0001362129  -0.0000919895  -0.0002078453
 2  8  -0.0002099145   0.0002567193  -0.0001124949   0.0002103552   0.0000229443
 2  9   0.0000013030  -0.0000876021  -0.0000160368   0.0000800653  -0.0001613212
 2 10   0.0000430413  -0.0000162400   0.0001407687
 3  1  -0.0478387423  -0.0025459151   0.5204304150  -0.0570165310  -0.0036328871
 3  2  -0.1276146900   0.0163025028  -0.1222010563  -0.1367029660   0.1091079357
 3  3   0.0075781463  -0.1076620700  -0.0001450573   0.1216971852  -0.1327690251
 3  4  -0.0160623991  -0.0020903843  -0.0135721874   0.0120520285   0.0007239179
 3  5   0.0115612348  -0.0162357967   0.0004115408  -0.0136564527   0.0000679145
 3  6   0.0001431717   0.0000322875  -0.0000752574  -0.0000609954  -0.0000970464
 3  7  -0.0000329289   0.0001663843  -0.0001549914  -0.0000706984  -0.0002480505
 3  8  -0.0002136372   0.0002172091  -0.0000161299   0.0001268332   0.0000052900
 3  9   0.0000632949  -0.0000424741  -0.0000713492   0.0001483220  -0.0000829931
 3 10  -0.0002041203  -0.0001365444   0.0004177630
 4  1  -0.1442929615  -0.0040875602  -0.0570165310   0.5060135348  -0.0033127130
 4  2  -0.0478275097   0.0020975909  -0.0002019511   0.0020903401  -0.0226369283
 4  3  -0.0013163645  -0.0220182340  -0.0009023257  -0.0000488086  -0.0003253515
 4  4  -0.0472059775   0.0016778964  -0.0000349810  -0.2434841944  -0.0119174858
 4  5   0.1103711172  -0.0494423824   0.0191656197   0.0147707976  -0.0000215484
 4  6   0.0001475189   0.0000657164  -0.0001430866  -0.0001692943  -0.0000591467
 4  7  -0.0000044544   0.0000599741  -0.0000472480  -0.0000157078  -0.0000851192
 4  8  -0.0000556384   0.0001422403   0.0001274719  -0.0000374504  -0.0000016600
 4  9  -0.0000010617   0.0000015740  -0.0000686500   0.0000600451  -0.0000235169
 4 10  -0.0000334890  -0.0000981676   0.0001460623
 5  1  -0.0040712146  -0.0786192154  -0.0036328871  -0.0033127130   0.5618452845
 5  2  -0.0031476550  -0.0223548257  -0.0002224247  -0.0177771506  -0.0014670601
 5  3  -0.0006939994  -0.0015097040   0.0224647475   0.0027037001   0.0181597965
 5  4   0.0007783102  -0.2190015293   0.1217790122  -0.0119147181  -0.0491329800
 5  5   0.0068184058   0.0199450112  -0.2168275202  -0.1206236039   0.0000281485
 5  6   0.0000643907  -0.0001717185   0.0000635459   0.0000482532  -0.0001108517
 5  7  -0.0000277988   0.0000077614   0.0000771227   0.0000013703   0.0000749631
 5  8   0.0001595336   0.0000175813  -0.0000806766  -0.0001721866   0.0000035935
 5  9   0.0001690740   0.0001433923   0.0001067135  -0.0001885585   0.0001941509
 5 10  -0.0002606917  -0.0001465227  -0.0001856566
 6  1  -0.0570219740  -0.0034738877  -0.1276146900  -0.0478275097  -0.0031476550
 6  2   0.5204374966  -0.0163097169   0.0000900627  -0.0136619397   0.0120525990
 6  3   0.0007549327   0.0115615372  -0.0159250780  -0.0023718941  -0.0135546183
 6  4   0.0006519520   0.1227375959  -0.1350966394   0.1091833201   0.0067507928
 6  5  -0.1076738031   0.0153950493  -0.1212627796  -0.1342995425  -0.0001076481
 6  6   0.0000411046  -0.0001037596   0.0000656335  -0.0000563916  -0.0000392524
 6  7  -0.0000003807  -0.0000708185  -0.0000487206  -0.0000653389  -0.0001538983
 6  8  -0.0000922751  -0.0001997245   0.0000785065   0.0003848200  -0.0000273028
 6  9  -0.0001618857  -0.0001366744  -0.0000897519   0.0002241777  -0.0001849584
 6 10   0.0002258717   0.0000220375   0.0001230197
 7  1  -0.0498112865   0.0207688163   0.0163025028   0.0020975909  -0.0223548257
 7  2  -0.0163097169   0.0532385819  -0.0222793295  -0.0137746115  -0.0024727817
 7  3   0.0242416024   0.0162926718  -0.0010420532  -0.0004331750  -0.0000450532
 7  4   0.0010651175   0.0004625233   0.0008453093   0.0011210661  -0.0002876823
 7  5   0.0009328361  -0.0040499752  -0.0001417316  -0.0042259704   0.0003452636
 7  6   0.0002050235   0.0000363297   0.0001324001  -0.0001871337  -0.0001384070
 7  7  -0.0001258439  -0.0001380644   0.0000239341   0.0000583557   0.0000350256
 7  8  -0.0000290924  -0.0003733247   0.0000362255  -0.0001631920  -0.0000633355
 7  9  -0.0000007755   0.0000641910  -0.0000635605   0.0000532461   0.0000114758
 7 10  -0.0000562148   0.0000202550   0.0001767928
 8  1   0.0199253718  -0.2151136027  -0.1222010563  -0.0002019511  -0.0002224247
 8  2   0.0000900627  -0.0222793295   0.2328008646   0.1353467206   0.0002420718
 8  3   0.0022292739   0.0023000934   0.0031707246  -0.0214743565  -0.0161672887
 8  4  -0.0004283979   0.0006778551  -0.0001262580  -0.0004859210   0.0000472183
 8  5  -0.0000045657  -0.0001579512   0.0015533253   0.0004564777   0.0000082333
 8  6  -0.0001274004   0.0001469613   0.0000188768  -0.0001282251   0.0001234930
 8  7   0.0000059237  -0.0000222896   0.0000077090   0.0000512346  -0.0000288163
 8  8  -0.0000021669   0.0000916056  -0.0000835624  -0.0000331173   0.0000018167
 8  9   0.0000160068   0.0000069526   0.0000237100  -0.0000327425   0.0000167246
 8 10   0.0000139819  -0.0000911237   0.0000392579
 9  1   0.0155067836  -0.1213504860  -0.1367029660   0.0020903401  -0.0177771506
 9  2  -0.0136619397  -0.0137746115   0.1353467206   0.1485917070   0.0014233434
 9  3  -0.0128391789  -0.0098833402  -0.0021387257   0.0155976375   0.0123918416
 9  4   0.0008368925   0.0002454784   0.0003397192   0.0001024132   0.0004192523
 9  5   0.0011816681  -0.0041686875   0.0004173468  -0.0021213244   0.0002008371
 9  6  -0.0000262957   0.0001449908  -0.0001992808   0.0002387625  -0.0000848431
 9  7   0.0000073820  -0.0002164419   0.0000264958  -0.0000146716   0.0000916434
 9  8   0.0000863312  -0.0003130811  -0.0000265560  -0.0000406588   0.0000413286
 9  9  -0.0001488874   0.0000434958   0.0001140713  -0.0001342428   0.0000770055
 9 10   0.0002856665   0.0001623978  -0.0003881828
10  1  -0.2432662345  -0.0136893344   0.1091079357  -0.0226369283  -0.0014670601
10  2   0.0120525990  -0.0024727817   0.0002420718   0.0014233434   0.2682155405
10  3   0.0154952375  -0.1178843451   0.0008217211  -0.0004355146  -0.0003056898
10  4   0.0010107396   0.0006099584   0.0001620870  -0.0027580930  -0.0002596235
10  5  -0.0046315742   0.0010636532  -0.0005039740   0.0000833085  -0.0000896520
10  6  -0.0001646754   0.0000448960  -0.0002276970   0.0002129634   0.0000270804
10  7   0.0000633702   0.0000349687  -0.0000557423  -0.0000000648   0.0000023686
10  8  -0.0000169076   0.0000898810   0.0000209809  -0.0000075528   0.0000715452
10  9  -0.0000459808  -0.0000177827   0.0000344714  -0.0000553807   0.0000126515
10 10   0.0000805290   0.0000029941   0.0000056932
11  1  -0.0136962528  -0.0493776944   0.0075781463  -0.0013163645  -0.0006939994
11  2   0.0007549327   0.0242416024   0.0022292739  -0.0128391789   0.0154952375
11  3   0.0481661427  -0.0083113336  -0.0246573683  -0.0013277620   0.0131026248
11  4   0.0003891451   0.0001577451  -0.0004160435  -0.0001861487   0.0009279316
11  5  -0.0002968633  -0.0002782075   0.0000000331   0.0004116504   0.0001401461
11  6   0.0000705926  -0.0000765275   0.0002227308  -0.0001831441  -0.0000534120
11  7  -0.0000649805  -0.0000624664   0.0000703375   0.0000415913   0.0000536283
11  8   0.0000464150  -0.0001311900  -0.0000398845  -0.0000570340  -0.0000620383
11  9   0.0000631178   0.0000288266  -0.0000604593   0.0000498985   0.0000078062
11 10  -0.0000774435  -0.0000334128   0.0000496535
12  1   0.1102904212   0.0076465595  -0.1076620700  -0.0220182340  -0.0015097040
12  2   0.0115615372   0.0162926718   0.0023000934  -0.0098833402  -0.1178843451
12  3  -0.0083113336   0.1161352405   0.0160743373   0.0000591898  -0.0097205873
12  4   0.0009379806   0.0001163950   0.0011827559  -0.0046322846  -0.0002748840
12  5  -0.0027558973   0.0009441599  -0.0000055236   0.0011399672   0.0000662534
12  6   0.0000136676  -0.0000154992   0.0000788155  -0.0000948590  -0.0000735990
12  7  -0.0000239304  -0.0000500854   0.0000382687   0.0000505931   0.0000592684
12  8   0.0000230543  -0.0001096947  -0.0000270499  -0.0000634006  -0.0000194006
12  9  -0.0000127053   0.0000123101  -0.0000536476   0.0000391269   0.0000068208
12 10   0.0000063042   0.0000518442   0.0000744389
13  1  -0.0471369294   0.0018617147  -0.0001450573  -0.0009023257   0.0224647475
13  2  -0.0159250780  -0.0010420532   0.0031707246  -0.0021387257   0.0008217211
13  3  -0.0246573683   0.0160743373   0.0501868180  -0.0022962711   0.0044504291
13  4  -0.0040063880  -0.0005292063  -0.0040849759   0.0009500127   0.0003920126
13  5   0.0009400011   0.0011249069  -0.0004053296   0.0008406895  -0.0000459435
13  6  -0.0000853301   0.0000349088  -0.0001446217   0.0001277020  -0.0000042605
13  7   0.0000322689   0.0000256538  -0.0000207836   0.0000108906   0.0000237835
13  8   0.0000116217   0.0000600089  -0.0000005121  -0.0000602328   0.0000382951
13  9  -0.0000139045   0.0000175341   0.0000427699  -0.0000706975   0.0000450345
13 10   0.0000105693  -0.0000077191  -0.0000354420
14  1   0.0026474969  -0.2205494501   0.1216971852  -0.0000488086   0.0027037001
14  2  -0.0023718941  -0.0004331750  -0.0214743565   0.0155976375  -0.0004355146
14  3  -0.0013277620   0.0000591898  -0.0022962711   0.2382067866  -0.1344773081
14  4  -0.0005474278   0.0015115648  -0.0009247693   0.0006254486   0.0001168122
14  5   0.0001196457   0.0004366783   0.0008335424   0.0002926737   0.0000680425
14  6  -0.0000052221   0.0000519684  -0.0001648893   0.0001662162  -0.0000077001
14  7   0.0000262110  -0.0001082160   0.0000242009  -0.0000110693   0.0000765511
14  8   0.0000530079  -0.0001579815   0.0000124266  -0.0000118222   0.0000328205
14  9  -0.0001052186   0.0000159472   0.0000549239  -0.0000642584   0.0000297557
14 10   0.0002035154   0.0000068838  -0.0001477183
15  1  -0.0006868450   0.1209764645  -0.1327690251  -0.0003253515   0.0181597965
15  2  -0.0135546183  -0.0000450532  -0.0161672887   0.0123918416  -0.0003056898
15  3   0.0131026248  -0.0097205873   0.0044504291  -0.1344773081   0.1443175365
15  4  -0.0041340408  -0.0009674149  -0.0021293645   0.0001424405  -0.0004078971
15  5   0.0011400930   0.0008709799  -0.0001808290   0.0003369737  -0.0000011656
15  6  -0.0000255121  -0.0000081619   0.0000393644  -0.0000159695  -0.0000155659
15  7  -0.0000041226  -0.0000299458   0.0000431975   0.0000200022   0.0000671213
15  8   0.0000692827  -0.0000432321  -0.0000034303  -0.0000663820   0.0000033053
15  9   0.0000204884   0.0000341793   0.0000291928  -0.0000692337   0.0000574666
15 10  -0.0000102137   0.0000183337  -0.0001268658
16  1  -0.0008144463   0.0224446743  -0.0160623991  -0.0472059775   0.0007783102
16  2   0.0006519520   0.0010651175  -0.0004283979   0.0008368925   0.0010107396
16  3   0.0003891451   0.0009379806  -0.0040063880  -0.0005474278  -0.0041340408
16  4   0.0503389438  -0.0012039200   0.0035388402   0.0007055639  -0.0245287466
16  5   0.0162824196  -0.0010279372   0.0030640347  -0.0020844314   0.0000965882
16  6   0.0002175419  -0.0001312223   0.0004160001  -0.0001691204   0.0000742004
16  7  -0.0000646002  -0.0000103326   0.0000609353  -0.0000589603  -0.0000545563
16  8   0.0000141746  -0.0000110250  -0.0000213086   0.0001500130  -0.0001333128
16  9   0.0001336368   0.0000346546   0.0000612101  -0.0000201748  -0.0000252921
16 10  -0.0003715158  -0.0000433580  -0.0001446771
17  1   0.0001431668   0.0026038934  -0.0020903843   0.0016778964  -0.2190015293
17  2   0.1227375959   0.0004625233   0.0006778551   0.0002454784   0.0006099584
17  3   0.0001577451   0.0001163950  -0.0005292063   0.0015115648  -0.0009674149
17  4  -0.0012039200   0.2370651168  -0.1354221794  -0.0004422677  -0.0010176485
17  5  -0.0001466666  -0.0005385289  -0.0214915029   0.0158205453   0.0000249829
17  6  -0.0001108189  -0.0001258232   0.0000791373  -0.0001411814  -0.0001467825
17  7  -0.0000105220   0.0000122921   0.0000017680  -0.0000268141  -0.0000452438
17  8  -0.0000191734  -0.0000247796  -0.0000879390  -0.0000327793  -0.0000212248
17  9  -0.0000021744  -0.0000083363  -0.0000408707  -0.0000261417   0.0000013580
17 10  -0.0001595309  -0.0001042873   0.0000363993
18  1  -0.0001958728   0.0180302430  -0.0135721874  -0.0000349810   0.1217790122
18  2  -0.1350966394   0.0008453093  -0.0001262580   0.0003397192   0.0001620870
18  3  -0.0004160435   0.0011827559  -0.0040849759  -0.0009247693  -0.0021293645
18  4   0.0035388402  -0.1354221794   0.1467921307  -0.0002366497   0.0129830753
18  5  -0.0098114064  -0.0001317642  -0.0159479128   0.0123870274  -0.0002010398
18  6  -0.0002667719  -0.0000884116   0.0002216375  -0.0000091229   0.0001713403
18  7   0.0000347265   0.0001586168   0.0000487756   0.0001001194   0.0001365669
18  8   0.0000800533   0.0003212269  -0.0001158445  -0.0003716074  -0.0000120011
18  9   0.0002113462   0.0000241952  -0.0000101495  -0.0000792728   0.0000641413
18 10  -0.0003165130   0.0000093149  -0.0000205221
19  1  -0.0226351893  -0.0014187342   0.0120520285  -0.2434841944  -0.0119147181
19  2   0.1091833201   0.0011210661  -0.0004859210   0.0001024132  -0.0027580930
19  3  -0.0001861487  -0.0046322846   0.0009500127   0.0006254486   0.0001424405
19  4   0.0007055639  -0.0004422677  -0.0002366497   0.2684492206   0.0135268934
19  5  -0.1179734496  -0.0023734131   0.0002915610   0.0013626463  -0.0001702615
19  6  -0.0001979570   0.0000049448  -0.0000857638   0.0001491816   0.0000409517
19  7   0.0000591167   0.0000409402  -0.0000115225   0.0000166596   0.0000453863
19  8   0.0000163321   0.0000673057   0.0000047937   0.0000265828   0.0000553952
19  9  -0.0000196790  -0.0000455614   0.0000097914  -0.0000106788  -0.0000095854
19 10   0.0000727833  -0.0000081003  -0.0000226067
20  1  -0.0013547966  -0.0006953405   0.0007239179  -0.0119174858  -0.0491329800
20  2   0.0067507928  -0.0002876823   0.0000472183   0.0004192523  -0.0002596235
20  3   0.0009279316  -0.0002748840   0.0003920126   0.0001168122  -0.0004078971
20  4  -0.0245287466  -0.0010176485   0.0129830753   0.0135268934   0.0478786980
20  5  -0.0072094189   0.0244161445   0.0019445452  -0.0129721764  -0.0002230945
20  6  -0.0002162727   0.0000499659  -0.0001663494   0.0000804139   0.0000721640
20  7   0.0000663372   0.0000749740  -0.0000285897   0.0000544735   0.0000549953
20  8  -0.0000054995   0.0000954857  -0.0000203456  -0.0000283961   0.0000792713
20  9  -0.0000605091  -0.0000769608  -0.0000413397   0.0000467628  -0.0000448365
20 10   0.0001485002  -0.0000292549   0.0000494908
21  1  -0.0220268044  -0.0013676256   0.0115612348   0.1103711172   0.0068184058
21  2  -0.1076738031   0.0009328361  -0.0000045657   0.0011816681  -0.0046315742
21  3  -0.0002968633  -0.0027558973   0.0009400011   0.0001196457   0.0011400930
21  4   0.0162824196  -0.0001466666  -0.0098114064  -0.1179734496  -0.0072094189
21  5   0.1161523207   0.0160966376   0.0020606698  -0.0097927614   0.0000718341
21  6   0.0000941071  -0.0000607691   0.0000761935  -0.0000022559  -0.0000109449
21  7  -0.0000211950   0.0000093636   0.0000134589  -0.0000465530  -0.0000412324
21  8   0.0000051512   0.0000184543  -0.0000464636   0.0000574800  -0.0000304429
21  9   0.0000479257   0.0000396345   0.0000516816  -0.0000522243   0.0000195562
21 10  -0.0001111559   0.0000171986  -0.0000650152
22  1   0.0019814041  -0.0224521908  -0.0162357967  -0.0494423824   0.0199450112
22  2   0.0153950493  -0.0040499752  -0.0001579512  -0.0041686875   0.0010636532
22  3  -0.0002782075   0.0009441599   0.0011249069   0.0004366783   0.0008709799
22  4  -0.0010279372  -0.0005385289  -0.0001317642  -0.0023734131   0.0244161445
22  5   0.0160966376   0.0527026483  -0.0213743481  -0.0127717134  -0.0001376585
22  6  -0.0001497066  -0.0000164938  -0.0000429356   0.0000697187   0.0000402859
22  7   0.0000426259   0.0000307574   0.0000236688   0.0000413357   0.0000780600
22  8   0.0000544790   0.0000350317   0.0000091807  -0.0000349617   0.0000358862
22  9  -0.0000068334  -0.0000202697   0.0000117556  -0.0000309530   0.0000170664
22 10   0.0000350544   0.0000031689  -0.0000626398
23  1  -0.0000543697  -0.0000758465   0.0004115408   0.0191656197  -0.2168275202
23  2  -0.1212627796  -0.0001417316   0.0015533253   0.0004173468  -0.0005039740
23  3   0.0000000331  -0.0000055236  -0.0004053296   0.0008335424  -0.0001808290
23  4   0.0030640347  -0.0214915029  -0.0159479128   0.0002915610   0.0019445452
23  5   0.0020606698  -0.0213743481   0.2340872369   0.1345178291   0.0001482971
23  6   0.0001615671   0.0000150849  -0.0000802301   0.0000058496  -0.0000568953
23  7  -0.0000207681  -0.0001072852  -0.0000155042  -0.0000424360  -0.0000559409
23  8  -0.0000227683  -0.0002093222  -0.0000112075   0.0001360514  -0.0000099871
23  9  -0.0001097882  -0.0000239848   0.0000086180   0.0000654311  -0.0000379933
23 10   0.0001643661   0.0000275609  -0.0000043320
24  1   0.0019814599  -0.0179422616  -0.0136564527   0.0147707976  -0.1206236039
24  2  -0.1342995425  -0.0042259704   0.0004564777  -0.0021213244   0.0000833085
24  3   0.0004116504   0.0011399672   0.0008406895   0.0002926737   0.0003369737
24  4  -0.0020844314   0.0158205453   0.0123870274   0.0013626463  -0.0129721764
24  5  -0.0097927614  -0.0127717134   0.1345178291   0.1460101493   0.0000301373
24  6   0.0000114668  -0.0000085627   0.0000067086   0.0000277656  -0.0000018609
24  7   0.0000092852  -0.0000181883   0.0000371555   0.0000272607   0.0000739460
24  8   0.0000629144   0.0000040896  -0.0000190196  -0.0001308834  -0.0000092404
24  9   0.0000280311   0.0000394875   0.0000229829  -0.0000624700   0.0000618185
24 10  -0.0000480104  -0.0000026656  -0.0000641055
25  1  -0.0000867766  -0.0000302627   0.0000679145  -0.0000215484   0.0000281485
25  2  -0.0001076481   0.0003452636   0.0000082333   0.0002008371  -0.0000896520
25  3   0.0001401461   0.0000662534  -0.0000459435   0.0000680425  -0.0000011656
25  4   0.0000965882   0.0000249829  -0.0002010398  -0.0001702615  -0.0002230945
25  5   0.0000718341  -0.0001376585   0.0001482971   0.0000301373   0.5220827998
25  6  -0.0022120911   0.0476283338  -0.1255107060  -0.0031379239   0.0566760958
25  7  -0.1442180220   0.1251486819  -0.0042266400  -0.1114761327  -0.0002708420
25  8  -0.1116675964  -0.1258064172  -0.1188807131  -0.0086716358  -0.0126191868
25  9   0.0005373275   0.0153697961   0.0116959639   0.0007361309  -0.0126473904
25 10  -0.0140383103  -0.0020850634   0.0174119139
26  1   0.0001086502   0.0000813094   0.0001431717   0.0001475189   0.0000643907
26  2   0.0000411046   0.0002050235  -0.0001274004  -0.0000262957  -0.0001646754
26  3   0.0000705926   0.0000136676  -0.0000853301  -0.0000052221  -0.0000255121
26  4   0.0002175419  -0.0001108189  -0.0002667719  -0.0001979570  -0.0002162727
26  5   0.0000941071  -0.0001497066   0.0001615671   0.0000114668  -0.0022120911
26  6   0.5618618544   0.0031284696  -0.0030049153  -0.0785474694   0.0036630645
26  7   0.1244657850  -0.2090916756   0.0039211016  -0.0002576225  -0.0484602946
26  8  -0.0004785585  -0.1179672053  -0.2275561139  -0.0114721972  -0.0182692637
26  9   0.0001792547   0.0235269791   0.0002260945  -0.0005985415  -0.0001787787
26 10   0.0169381532   0.0022948401  -0.0220950184
27  1  -0.0000661613   0.0001467723   0.0000322875   0.0000657164  -0.0001717185
27  2  -0.0001037596   0.0000363297   0.0001469613   0.0001449908   0.0000448960
27  3  -0.0000765275  -0.0000154992   0.0000349088   0.0000519684  -0.0000081619
27  4  -0.0001312223  -0.0001258232  -0.0000884116   0.0000049448   0.0000499659
27  5  -0.0000607691  -0.0000164938   0.0000150849  -0.0000085627   0.0476283338
27  6   0.0031284696   0.5041773246   0.0566744285   0.0036411777  -0.1463736300
27  7  -0.0036235028   0.0031499864  -0.0471444190  -0.1128512810  -0.0005236005
27  8  -0.2404174700  -0.0079610325  -0.0105617998  -0.0479124832  -0.0009132078
27  9   0.0000391261   0.0006857857   0.0214610416   0.0013225617  -0.0228733281
27 10  -0.0003876980  -0.0002326047  -0.0000338943
28  1  -0.0000009602  -0.0001014151  -0.0000752574  -0.0001430866   0.0000635459
28  2   0.0000656335   0.0001324001   0.0000188768  -0.0001992808  -0.0002276970
28  3   0.0002227308   0.0000788155  -0.0001446217  -0.0001648893   0.0000393644
28  4   0.0004160001   0.0000791373   0.0002216375  -0.0000857638  -0.0001663494
28  5   0.0000761935  -0.0000429356  -0.0000802301   0.0000067086  -0.1255107060
28  6  -0.0030049153   0.0566744285   0.5221478658  -0.0027497086   0.0476617384
28  7  -0.0140026672  -0.0023547975   0.0172724138   0.0117020526   0.0007699384
28  8  -0.0126519057  -0.0126275360   0.0002519894   0.0154778539  -0.1235758078
28  9  -0.1176564017  -0.0078704103  -0.1114057857  -0.0011715050  -0.1116085551
28 10  -0.1466307510   0.1260439935  -0.0051693782
29  1  -0.0001294286   0.0000535506  -0.0000609954  -0.0001692943   0.0000482532
29  2  -0.0000563916  -0.0001871337  -0.0001282251   0.0002387625   0.0002129634
29  3  -0.0001831441  -0.0000948590   0.0001277020   0.0001662162  -0.0000159695
29  4  -0.0001691204  -0.0001411814  -0.0000091229   0.0001491816   0.0000804139
29  5  -0.0000022559   0.0000697187   0.0000058496   0.0000277656  -0.0031379239
29  6  -0.0785474694   0.0036411777  -0.0027497086   0.5618823054   0.0029477503
29  7   0.0170594360   0.0023728786  -0.0221138675   0.0000822097  -0.0005981665
29  8  -0.0001228228  -0.0181083137   0.0000398517   0.0234548190  -0.1169986156
29  9  -0.2292661040  -0.0105100312  -0.0011556964  -0.0484853181  -0.0022648220
29 10   0.1251040237  -0.2072997105   0.0049408629
30  1   0.0000575929   0.0001240638  -0.0000970464  -0.0000591467  -0.0001108517
30  2  -0.0000392524  -0.0001384070   0.0001234930  -0.0000848431   0.0000270804
30  3  -0.0000534120  -0.0000735990  -0.0000042605  -0.0000077001  -0.0000155659
30  4   0.0000742004  -0.0001467825   0.0001713403   0.0000409517   0.0000721640
30  5  -0.0000109449   0.0000402859  -0.0000568953  -0.0000018609   0.0566760958
30  6   0.0036630645  -0.1463736300   0.0476617384   0.0029477503   0.5041803240
30  7  -0.0002868679  -0.0000554807  -0.0001220578   0.0214571125   0.0012868409
30  8  -0.0228808244  -0.0010419199   0.0001940636   0.0007913599  -0.0073126315
30  9  -0.0096906018  -0.0476773203  -0.1127978126  -0.0023261148  -0.2404980046
30 10  -0.0043940118   0.0040363989  -0.0472680743
31  1  -0.0000102311  -0.0000237728  -0.0000329289  -0.0000044544  -0.0000277988
31  2  -0.0000003807  -0.0001258439   0.0000059237   0.0000073820   0.0000633702
31  3  -0.0000649805  -0.0000239304   0.0000322689   0.0000262110  -0.0000041226
31  4  -0.0000646002  -0.0000105220   0.0000347265   0.0000591167   0.0000663372
31  5  -0.0000211950   0.0000426259  -0.0000207681   0.0000092852  -0.1442180220
31  6   0.1244657850  -0.0036235028  -0.0140026672   0.0170594360  -0.0002868679
31  7   0.1568900988  -0.1383609016   0.0003848018  -0.0105572846   0.0130341062
31  8  -0.0001576968   0.0123674021  -0.0146096750   0.0005178977   0.0003106495
31  9  -0.0002381949  -0.0008287775   0.0011349619  -0.0003708909  -0.0000980550
31 10  -0.0019173904  -0.0009302944   0.0041233644
32  1  -0.0000232975   0.0001651120   0.0001663843   0.0000599741   0.0000077614
32  2  -0.0000708185  -0.0001380644  -0.0000222896  -0.0002164419   0.0000349687
32  3  -0.0000624664  -0.0000500854   0.0000256538  -0.0001082160  -0.0000299458
32  4  -0.0000103326   0.0000122921   0.0001586168   0.0000409402   0.0000749740
32  5   0.0000093636   0.0000307574  -0.0001072852  -0.0000181883   0.1251486819
32  6  -0.2090916756   0.0031499864  -0.0023547975   0.0023728786  -0.0000554807
32  7  -0.1383609016   0.2254826308  -0.0041085852  -0.0011494931   0.0004014486
32  8   0.0004851685   0.0172501975  -0.0214893435   0.0011429573   0.0002224014
32  9   0.0008334016  -0.0004655710   0.0001148958   0.0000573028  -0.0005908376
32 10  -0.0008915838   0.0014734744   0.0004934774
33  1   0.0000327275  -0.0001362129  -0.0001549914  -0.0000472480   0.0000771227
33  2  -0.0000487206   0.0000239341   0.0000077090   0.0000264958  -0.0000557423
33  3   0.0000703375   0.0000382687  -0.0000207836   0.0000242009   0.0000431975
33  4   0.0000609353   0.0000017680   0.0000487756  -0.0000115225  -0.0000285897
33  5   0.0000134589   0.0000236688  -0.0000155042   0.0000371555  -0.0042266400
33  6   0.0039211016  -0.0471444190   0.0172724138  -0.0221138675  -0.0001220578
33  7   0.0003848018  -0.0041085852   0.0503389142  -0.0170055161   0.0237255900
33  8  -0.0000668105   0.0012845713  -0.0018976523  -0.0009919130  -0.0008592387
33  9   0.0003838155   0.0011545467  -0.0009303394  -0.0003876780   0.0010117792
33 10   0.0040739781   0.0004764447  -0.0041836800
34  1  -0.0000557284  -0.0000919895  -0.0000706984  -0.0000157078   0.0000013703
34  2  -0.0000653389   0.0000583557   0.0000512346  -0.0000146716  -0.0000000648
34  3   0.0000415913   0.0000505931   0.0000108906  -0.0000110693   0.0000200022
34  4  -0.0000589603  -0.0000268141   0.0001001194   0.0000166596   0.0000544735
34  5  -0.0000465530   0.0000413357  -0.0000424360   0.0000272607  -0.1114761327
34  6  -0.0002576225  -0.1128512810   0.0117020526   0.0000822097   0.0214571125
34  7  -0.0105572846  -0.0011494931  -0.0170055161   0.1202398520   0.0004009534
34  8   0.1207510365  -0.0096008457   0.0010448125  -0.0150998175   0.0011036480
34  9   0.0000083651  -0.0009576099  -0.0025873745  -0.0002203099   0.0046315202
34 10   0.0011793046   0.0001147241  -0.0009261583
35  1  -0.0000318814  -0.0002078453  -0.0002480505  -0.0000851192   0.0000749631
35  2  -0.0001538983   0.0000350256  -0.0000288163   0.0000916434   0.0000023686
35  3   0.0000536283   0.0000592684   0.0000237835   0.0000765511   0.0000671213
35  4  -0.0000545563  -0.0000452438   0.0001365669   0.0000453863   0.0000549953
35  5  -0.0000412324   0.0000780600  -0.0000559409   0.0000739460  -0.0002708420
35  6  -0.0484602946  -0.0005236005   0.0007699384  -0.0005981665   0.0012868409
35  7   0.0130341062   0.0004014486   0.0237255900   0.0004009534   0.0471264530
35  8   0.0003014863  -0.0137862984   0.0005287846  -0.0248982802   0.0004626406
35  9   0.0000574747   0.0002750365  -0.0002440753   0.0009280328   0.0002299723
35 10  -0.0003794899   0.0000939758  -0.0003824099
36  1   0.0000054378  -0.0002099145  -0.0002136372  -0.0000556384   0.0001595336
36  2  -0.0000922751  -0.0000290924  -0.0000021669   0.0000863312  -0.0000169076
36  3   0.0000464150   0.0000230543   0.0000116217   0.0000530079   0.0000692827
36  4   0.0000141746  -0.0000191734   0.0000800533   0.0000163321  -0.0000054995
36  5   0.0000051512   0.0000544790  -0.0000227683   0.0000629144  -0.1116675964
36  6  -0.0004785585  -0.2404174700  -0.0126519057  -0.0001228228  -0.0228808244
36  7  -0.0001576968   0.0004851685  -0.0000668105   0.1207510365   0.0003014863
36  8   0.2652037220  -0.0006583047  -0.0004610339  -0.0010479759  -0.0001293762
36  9   0.0005465543   0.0010431297   0.0046293013   0.0003033707  -0.0029252950
36 10  -0.0001158646  -0.0005735985   0.0010706494
37  1  -0.0000855790   0.0002567193   0.0002172091   0.0001422403   0.0000175813
37  2  -0.0001997245  -0.0003733247   0.0000916056  -0.0003130811   0.0000898810
37  3  -0.0001311900  -0.0001096947   0.0000600089  -0.0001579815  -0.0000432321
37  4  -0.0000110250  -0.0000247796   0.0003212269   0.0000673057   0.0000954857
37  5   0.0000184543   0.0000350317  -0.0002093222   0.0000040896  -0.1258064172
37  6  -0.1179672053  -0.0079610325  -0.0126275360  -0.0181083137  -0.0010419199
37  7   0.0123674021   0.0172501975   0.0012845713  -0.0096008457  -0.0137862984
37  8  -0.0006583047   0.1363340517   0.1315820439   0.0053639258  -0.0020357212
37  9   0.0004432342   0.0041115492   0.0011433234   0.0004701116  -0.0001465782
37 10   0.0003012039   0.0001781114  -0.0008474584
38  1   0.0000967023  -0.0001124949  -0.0000161299   0.0001274719  -0.0000806766
38  2   0.0000785065   0.0000362255  -0.0000835624  -0.0000265560   0.0000209809
38  3  -0.0000398845  -0.0000270499  -0.0000005121   0.0000124266  -0.0000034303
38  4  -0.0000213086  -0.0000879390  -0.0001158445   0.0000047937  -0.0000203456
38  5  -0.0000464636   0.0000091807  -0.0000112075  -0.0000190196  -0.1188807131
38  6  -0.2275561139  -0.0105617998   0.0002519894   0.0000398517   0.0001940636
38  7  -0.0146096750  -0.0214893435  -0.0018976523   0.0010448125   0.0005287846
38  8  -0.0004610339   0.1315820439   0.2465015973   0.0118908285   0.0004866735
38  9   0.0016044259   0.0000795468   0.0000110286   0.0001039373   0.0005291881
38 10  -0.0001596942   0.0006905444   0.0004028464
39  1   0.0001171637   0.0002103552   0.0001268332  -0.0000374504  -0.0001721866
39  2   0.0003848200  -0.0001631920  -0.0000331173  -0.0000406588  -0.0000075528
39  3  -0.0000570340  -0.0000634006  -0.0000602328  -0.0000118222  -0.0000663820
39  4   0.0001500130  -0.0000327793  -0.0003716074   0.0000265828  -0.0000283961
39  5   0.0000574800  -0.0000349617   0.0001360514  -0.0001308834  -0.0086716358
39  6  -0.0114721972  -0.0479124832   0.0154778539   0.0234548190   0.0007913599
39  7   0.0005178977   0.0011429573  -0.0009919130  -0.0150998175  -0.0248982802
39  8  -0.0010479759   0.0053639258   0.0118908285   0.0512676415   0.0041676595
39  9   0.0000638610  -0.0041910488  -0.0009497857   0.0002811620   0.0011029133
39 10  -0.0007964679  -0.0004742215   0.0010853052
40  1  -0.0000013429   0.0000229443   0.0000052900  -0.0000016600   0.0000035935
40  2  -0.0000273028  -0.0000633355   0.0000018167   0.0000413286   0.0000715452
40  3  -0.0000620383  -0.0000194006   0.0000382951   0.0000328205   0.0000033053
40  4  -0.0001333128  -0.0000212248  -0.0000120011   0.0000553952   0.0000792713
40  5  -0.0000304429   0.0000358862  -0.0000099871  -0.0000092404  -0.0126191868
40  6  -0.0182692637  -0.0009132078  -0.1235758078  -0.1169986156  -0.0073126315
40  7   0.0003106495   0.0002224014  -0.0008592387   0.0011036480   0.0004626406
40  8  -0.0001293762  -0.0020357212   0.0004866735   0.0041676595   0.1339612644
40  9   0.1304752137   0.0044714944  -0.0094907072  -0.0138999600  -0.0005910004
40 10   0.0123443907   0.0174737142   0.0012147644
41  1  -0.0000552107   0.0000013030   0.0000632949  -0.0000010617   0.0001690740
41  2  -0.0001618857  -0.0000007755   0.0000160068  -0.0001488874  -0.0000459808
41  3   0.0000631178  -0.0000127053  -0.0000139045  -0.0001052186   0.0000204884
41  4   0.0001336368  -0.0000021744   0.0002113462  -0.0000196790  -0.0000605091
41  5   0.0000479257  -0.0000068334  -0.0001097882   0.0000280311   0.0005373275
41  6   0.0001792547   0.0000391261  -0.1176564017  -0.2292661040  -0.0096906018
41  7  -0.0002381949   0.0008334016   0.0003838155   0.0000083651   0.0000574747
41  8   0.0005465543   0.0004432342   0.0016044259   0.0000638610   0.1304752137
41  9   0.2478891188   0.0108960424   0.0008319525   0.0002148400  -0.0004887155
41 10  -0.0143916873  -0.0214842231  -0.0017976900
42  1  -0.0000329149  -0.0000876021  -0.0000424741   0.0000015740   0.0001433923
42  2  -0.0001366744   0.0000641910   0.0000069526   0.0000434958  -0.0000177827
42  3   0.0000288266   0.0000123101   0.0000175341   0.0000159472   0.0000341793
42  4   0.0000346546  -0.0000083363   0.0000241952  -0.0000455614  -0.0000769608
42  5   0.0000396345  -0.0000202697  -0.0000239848   0.0000394875   0.0153697961
42  6   0.0235269791   0.0006857857  -0.0078704103  -0.0105100312  -0.0476773203
42  7  -0.0008287775  -0.0004655710   0.0011545467  -0.0009576099   0.0002750365
42  8   0.0010431297   0.0041115492   0.0000795468  -0.0041910488   0.0044714944
42  9   0.0108960424   0.0509011590  -0.0148901603  -0.0250559671  -0.0009422594
42 10   0.0005926933   0.0012557296  -0.0009881466
43  1  -0.0000208374  -0.0000160368  -0.0000713492  -0.0000686500   0.0001067135
43  2  -0.0000897519  -0.0000635605   0.0000237100   0.0001140713   0.0000344714
43  3  -0.0000604593  -0.0000536476   0.0000427699   0.0000549239   0.0000291928
43  4   0.0000612101  -0.0000408707  -0.0000101495   0.0000097914  -0.0000413397
43  5   0.0000516816   0.0000117556   0.0000086180   0.0000229829   0.0116959639
43  6   0.0002260945   0.0214610416  -0.1114057857  -0.0011556964  -0.1127978126
43  7   0.0011349619   0.0001148958  -0.0009303394  -0.0025873745  -0.0002440753
43  8   0.0046293013   0.0011433234   0.0000110286  -0.0009497857  -0.0094907072
43  9   0.0008319525  -0.0148901603   0.1201405731   0.0015771944   0.1206838063
43 10  -0.0106379053  -0.0013966531  -0.0171990815
44  1   0.0000760565   0.0000800653   0.0001483220   0.0000600451  -0.0001885585
44  2   0.0002241777   0.0000532461  -0.0000327425  -0.0001342428  -0.0000553807
44  3   0.0000498985   0.0000391269  -0.0000706975  -0.0000642584  -0.0000692337
44  4  -0.0000201748  -0.0000261417  -0.0000792728  -0.0000106788   0.0000467628
44  5  -0.0000522243  -0.0000309530   0.0000654311  -0.0000624700   0.0007361309
44  6  -0.0005985415   0.0013225617  -0.0011715050  -0.0484853181  -0.0023261148
44  7  -0.0003708909   0.0000573028  -0.0003876780  -0.0002203099   0.0009280328
44  8   0.0003033707   0.0004701116   0.0001039373   0.0002811620  -0.0138999600
44  9   0.0002148400  -0.0250559671   0.0015771944   0.0471597361   0.0022856128
44 10   0.0128777659   0.0006895541   0.0235628697
45  1  -0.0000299329  -0.0001613212  -0.0000829931  -0.0000235169   0.0001941509
45  2  -0.0001849584   0.0000114758   0.0000167246   0.0000770055   0.0000126515
45  3   0.0000078062   0.0000068208   0.0000450345   0.0000297557   0.0000574666
45  4  -0.0000252921   0.0000013580   0.0000641413  -0.0000095854  -0.0000448365
45  5   0.0000195562   0.0000170664  -0.0000379933   0.0000618185  -0.0126473904
45  6  -0.0001787787  -0.0228733281  -0.1116085551  -0.0022648220  -0.2404980046
45  7  -0.0000980550  -0.0005908376   0.0010117792   0.0046315202   0.0002299723
45  8  -0.0029252950  -0.0001465782   0.0005291881   0.0011029133  -0.0005910004
45  9  -0.0004887155  -0.0009422594   0.1206838063   0.0022856128   0.2652855343
45 10  -0.0002216484   0.0004727361  -0.0001801971
46  1   0.0002021069   0.0000430413  -0.0002041203  -0.0000334890  -0.0002606917
46  2   0.0002258717  -0.0000562148   0.0000139819   0.0002856665   0.0000805290
46  3  -0.0000774435   0.0000063042   0.0000105693   0.0002035154  -0.0000102137
46  4  -0.0003715158  -0.0001595309  -0.0003165130   0.0000727833   0.0001485002
46  5  -0.0001111559   0.0000350544   0.0001643661  -0.0000480104  -0.0140383103
46  6   0.0169381532  -0.0003876980  -0.1466307510   0.1251040237  -0.0043940118
46  7  -0.0019173904  -0.0008915838   0.0040739781   0.0011793046  -0.0003794899
46  8  -0.0001158646   0.0003012039  -0.0001596942  -0.0007964679   0.0123443907
46  9  -0.0143916873   0.0005926933  -0.0106379053   0.0128777659  -0.0002216484
46 10   0.1594596344  -0.1391732264   0.0014211902
47  1  -0.0000943789  -0.0000162400  -0.0001365444  -0.0000981676  -0.0001465227
47  2   0.0000220375   0.0000202550  -0.0000911237   0.0001623978   0.0000029941
47  3  -0.0000334128   0.0000518442  -0.0000077191   0.0000068838   0.0000183337
47  4  -0.0000433580  -0.0001042873   0.0000093149  -0.0000081003  -0.0000292549
47  5   0.0000171986   0.0000031689   0.0000275609  -0.0000026656  -0.0020850634
47  6   0.0022948401  -0.0002326047   0.1260439935  -0.2072997105   0.0040363989
47  7  -0.0009302944   0.0014734744   0.0004764447   0.0001147241   0.0000939758
47  8  -0.0005735985   0.0001781114   0.0006905444  -0.0004742215   0.0174737142
47  9  -0.0214842231   0.0012557296  -0.0013966531   0.0006895541   0.0004727361
47 10  -0.1391732264   0.2239279415  -0.0051028013
48  1  -0.0000923391   0.0001407687   0.0004177630   0.0001460623  -0.0001856566
48  2   0.0001230197   0.0001767928   0.0000392579  -0.0003881828   0.0000056932
48  3   0.0000496535   0.0000744389  -0.0000354420  -0.0001477183  -0.0001268658
48  4  -0.0001446771   0.0000363993  -0.0000205221  -0.0000226067   0.0000494908
48  5  -0.0000650152  -0.0000626398  -0.0000043320  -0.0000641055   0.0174119139
48  6  -0.0220950184  -0.0000338943  -0.0051693782   0.0049408629  -0.0472680743
48  7   0.0041233644   0.0004934774  -0.0041836800  -0.0009261583  -0.0003824099
48  8   0.0010706494  -0.0008474584   0.0004028464   0.0010853052   0.0012147644
48  9  -0.0017976900  -0.0009881466  -0.0171990815   0.0235628697  -0.0001801971
48 10   0.0014211902  -0.0051028013   0.0505475075
$end
