$vibrational normal modes
 1  1  -0.0010498329  -0.0586034377   0.1911689226  -0.1966607407   0.1850058342
 1  2   0.0818312092   0.0044851934  -0.0236250006   0.0961810146   0.0236761255
 1  3  -0.0437599433  -0.0346331928   0.0001067566  -0.0010085810   0.0061552951
 1  4   0.0167151632   0.0241046232  -0.0074801106   0.1713112064  -0.1793432036
 1  5   0.0545300409  -0.0368732622  -0.0027817666   0.0676511625  -0.0032163771
 1  6  -0.0687665905   0.0484344704  -0.0629698294   0.0015203828  -0.0167812419
 1  7   0.0077245830   0.0004407494  -0.0091465058  -0.0009002699   0.0132141280
 1  8   0.0255535659  -0.0119666278  -0.0202471091  -0.0005991745  -0.0311755915
 1  9   0.0284682517   0.0294576362  -0.0007169894   0.0019048415  -0.0254888963
 1 10  -0.0259015494  -0.0214923756   0.0056543534
 2  1   0.1186956027  -0.0137750537   0.1875767057  -0.0037058462  -0.1278499153
 2  2   0.0196429582   0.0948020752   0.0470112493  -0.0030851120  -0.2469716224
 2  3   0.0249829719   0.1357142158  -0.0017954031  -0.0005961460   0.0279985761
 2  4   0.0113455806  -0.0061612639   0.0354791051   0.0101756795  -0.0111812895
 2  5   0.0188706909   0.0050849668   0.1418961577  -0.0168632874  -0.0006623955
 2  6  -0.0036723364   0.0023629369  -0.0037429415   0.0161211289   0.0056678976
 2  7  -0.0155842401  -0.0326783872   0.0103209803   0.0081334545  -0.0255963623
 2  8   0.0228383078  -0.0002363720  -0.0004248959  -0.0000066202   0.0010358780
 2  9   0.0060279152   0.0064997028   0.0016681462  -0.0639386065  -0.0145230257
 2 10  -0.0126000571   0.0391861690  -0.0490514851
 3  1   0.2600310299   0.0527758424   0.0034313040   0.1026109663   0.1194708339
 3  2  -0.1601465404  -0.0453767767   0.0328288499  -0.0972239330  -0.0121453845
 3  3   0.0195107703  -0.0392682750   0.0000744911   0.0017459426  -0.0082516304
 3  4  -0.0198219636  -0.0279923610   0.0064204257   0.1472739194  -0.1558910709
 3  5  -0.0632572316   0.0420339640  -0.0062564601  -0.0787959172  -0.0021195643
 3  6  -0.0591153203   0.0418501439  -0.0538831033  -0.0015710068   0.0154917089
 3  7  -0.0056690380   0.0030586769   0.0134053225   0.0024983602  -0.0162944190
 3  8  -0.0314219518  -0.0088959124  -0.0155686219  -0.0010232681  -0.0242824995
 3  9  -0.0346705939  -0.0356039896   0.0007309597  -0.0001106497   0.0314179046
 3 10   0.0312598952   0.0234988923  -0.0040737890
 4  1  -0.0455026410   0.0679749205   0.2497315940  -0.1119158512   0.1859034034
 4  2  -0.0819528321  -0.0393794967   0.0023366666  -0.0851318441  -0.0017678830
 4  3  -0.0460425888  -0.0113317254  -0.0001540035   0.0008960211   0.0050874662
 4  4   0.0167580853   0.0245780425  -0.0071837001  -0.1712689779   0.1793755473
 4  5  -0.0544232154   0.0371823479   0.0029596428  -0.0676844874  -0.0040311471
 4  6  -0.0720232315  -0.0454419484   0.0612464799   0.0004529498  -0.0129222870
 4  7  -0.0124980865   0.0059283573   0.0078828423   0.0010498875   0.0215787852
 4  8   0.0194272122   0.0146198065   0.0284202969  -0.0006401604  -0.0216326286
 4  9  -0.0286958686  -0.0296318234  -0.0011671669  -0.0098965901  -0.0255446141
 4 10  -0.0260655891  -0.0198412430   0.0030899812
 5  1   0.0615254409   0.0049012807   0.0802245538  -0.0684408667  -0.2236108535
 5  2  -0.0197200461  -0.0859382181  -0.0467963263   0.0343252551  -0.2490192866
 5  3  -0.0172798477  -0.1435846529  -0.0020242586  -0.0002696858   0.0280161266
 5  4   0.0111681064  -0.0068688870   0.0357750975  -0.0107365866   0.0108045033
 5  5  -0.0186541425  -0.0051285923  -0.1419048395   0.0165924281   0.0001630830
 5  6  -0.0046484837  -0.0030041975   0.0034849529  -0.0216990483  -0.0044374640
 5  7  -0.0135309666  -0.0324211485   0.0110737187  -0.0119172707  -0.0256026872
 5  8   0.0173034997   0.0014774837   0.0030610198  -0.0001062434  -0.0036421712
 5  9  -0.0009639490  -0.0027057080  -0.0016472827   0.0645548116  -0.0218374561
 5 10  -0.0156167779   0.0349126110  -0.0483579308
 6  1   0.3154521192  -0.0948272080  -0.0566431697   0.0092605595   0.1252160498
 6  2   0.0319184323   0.0183028409   0.0095155068   0.1098166242   0.0171965903
 6  3   0.0251886378  -0.0463185648  -0.0000485095  -0.0014955675  -0.0086101243
 6  4  -0.0200856041  -0.0280296373   0.0056757299  -0.1471844317   0.1558789313
 6  5   0.0632422243  -0.0420954544   0.0072087919   0.0785917559  -0.0027759469
 6  6  -0.0621274431  -0.0394512984   0.0523652367   0.0004351831   0.0126111362
 6  7   0.0118115249  -0.0060012978  -0.0134734048   0.0013898520  -0.0227615100
 6  8  -0.0260967673   0.0111135557   0.0222685154  -0.0009958287  -0.0174156092
 6  9   0.0346094177   0.0355917786   0.0015282453   0.0049356162   0.0324900232
 6 10   0.0320114199   0.0205061238   0.0005924865
 7  1   0.0438279564  -0.1036532811   0.0815699847  -0.2667821079   0.1434551366
 7  2   0.1884852627  -0.2150896273  -0.0682643328   0.3162071033   0.0341505019
 7  3  -0.1405117147  -0.0161475488  -0.1370904834  -0.1703432092   0.1114325970
 7  4  -0.1130288145  -0.3065402637   0.3010001229   0.1882809653  -0.2025023196
 7  5  -0.1567498602   0.1382890936   0.2490432369  -0.2668831329   0.0271248179
 7  6   0.3344159838  -0.2072454597   0.2805657770  -0.2993205334  -0.0309418376
 7  7   0.0694221429   0.2254424366  -0.0217258621  -0.1494679799   0.1332059555
 7  8  -0.2754312800  -0.0170989721  -0.0294935081  -0.0020053271  -0.0486494946
 7  9  -0.0102782437  -0.0100890932   0.0021707527  -0.0506043123   0.0031214404
 7 10   0.0036530120   0.0387471269  -0.0370820134
 8  1   0.1721696496   0.0122057498   0.1846800987   0.0232709237  -0.1072252620
 8  2   0.0452331782  -0.0409516647   0.0798927742   0.0772793065  -0.2489305153
 8  3  -0.0486412038   0.3484938391  -0.1390355645  -0.1731447677  -0.1013820509
 8  4  -0.0605551810  -0.0118356181  -0.1089446061   0.0067103843  -0.0081078355
 8  5  -0.0725137576   0.0365094084  -0.0986061679  -0.0633822656   0.0001904200
 8  6  -0.1172455819   0.0867632503  -0.0941984541  -0.0755048642   0.1221671320
 8  7  -0.1088535676   0.0937195963   0.1796663929  -0.0058192249  -0.0527359592
 8  8  -0.2952389431   0.1301099217   0.2236145183   0.0129355553   0.3531453017
 8  9   0.1511779052   0.1515810930  -0.0146796581   0.3969823443  -0.0786192250
 8 10  -0.0881974463  -0.3620735990   0.3185482495
 9  1   0.1945619234   0.0115427899  -0.0081296940   0.0565063997   0.0859223424
 9  2  -0.1794696452   0.1059779608  -0.0180683732  -0.1740780219  -0.0069458403
 9  3   0.1042629801  -0.3237432824   0.1650426046   0.2096648745   0.1772954052
 9  4   0.0590205951  -0.0619093171   0.2366485575   0.1591287048  -0.1670541799
 9  5   0.0332148471   0.0209354716   0.3390426268  -0.0552862488   0.0019254280
 9  6   0.1756158382  -0.1213175398   0.1315733126   0.0594316754  -0.1581508078
 9  7   0.1452050356  -0.1240787245  -0.2325416791  -0.0121762020   0.0522287362
 9  8   0.3547235105   0.0940215032   0.1621496326   0.0088001110   0.2531057003
 9  9   0.0990291924   0.0988846868  -0.0105300647   0.3021085112  -0.0480751303
 9 10  -0.0551621489  -0.2662086088   0.2416534246
10  1  -0.0218746607   0.0110724533   0.2122726968  -0.1550244574   0.1803283907
10  2  -0.0022588228  -0.0491245489  -0.0135153679   0.0160875826   0.0098668195
10  3  -0.0582900191  -0.0186427424  -0.0172934809  -0.0210216390   0.0767614161
10  4   0.1619432852   0.2156686747  -0.0353559033   0.1846018215  -0.1931203720
10  5   0.1982060383  -0.1296177659   0.0393957954   0.2387773957   0.0075493874
10  6   0.1697610318  -0.0976397720   0.1397532377   0.0095666368   0.0645851389
10  7  -0.0926084752   0.0057653551   0.1045123506   0.0183346249  -0.0271522109
10  8  -0.0777695458   0.1560793034   0.2634578838   0.0092378602   0.4194739697
10  9  -0.3420603092  -0.3545075500   0.0063399873   0.0305864998   0.3108222204
10 10   0.3149309188   0.2209500102  -0.0266049739
11  1   0.0594179686  -0.0745473856   0.2668055732  -0.0089061942  -0.0999806587
11  2  -0.0004626927   0.4693973179   0.0501618631  -0.1783444280  -0.2372516428
11  3   0.1918722760  -0.0700141030   0.2553703430   0.3188167188  -0.1250331104
11  4  -0.0365798274   0.0513712230  -0.1705050288   0.0103405728  -0.0110345294
11  5  -0.0139107053  -0.0211899455  -0.2526635777   0.0555696760   0.0161442754
11  6   0.0052114251   0.0030159084   0.0070925453  -0.3837659836  -0.1359251557
11  7   0.1801077251   0.3379433481  -0.1136710640  -0.1997720552   0.2697506976
11  8  -0.2498921097   0.0113849891   0.0186709894   0.0004094263   0.0304621652
11  9  -0.0229456392  -0.0235307065   0.0013071922  -0.0158625065   0.0190755700
11 10   0.0195774710   0.0251246308  -0.0132603206
12  1   0.2130934840   0.1757182408   0.0535189270   0.1801729824   0.1143485617
12  2  -0.3208218791  -0.0968788587   0.0521617515  -0.2707014362  -0.0367966179
12  3   0.0142922236  -0.0362270270   0.0012113087   0.0061305741   0.1075726681
12  4   0.2537374544   0.3490584936  -0.0752085419   0.1676284655  -0.1760127648
12  5   0.2153386378  -0.1433643341   0.0224417336   0.2671703732   0.0194531681
12  6   0.3574955560  -0.2177017930   0.3064870011  -0.0351719836   0.1311901775
12  7  -0.1471485522   0.0543300986   0.1833078984   0.0101679737  -0.0467764017
12  8  -0.2284834668  -0.0878783654  -0.1483156637  -0.0055303850  -0.2395072541
12  9   0.1850197069   0.1919302981  -0.0032451084  -0.0161758028  -0.1661710085
12 10  -0.1684993729  -0.1183319759   0.0146322857
13  1   0.0094267353  -0.1816790952   0.2342522843  -0.2340265906   0.2305994352
13  2   0.1865799230   0.3130616066  -0.0095099394   0.0951515856   0.0465223728
13  3   0.0711803237  -0.0867660317   0.1551654601   0.1894337432  -0.2547639947
13  4  -0.2484918210  -0.2003764857  -0.1781460580   0.1902516822  -0.1997270487
13  5  -0.2216673641   0.1118892375  -0.2801768199  -0.1945756139   0.0034234688
13  6   0.3176225324  -0.2029068986   0.2630123361   0.2714986842   0.1908742835
13  7  -0.1858559177  -0.1934883915   0.1576912691   0.1552606355  -0.2192828756
13  8   0.0161150479   0.0003167862   0.0009433331   0.0000439677  -0.0008428828
13  9   0.0105793159   0.0107278057  -0.0002068420  -0.0036495036  -0.0103902770
13 10  -0.0098258859  -0.0028205038  -0.0036653747
14  1   0.1689292807   0.0064768043   0.1947337909   0.0248464102  -0.1018826287
14  2   0.0447560815  -0.0038215120   0.0830934914   0.0620820243  -0.2493067112
14  3  -0.0342912650   0.3422700798  -0.1183565151  -0.1469386921  -0.1079307177
14  4  -0.0390961347   0.0380688530  -0.1499137547   0.0207884297  -0.0160195856
14  5   0.0235126151  -0.0309953826  -0.1200826127   0.0655627777   0.0036428111
14  6   0.1564147336  -0.1123956703   0.1267081874   0.0174389342  -0.1296188990
14  7   0.1272709952  -0.0390215133  -0.1825439717  -0.0221083609   0.0858732737
14  8   0.2347342639  -0.1383652552  -0.2375140550  -0.0129762347  -0.3951948159
14  9  -0.1998955797  -0.2058996524  -0.0068008772   0.3871095674   0.2321243584
14 10   0.2178555596  -0.1305273575   0.2800841021
15  1   0.3294379760   0.0859078805   0.0116373928   0.1438138065   0.1537237896
15  2  -0.1294743381  -0.1949208852   0.0824254315  -0.0065680138  -0.0163521193
15  3  -0.0676047539   0.2501161685  -0.1682819436  -0.2095414266  -0.1806884136
15  4  -0.0746422886   0.0450482284  -0.2385802659   0.1652906412  -0.1663017978
15  5  -0.0391235840  -0.0165687051  -0.3446408152   0.0500941846   0.0038828233
15  6   0.1740757683  -0.1207201911   0.1309718762   0.0128495931  -0.1794481526
15  7   0.1994381574  -0.0167137944  -0.2684579430  -0.0353413013   0.1396165527
15  8   0.2886091340   0.0967121081   0.1660405853   0.0086512951   0.2745421087
15  9   0.1318626938   0.1358627965   0.0054522394  -0.2846727236  -0.1600427445
15 10  -0.1489546994   0.1049144580  -0.2073342813
16  1  -0.0563807790   0.1917203354   0.2074662577  -0.0738728108   0.1405506130
16  2  -0.1878450577  -0.3452480933  -0.0129756055  -0.0782870480  -0.0317979493
16  3  -0.1598665328   0.0411102726   0.1520855548   0.1900881508  -0.2543014219
16  4  -0.2497928953  -0.2022913003  -0.1768502209  -0.1876244195   0.2019280968
16  5   0.2205876271  -0.1127504647   0.2782449496   0.1966277121   0.0292391560
16  6   0.3306019070   0.1832846666  -0.2598050401  -0.3174649328  -0.0210352592
16  7   0.0309287112  -0.2486399023  -0.0099354827  -0.1804260232  -0.2944572586
16  8  -0.0141413294   0.0006343968   0.0017095446  -0.0003361826  -0.0027397781
16  9  -0.0091067139  -0.0093206361   0.0000803433  -0.0007194185  -0.0087901844
16 10  -0.0089938950  -0.0033605654  -0.0031037161
17  1   0.0106375640  -0.0158195081   0.0734621287  -0.0972064155  -0.2495907251
17  2  -0.0451071972   0.0138426805  -0.0828533279  -0.0381314859  -0.2373185813
17  3   0.0435812868  -0.3512177976  -0.1186793199  -0.1476096190  -0.1100808489
17  4  -0.0370078057   0.0388301147  -0.1474985736  -0.0164719814   0.0168047218
17  5  -0.0253128059   0.0323130756   0.1190739327  -0.0661594878   0.0051996096
17  6   0.1649854020   0.1047272602  -0.1236873407  -0.0019533638  -0.0776740677
17  7  -0.1644031373   0.0826359106   0.1806414367   0.0038896278   0.2026098788
17  8   0.1510712276   0.1653034242   0.3267091719  -0.0128908545  -0.2572355085
17  9   0.1706537051   0.1842347089   0.0182133694  -0.3841364909   0.2854266054
17 10   0.2430226289  -0.1206100996   0.3002482527
18  1   0.2462368034  -0.1271086464  -0.0645360213  -0.0312779036   0.0911518939
18  2   0.0006000766   0.1643722886  -0.0396285316   0.0102767029   0.0331093273
18  3   0.1115547546  -0.3333216507  -0.1643680529  -0.2090633393  -0.1837248418
18  4  -0.0733750650   0.0442812785  -0.2338502864  -0.1593558133   0.1672159844
18  5   0.0394509637   0.0167237018   0.3410632617  -0.0470051712   0.0041395683
18  6   0.1837862287   0.1136932237  -0.1267224979   0.0124520749  -0.0978712427
18  7  -0.2117010456   0.1492233958   0.2353021848   0.0153173726   0.2971873624
18  8   0.1706514813  -0.1167186262  -0.2308469831   0.0085663160   0.1796010833
18  9  -0.1121911042  -0.1217746462  -0.0125607272   0.2883098232  -0.2011133750
18 10  -0.1696049662   0.0967998059  -0.2245208296
19  1  -0.0245099467  -0.0013235020   0.2278847768  -0.1537125808   0.1901572188
19  2   0.0021488182   0.0117651710  -0.0076195631  -0.0046020945   0.0126599402
19  3  -0.0339008749  -0.0273546079  -0.0155684387  -0.0198790092   0.0737130225
19  4   0.1615539238   0.2167265376  -0.0367124291  -0.1850401325   0.1930872149
19  5  -0.1980649797   0.1292564451  -0.0373000888  -0.2391774886   0.0108150964
19  6   0.1763438709   0.0898551539  -0.1356956109  -0.0166299177   0.0194903694
19  7   0.0915321663  -0.0553360799  -0.0901746141  -0.0183747044  -0.0965809322
19  8  -0.0307008336  -0.1932616003  -0.3769207905   0.0097857000   0.2988611264
19  9   0.3409906249   0.3535984836   0.0143298927   0.0708193647   0.3160285516
19 10   0.3184072628   0.2079327570  -0.0013825904
20  1   0.1208190760   0.0656998454   0.0009509317  -0.0632467091  -0.2515032281
20  2   0.0003884923  -0.4591318753  -0.0509221286   0.2228526672  -0.2710988061
20  3  -0.1869243896   0.0632154624   0.2525682629   0.3173066263  -0.1244602294
20  4  -0.0382648056   0.0508779143  -0.1701306889  -0.0120578581   0.0128793124
20  5   0.0144610258   0.0200236174   0.2532214954  -0.0510603205  -0.0144167924
20  6   0.0121437153   0.0085570682  -0.0044936810   0.4425542396   0.1069841751
20  7   0.1196559832   0.3370487258  -0.1142412652   0.2386524897   0.2758913548
20  8  -0.1384781136  -0.0113800124  -0.0227037704   0.0008295549   0.0174875703
20  9   0.0210070920   0.0214669288   0.0000360063   0.0226150340   0.0143315702
20 10   0.0161891337   0.0210403820  -0.0112266375
21  1   0.3617319390  -0.2181251051  -0.1068244527  -0.0687220312   0.1300085735
21  2   0.1923430897   0.0714466238  -0.0097446762   0.2828256577   0.0417606618
21  3   0.0286670837  -0.0525663211   0.0002214280  -0.0040015360   0.1055359915
21  4   0.2533880332   0.3495569442  -0.0753760068  -0.1685861515   0.1761102822
21  5  -0.2152128354   0.1427495854  -0.0244346879  -0.2663016835   0.0223566634
21  6   0.3729224938   0.2028000438  -0.2975581006   0.0184180206   0.0757879162
21  7   0.1950780139  -0.0687585545  -0.1847689266  -0.0049389326  -0.1835113409
21  8  -0.1211022311   0.1090781827   0.2131605752  -0.0058281100  -0.1713408722
21  9  -0.1844224817  -0.1913924984  -0.0075235860  -0.0390575278  -0.1687278314
21 10  -0.1701907371  -0.1115706353   0.0009909421
22  1  -0.0901986249   0.1118706836   0.3594792642  -0.0422597882   0.2277630523
22  2  -0.1874855677   0.1821264483   0.0469399655  -0.3131861967  -0.0060272685
22  3   0.0552166127  -0.0302946104  -0.1370735860  -0.1681877574   0.1127274331
22  4  -0.1118698371  -0.3057486120   0.3023538094  -0.1908530755   0.2001326057
22  5   0.1568302923  -0.1395634256  -0.2508307260   0.2654634257   0.0073996536
22  6   0.3488789844   0.1988509030  -0.2666417322   0.3288222691   0.1315569742
22  7   0.1435513773   0.1902515647  -0.1254423784   0.1706782497   0.0895408989
22  8  -0.1546430400   0.0217120455   0.0430028862  -0.0016400154  -0.0374154137
22  9   0.0125766865   0.0117079810  -0.0006722482   0.0480918079  -0.0026155988
22 10   0.0015321984   0.0312237924  -0.0324759686
23  1   0.0086828143  -0.0206427169   0.0827778029  -0.0951995643  -0.2441982931
23  2  -0.0450416974   0.0464331100  -0.0790778853  -0.0522152956  -0.2368434778
23  3   0.0575149807  -0.3572840140  -0.1371363532  -0.1697240876  -0.0989046481
23  4  -0.0591594326  -0.0126172865  -0.1117352982  -0.0024908452   0.0085723967
23  5   0.0704799794  -0.0357389242   0.0989678727   0.0622986793  -0.0048626225
23  6  -0.1223259954  -0.0825618728   0.0907167852   0.0675943124   0.0993485587
23  7   0.1930059953  -0.0341196356  -0.2026364394   0.0301876374  -0.1709677858
23  8  -0.1808440435  -0.1706952169  -0.3397340177   0.0129720525   0.2825239875
23  9  -0.1793189602  -0.1729918074   0.0017367112  -0.4140099858  -0.0389923194
23 10  -0.0721847638  -0.3159638161   0.2879118127
24  1   0.3815865585  -0.0539930292  -0.0452777645   0.0552404110   0.1590039542
24  2   0.0522253403  -0.1325874249   0.0596187941   0.1972234142   0.0000021809
24  3  -0.0633547998   0.2430866281   0.1660442031   0.2072730045   0.1757305198
24  4   0.0594598600  -0.0596099842   0.2416045189  -0.1651219442   0.1662328231
24  5  -0.0333627796  -0.0201036543  -0.3426071294   0.0533105020   0.0061306605
24  6   0.1823719472   0.1139530829  -0.1267333962  -0.0535516347  -0.1069405082
24  7  -0.2540319403   0.0410085064   0.2680285902  -0.0200715717   0.2081214520
24  8   0.2233267350  -0.1216325108  -0.2419249770   0.0088788640   0.2001514778
24  9  -0.1185712409  -0.1133188331   0.0021357733  -0.3084621194  -0.0169722568
24 10  -0.0415745375  -0.2298283660   0.2160547978
25  1   0.0768919377   0.1039861337  -0.1461010332  -0.2735210332  -0.0054630502
25  2   0.0962154009  -0.0182204528   0.0273655182  -0.1083073442  -0.0253504012
25  3   0.0498542753   0.0269765397  -0.0002940244   0.0016282473  -0.0103702655
25  4   0.0292135851  -0.0185881948  -0.0045825799   0.1511371747   0.1456102866
25  5   0.0739856055  -0.0294941647  -0.0176623983  -0.0757319381  -0.0582696133
25  6   0.0028653064   0.0536447065   0.0397029415   0.0143103910   0.0040355840
25  7  -0.0129026334  -0.0041536413  -0.0122441853  -0.0338277879   0.0040675554
25  8  -0.0044041798   0.0183580761  -0.0102098949  -0.0212838626   0.0003762275
25  9   0.0362773762  -0.0351263578  -0.0048862848   0.0005386635   0.0348257570
25 10  -0.0365843389   0.0022525223  -0.0001575412
26  1   0.1503724899   0.0470164703   0.0779128436  -0.0228062316  -0.1876739232
26  2   0.0230698838   0.0516471834  -0.0862914785  -0.0550081890   0.2371653864
26  3  -0.1373788872   0.0138386887   0.0017633949   0.0002779520   0.0345888731
26  4  -0.0030897976  -0.0145444438  -0.0282572740   0.0094356605   0.0094635972
26  5  -0.0682564294  -0.1259454053   0.0119139181  -0.0137688196  -0.0033965184
26  6   0.0007252937   0.0028987844   0.0026298399   0.0034754538  -0.0175684543
26  7  -0.0123409062   0.0351946555  -0.0055953415  -0.0012562485  -0.0336000763
26  8   0.0092953248   0.0003530649  -0.0001782705   0.0009296504  -0.0000127407
26  9  -0.0016915725   0.0002101322   0.0644511583   0.0016373161  -0.0136233174
26 10  -0.0170515851   0.0442416874   0.0434975049
27  1   0.0090412372  -0.2425808662  -0.0934392712  -0.1737152194  -0.0261849009
27  2  -0.1020598785  -0.0131403577  -0.0119339297  -0.0940910880  -0.0150346690
27  3  -0.0250899890   0.0464357531  -0.0000416010   0.0008149933  -0.0076304966
27  4   0.0238691308  -0.0162065405  -0.0053657570  -0.1824073045  -0.1738291544
27  5   0.0588804246  -0.0314579630  -0.0141380256  -0.0623309129   0.0698604650
27  6  -0.0043631229  -0.0642537389  -0.0482925931   0.0143866719   0.0036001509
27  7  -0.0138827118  -0.0001046248  -0.0078332818  -0.0270285635   0.0041705194
27  8  -0.0030245147  -0.0246179214   0.0130710608   0.0276378003   0.0001293149
27  9   0.0290860544  -0.0284329357  -0.0023052885   0.0004964226   0.0279594546
27 10  -0.0302170838   0.0037860366   0.0015989341
28  1   0.0274961764   0.2591785781  -0.0898963534  -0.1766408234  -0.0116078856
28  2  -0.0960949368   0.0529919411  -0.0061100141   0.0973669886   0.0034448121
28  3   0.0398650327   0.0193651667   0.0003192478  -0.0015593183  -0.0108127962
28  4   0.0292229409  -0.0184935053  -0.0041071227  -0.1510901870  -0.1456138105
28  5  -0.0741037522   0.0290808406   0.0175829169   0.0756915663  -0.0609308496
28  6   0.0018229456  -0.0514718854  -0.0387940612   0.0171272582  -0.0008871211
28  7   0.0085189850   0.0008310200   0.0128803992  -0.0345504383  -0.0001249212
28  8  -0.0020554532  -0.0191311745   0.0102345446  -0.0202892100   0.0016091658
28  9  -0.0360742516   0.0348852162   0.0005545605   0.0017373377   0.0359541291
28 10  -0.0361915741  -0.0007755143  -0.0040455306
29  1   0.0383842683  -0.0365313301   0.1532577362  -0.0567883055  -0.1846324387
29  2  -0.0229930741  -0.0603887541   0.0860524836   0.0237402152   0.2587157526
29  3   0.1296134692  -0.0058658080   0.0018694147   0.0006616663   0.0347075188
29  4  -0.0025430884  -0.0147348106  -0.0285677003  -0.0099205052  -0.0090720606
29  5   0.0680847766   0.1259905470  -0.0119017240   0.0135447004  -0.0038916601
29  6  -0.0003149123  -0.0034298103  -0.0021481473  -0.0064318518   0.0206331754
29  7  -0.0047030980   0.0356251470  -0.0045521633  -0.0053637756  -0.0232936397
29  8   0.0247540889  -0.0021806250   0.0012001930  -0.0036192843   0.0001960380
29  9  -0.0028821539   0.0030416683  -0.0646550240  -0.0015083022  -0.0167249468
29 10  -0.0096371904   0.0450682813   0.0431570198
30  1  -0.0380942480  -0.1176463652  -0.0425763365  -0.0947572343  -0.0311458533
30  2  -0.2648315346   0.0401921907  -0.0305662153   0.0814141816   0.0100001623
30  3  -0.0191163595   0.0390368296   0.0000286618  -0.0010544123  -0.0066911292
30  4   0.0241457201  -0.0165086643  -0.0045988919   0.1823849543   0.1738373076
30  5  -0.0589429047   0.0314951603   0.0137601933   0.0624652902   0.0728171708
30  6  -0.0031306336   0.0617049886   0.0470366046   0.0174322219  -0.0000924876
30  7   0.0087535564   0.0008671777   0.0080999988  -0.0279938019  -0.0024306490
30  8   0.0019072391   0.0255658764  -0.0133308832   0.0264251368  -0.0014161397
30  9  -0.0291864901   0.0284214525  -0.0045983931   0.0013329235   0.0283557980
30 10  -0.0298244770   0.0023956547  -0.0005442091
31  1   0.0931893017   0.1433351438  -0.2198881966  -0.2885939113  -0.0479186118
31  2   0.0954262606   0.0636805849   0.1971914969  -0.1102224721  -0.0390840464
31  3  -0.2186320920  -0.0428885751   0.2047034786  -0.1641359460  -0.2186438412
31  4   0.0278371374   0.0834156957   0.1806281926   0.1683375767   0.1548653117
31  5   0.1660930151   0.2929701921  -0.0291870677   0.0271547645   0.1650505328
31  6  -0.0066565622  -0.1427123167  -0.0874129859  -0.1209825227  -0.0261916844
31  7   0.2789875077  -0.0233728827   0.2368727101   0.2888159643  -0.0027617153
31  8   0.0402439406  -0.2137044700   0.1166790610   0.2590529881  -0.0022725135
31  9  -0.1372122652   0.1254321574   0.3135901713   0.0057470692  -0.1850469827
31 10   0.0519140262   0.1962826742   0.2008299327
32  1   0.1630688245   0.0775504861   0.0192926240  -0.0352279938  -0.2214396142
32  2   0.0228494544   0.1161851886   0.0496887148  -0.0568664305   0.2262365246
32  3  -0.3499859939  -0.0417977317   0.1649274473  -0.1315791555  -0.1340512124
32  4  -0.0022974886   0.0666173386   0.1209955307   0.0197806188   0.0134686181
32  5   0.0118215043   0.1360084347   0.0013462234   0.0657362649   0.1516798856
32  6  -0.0063261077  -0.1379425982  -0.0872939393  -0.1056562063  -0.0211861308
32  7   0.2177349331   0.0049517965   0.1853210113   0.2447167017  -0.0212395488
32  8   0.0441861143   0.2775106231  -0.1517287519  -0.3382845904   0.0034268005
32  9   0.1898715228  -0.1748044794  -0.3885650450  -0.0066171887   0.2444408558
32 10  -0.0812299012  -0.2396316027  -0.2476363436
33  1  -0.0298159438  -0.3595294844  -0.1356993163  -0.2681551018  -0.0575754519
33  2  -0.0244981690  -0.0640717705   0.2821971687  -0.1582143206  -0.0267017518
33  3  -0.0595461547  -0.0247179391   0.1805337973  -0.1419132063   0.3168490998
33  4  -0.2835423292   0.0782673564  -0.1424884956  -0.2024146352  -0.1936915853
33  5  -0.3446858389  -0.1352513399   0.0757161243   0.1978118307  -0.3270361670
33  6   0.0080577620   0.2733236725   0.2037969488  -0.1379699242   0.2768392253
33  7   0.2078032671  -0.2225922599   0.1008915541   0.1041554210   0.2411365327
33  8   0.0320826911  -0.0091942037   0.0048530343   0.0130464781  -0.0001319327
33  9   0.0038941727  -0.0038964542   0.0094045341   0.0004076890   0.0021489473
33 10  -0.0061025098   0.0052045844   0.0049489772
34  1   0.1182067249  -0.0203049784  -0.1964737695  -0.3535237216  -0.0030313962
34  2   0.2531538813  -0.0709584131   0.0648703564  -0.2764146337  -0.0496155789
34  3   0.0418128874   0.0278284030   0.0120718820  -0.0058754488   0.1204718861
34  4  -0.3543877927   0.2338580856   0.0611343935   0.1724144381   0.1644766430
34  5  -0.2391677553   0.1053215832   0.0568144453   0.2495632008   0.3540133825
34  6  -0.0225839906  -0.2874394521  -0.2336360879   0.0910586265   0.0328173291
34  7  -0.2225480846  -0.0093027102  -0.1733023481  -0.1955039027   0.0413882599
34  8  -0.0437796946   0.1852015909  -0.0987048257  -0.2180560921  -0.0000019032
34  9  -0.1971991922   0.1928293579   0.0243220967  -0.0025374153  -0.1877680019
34 10   0.1983291139  -0.0196119520  -0.0050253724
35  1   0.2162422404   0.0551953953   0.1309910313   0.0288328203  -0.1244641086
35  2   0.0607486369   0.0158449299  -0.4891248046  -0.1141443393   0.2389814278
35  3   0.0608187032   0.1375463017  -0.3164806493   0.2549780309  -0.1570670487
35  4  -0.0023367312   0.0796005499   0.1357375893   0.0096863102   0.0094221023
35  5   0.1113739149   0.2316092608  -0.0171806215   0.0374313819   0.0149912526
35  6  -0.0167013145  -0.0067284656  -0.0135288039  -0.0930425072   0.4052834405
35  7   0.1565412502  -0.3660364496   0.0489335151  -0.0312150499   0.4101447870
35  8  -0.0111281783   0.0003733813  -0.0005524817  -0.0002913907   0.0002068398
35  9  -0.0012766840   0.0009823827   0.0181731112   0.0008589317  -0.0038551574
35 10  -0.0035008307   0.0101643012   0.0099817734
36  1  -0.0138965979  -0.1738517034  -0.0656514670  -0.1295384158  -0.0276145570
36  2  -0.1889064439   0.0160546892  -0.0320997941  -0.0009562668  -0.0016283832
36  3  -0.0209550867   0.0458812483  -0.0064589105   0.0045839692  -0.0778861667
36  4   0.2307679757  -0.1525100415  -0.0408729262  -0.1967826396  -0.1872125763
36  5   0.2244102128  -0.1029044724  -0.0531763671  -0.2348240283  -0.1757032678
36  6   0.0103401809   0.1350836117   0.1120786340  -0.0345201095  -0.0162528434
36  7   0.1185398769   0.0051731633   0.0949836037   0.0776223422  -0.0218987295
36  8   0.0219953647   0.3161934399  -0.1682217676  -0.3672705902  -0.0004520607
36  9  -0.3508377798   0.3427607178   0.0446877776  -0.0047775800  -0.3378327518
36 10   0.3565242794  -0.0344397803  -0.0079167673
37  1   0.0577186718   0.0682892212  -0.0657572526  -0.2538118386   0.0392793211
37  2   0.0896270122  -0.1023805230  -0.1535992377  -0.0974955532  -0.0093802121
37  3   0.3327860631   0.0993042912  -0.2164358618   0.1769328852   0.2275931577
37  4  -0.0200847063  -0.0953099728  -0.1860706230   0.1637701550   0.1560261441
37  5  -0.1709811342  -0.2988489756   0.0308273573  -0.0252799492   0.1774300203
37  6  -0.0042328832  -0.1539425851  -0.0947575179  -0.1177832930  -0.0925191585
37  7   0.2516423505   0.1035831256   0.2338782300   0.3063383133  -0.1239360099
37  8   0.0770448264  -0.1845095837   0.1007132879   0.2122921064  -0.0020599254
37  9  -0.1007335345   0.1026792765  -0.2791732369  -0.0092518204  -0.0422532601
37 10   0.1853502805  -0.2033403406  -0.1942564739
38  1   0.1588923147   0.0732602224   0.0248949059  -0.0355878702  -0.2194626406
38  2   0.0214350571   0.1089477082   0.0472198201  -0.0546940546   0.2267321167
38  3  -0.3282832659  -0.0385871165   0.1551640647  -0.1239978630  -0.1224032745
38  4   0.0393921857   0.0276559265   0.0872728521   0.0053281012   0.0059840788
38  5   0.1038128515   0.0494008951  -0.0221565142  -0.0564696533  -0.1259580094
38  6   0.0030221330   0.1153263894   0.0734305798   0.0848015426   0.0760724920
38  7  -0.1752107417  -0.0578051491  -0.1631597796  -0.2307771745   0.0782140134
38  8  -0.0429920538  -0.2823083292   0.1540445521   0.3282272660  -0.0039710839
38  9  -0.1689954421   0.1713647347  -0.4038714816  -0.0142197984  -0.0790862966
38 10   0.2885286073  -0.2978457271  -0.2815248921
39  1   0.1073787263  -0.2915101866  -0.1185108370  -0.1848768913   0.0104451761
39  2   0.0336966995  -0.0320609515  -0.2699587678  -0.2585939474  -0.0359043088
39  3   0.0005788670   0.1225480260  -0.1736232371   0.1389649912  -0.1548403503
39  4  -0.2344257191   0.2696464879   0.2420166393  -0.2006830447  -0.1959884843
39  5  -0.0740994797   0.3412731694   0.0247047319   0.2422222801  -0.3316150651
39  6   0.0309537393   0.2705580705   0.2122811669   0.0162422820  -0.3211523257
39  7  -0.0264030676   0.2354765203   0.0181589190   0.1350910613  -0.2985669879
39  8   0.0051954592  -0.0201203347   0.0111739911   0.0252939391  -0.0005412886
39  9  -0.0022124361   0.0026842252  -0.0270611845  -0.0012763804   0.0025100105
39 10   0.0098704011  -0.0165680502  -0.0158470672
40  1   0.0465643522   0.2957447757  -0.1704494539  -0.1960433409  -0.0566281633
40  2  -0.0902981427   0.1408119352   0.1741973479   0.0939422099  -0.0008318308
40  3  -0.2457048130  -0.0542960041  -0.2192830799   0.1746346195   0.2255717132
40  4  -0.0230490484  -0.0958302811  -0.1904234913  -0.1691762585  -0.1552483227
40  5   0.1717912258   0.2997709165  -0.0308696387   0.0226030495   0.1855359407
40  6  -0.0026176390   0.1479468095   0.0922047820  -0.1983258446   0.0620545514
40  7  -0.2348069328   0.0271868835  -0.2542519411   0.3200877037   0.0041923542
40  8   0.0233245985   0.1979568523  -0.1049265048   0.2209468373  -0.0145137395
40  9   0.1167412445  -0.1134130251   0.2802574188   0.0017849344  -0.0296224273
40 10   0.1468626109  -0.1937883163  -0.1767356819
41  1   0.0296206720  -0.0626086629   0.2056115858  -0.0443497516  -0.1533897499
41  2  -0.0215485159  -0.1193886390  -0.0434727422   0.0193999416   0.2604752198
41  3   0.3196417057   0.0459381684   0.1540998235  -0.1213248675  -0.1193836290
41  4   0.0398547777   0.0288418273   0.0893389408  -0.0017169613  -0.0065135540
41  5  -0.1010090231  -0.0492191387   0.0216584651   0.0558517127  -0.1318077030
41  6   0.0021898316  -0.1116749179  -0.0708279010   0.1445718674  -0.0500658707
41  7   0.1521754478  -0.0038569238   0.1696300108  -0.2324418978  -0.0167642994
41  8  -0.0135556231   0.3077037008  -0.1630865935   0.3452957194  -0.0231034412
41  9   0.1952451431  -0.1896420617   0.4144351963   0.0014202233  -0.0628312084
41 10   0.2351008167  -0.2857592651  -0.2596907917
42  1  -0.1365443918  -0.0698403777  -0.0179274993  -0.0844382236  -0.0679642884
42  2  -0.3996081923   0.0617691283   0.2291645143   0.2505557485   0.0375303054
42  3  -0.0446087867  -0.0393419605  -0.1758535533   0.1376181817  -0.1563218892
42  4  -0.2329350351   0.2691944915   0.2431261014   0.2026207478   0.1937012780
42  5   0.0743609837  -0.3427761318  -0.0235207559  -0.2407606758  -0.3438297482
42  6   0.0036181502  -0.2621401455  -0.1998409792  -0.1794626355   0.3248303808
42  7  -0.0627601893   0.2278801294  -0.0931078950   0.0713754312  -0.0871796037
42  8   0.2238493768   0.0201855728  -0.0105391839   0.0244444398  -0.0014905870
42  9   0.0026520311  -0.0027488327   0.0235794824   0.0005637268   0.0036395069
42 10   0.0047287134  -0.0146611069  -0.0138387430
43  1  -0.0139947457   0.3830927479  -0.0387556390  -0.0964662197  -0.0136044373
43  2  -0.2530591705   0.1052619995  -0.0453148076   0.2647627936   0.0273813301
43  3   0.0511875271   0.0169310813   0.0152997496  -0.0157008390   0.1182899363
43  4  -0.3545258555   0.2343422358   0.0610131100  -0.1727943921  -0.1645593198
43  5   0.2396086338  -0.1041242011  -0.0572183752  -0.2492247719   0.3675248970
43  6  -0.0195156410   0.2744623692   0.2276258998   0.1326613561  -0.0012873937
43  7   0.1812286326   0.0374033490   0.1714867631  -0.2150461803  -0.0484782314
43  8   0.0423806207  -0.1929003818   0.1006045218  -0.2093620680   0.0117715578
43  9   0.1971669765  -0.1923429414   0.0260756483  -0.0084616980  -0.1898025278
43 10   0.1968890713  -0.0122820555   0.0073400653
44  1  -0.0275056725  -0.0447331112   0.1002116621  -0.1084274622  -0.2478293388
44  2  -0.0606781181  -0.0206316691   0.4865651923   0.0923163348   0.2693585173
44  3  -0.0676560069  -0.1292357617  -0.3178864134   0.2551956957  -0.1571345884
44  4  -0.0021494140   0.0779427733   0.1354448948  -0.0117426402  -0.0113838412
44  5  -0.1125315433  -0.2308381582   0.0177660714  -0.0332451057   0.0196335089
44  6   0.0140187004   0.0159150796   0.0076922144   0.1431211842  -0.4350523024
44  7   0.0197793052  -0.3679440982   0.0623113123   0.0589002838   0.1789458189
44  8  -0.3433173324  -0.0043961344   0.0020630072  -0.0051297339  -0.0000265761
44  9   0.0034191129  -0.0030717871  -0.0176408116  -0.0009895064  -0.0078413244
44 10   0.0020342103   0.0103336323   0.0100490049
45  1  -0.0144739209  -0.1860301236  -0.0702759420  -0.1385146581  -0.0293769470
45  2  -0.1777022435   0.0108537558  -0.0130439640  -0.0118142667  -0.0033140455
45  3  -0.0233606247   0.0417589663  -0.0048933777   0.0041241130  -0.0744879437
45  4   0.2308670647  -0.1536402197  -0.0414156255   0.1970174433   0.1872955000
45  5  -0.2229528684   0.1052175893   0.0534204245   0.2348682814  -0.1821480221
45  6   0.0090266374  -0.1286035029  -0.1091663116  -0.0584889748   0.0068428081
45  7  -0.1009261794  -0.0167885263  -0.0942040050   0.0874830450   0.0252583435
45  8  -0.0212777683  -0.3294860145   0.1716824442  -0.3528850227   0.0195087362
45  9   0.3510155839  -0.3420609764   0.0444277936  -0.0155156341  -0.3420752116
45 10   0.3542987332  -0.0208265366   0.0139506813
46  1   0.0115340459   0.2194246675  -0.0168861678  -0.1621045021   0.0305708876
46  2  -0.0944605882  -0.0324430552  -0.1720091064   0.0927600662   0.0061243038
46  3   0.3057143458   0.0867261976   0.2036812421  -0.1654256376  -0.2204015139
46  4   0.0286831852   0.0838465135   0.1757137191  -0.1632314761  -0.1557020549
46  5  -0.1663508323  -0.2913505107   0.0300844433  -0.0241704088   0.1716703781
46  6  -0.0002070528   0.1359354344   0.0844923024  -0.1612317366  -0.0129684178
46  7  -0.2023552265  -0.0957952108  -0.2221318948   0.3123275488   0.0827420862
46  8  -0.0616681344   0.2171706619  -0.1147517805   0.2302004981  -0.0159971497
46  9   0.1188272648  -0.1123526846  -0.3130444435  -0.0136956439  -0.2089842808
46 10   0.0874117000   0.2150058428   0.2180476712
47  1   0.0259652984  -0.0672035877   0.2125120350  -0.0440156722  -0.1503265752
47  2  -0.0225693639  -0.1281827615  -0.0508841226   0.0207973957   0.2602739675
47  3   0.3430954777   0.0494519372   0.1676714363  -0.1328572726  -0.1353979568
47  4  -0.0029547724   0.0688127908   0.1179968885  -0.0156927658  -0.0142476546
47  5  -0.0107190399  -0.1379012113  -0.0013864203  -0.0662354072   0.1583604932
47  6  -0.0011247449   0.1309677439   0.0857241109  -0.1384627088  -0.0115151999
47  7  -0.1677628122  -0.0556793250  -0.1842747276   0.2697610359   0.0483304103
47  8  -0.0386210108  -0.2782528692   0.1466274977  -0.2977017095   0.0211516118
47  9  -0.1647839616   0.1563516951   0.3798369728   0.0179692148   0.2707398665
47 10  -0.1229304548  -0.2614592253  -0.2653270116
48  1   0.0000000000   0.0000000000   0.0000000000   0.0000000000   0.0000000000
48  2  -0.3437527703   0.0903088242  -0.3211671506   0.1410482729   0.0150416017
48  3   0.0141989117   0.1078886517   0.1802703168  -0.1439707548   0.3165526350
48  4  -0.2849283751   0.0800245933  -0.1410030826   0.2004582044   0.1957530245
48  5   0.3435850943   0.1343586014  -0.0748549839  -0.2004680850  -0.3393923722
48  6   0.0257829913  -0.2571422399  -0.2041139028   0.0141466896  -0.3123510747
48  7  -0.0751684155  -0.2381818753  -0.0299592695   0.1806390352   0.1190488825
48  8  -0.2508533326   0.0111174154  -0.0059527226   0.0136689969  -0.0012289876
48  9  -0.0033125419   0.0033518611  -0.0134225191  -0.0007459544   0.0001110204
48 10  -0.0038194819   0.0074824710   0.0061421091
$end
