$dipgrad          cartesian dipole gradients
  -.56259446572392D+00  0.00000000000000D+00  -.59885229370879D-17
  0.00000000000000D+00  -.66373563736856D+00  0.00000000000000D+00
  0.23073177483207D-16  0.00000000000000D+00  -.45444314286635D+00
  0.28129723286199D+00  0.00000000000000D+00  -.56523847958348D-01
  0.00000000000000D+00  0.33186781868432D+00  0.00000000000000D+00
  -.79553922388510D-01  0.00000000000000D+00  0.22722157143321D+00
  0.28129723286199D+00  0.00000000000000D+00  0.56523847958348D-01
  0.00000000000000D+00  0.33186781868432D+00  0.00000000000000D+00
  0.79553922388510D-01  0.00000000000000D+00  0.22722157143321D+00
$end
