$hessian (projected)
 1  1   0.8037670876   0.0000000000   0.0000000000  -0.4018835438   0.0000000000
 1  2  -0.3000211902  -0.4018835438   0.0000000000   0.3000211902
 2  1   0.0000000000   0.0000000000   0.0000000000   0.0000000000   0.0000000000
 2  2   0.0000000000   0.0000000000   0.0000000000   0.0000000000
 3  1   0.0000000000   0.0000000000   0.5179754083  -0.2352542164   0.0000000000
 3  2  -0.2589877041   0.2352542164   0.0000000000  -0.2589877041
 4  1  -0.4018835438   0.0000000000  -0.2352542164   0.4346496059   0.0000000000
 4  2   0.2676377033  -0.0327660622   0.0000000000  -0.0323834869
 5  1   0.0000000000   0.0000000000   0.0000000000   0.0000000000   0.0000000000
 5  2   0.0000000000   0.0000000000   0.0000000000   0.0000000000
 6  1  -0.3000211902   0.0000000000  -0.2589877041   0.2676377033   0.0000000000
 6  2   0.2414824069   0.0323834869   0.0000000000   0.0175052972
 7  1  -0.4018835438   0.0000000000   0.2352542164  -0.0327660622   0.0000000000
 7  2   0.0323834869   0.4346496059   0.0000000000  -0.2676377033
 8  1   0.0000000000   0.0000000000   0.0000000000   0.0000000000   0.0000000000
 8  2   0.0000000000   0.0000000000   0.0000000000   0.0000000000
 9  1   0.3000211902   0.0000000000  -0.2589877041  -0.0323834869   0.0000000000
 9  2   0.0175052972  -0.2676377033   0.0000000000   0.2414824069
$end
