$vibrational normal modes
 1  1   0.0998209085   0.0000000000   0.0486415070   0.4211146517   0.0000000000
 1  2  -0.0484734072  -0.0000000000   0.0000000000  -0.0712141248
 2  1   0.0000000000   1.0000000000   0.0000000000   0.0000000000   0.0000000000
 2  2   0.0000000000   0.0000000000   0.0000000000   0.0000000000
 3  1  -0.1270969348   0.0000000000   0.2772998025   0.0609547253   0.0000000000
 3  2   0.0970687879   0.0710503641   0.0493928545   0.0000000000
 4  1   0.1947035536   0.0000000000  -0.1583732317   0.3756096553   0.0000000000
 4  2   0.3847066036   0.4236825539  -0.5874633897   0.5651870930
 5  1   0.0000000000   0.0000000000   0.0000000000   0.0000000000   1.0000000000
 5  2   0.0000000000   0.0000000000   0.0000000000   0.0000000000
 6  1  -0.2541938696   0.0000000000   0.5545996050   0.1219094506   0.0000000000
 6  2  -0.4831832860  -0.5638874147  -0.3920037484   0.4219334356
 7  1   0.1947035536   0.0000000000  -0.1583732317   0.3756096553   0.0000000000
 7  2   0.3847066036  -0.4236825539   0.5874633897   0.5651870930
 8  1   0.9129341074   0.0000000000   0.7503292214  -0.7224401921   0.0000000000
 8  2  -0.0000000000  -0.0000000000   0.0000000000   0.0000000000
 9  1   0.0000000000   0.0000000000   0.0000000000   0.0000000000   0.0000000000
 9  2   0.6773208617  -0.5638874147  -0.3920037484  -0.4219334356
$end
