$dipgrad          cartesian dipole gradients
  -.30546756232645D+00  0.00000000000000D+00  0.69727752217974D-17
  0.00000000000000D+00  -.32059196215544D+00  0.00000000000000D+00
  -.34477629085039D-16  0.00000000000000D+00  -.30213138412669D+00
  0.15273378116321D+00  0.00000000000000D+00  -.59425311323296D-01
  0.00000000000000D+00  0.16029598107770D+00  0.00000000000000D+00
  -.30868535067185D-01  0.00000000000000D+00  0.15106569206333D+00
  0.15273378116321D+00  0.00000000000000D+00  0.59425311323296D-01
  0.00000000000000D+00  0.16029598107770D+00  0.00000000000000D+00
  0.30868535067185D-01  0.00000000000000D+00  0.15106569206333D+00
$end
