$hessian (projected)
 1  1   0.6429448084   0.0000000000   0.0000000000  -0.3214724042   0.0000000000
 1  2  -0.2569365245  -0.3214724042   0.0000000000   0.2569365245
 2  1   0.0000000000   0.0000000000   0.0000000000   0.0000000000   0.0000000000
 2  2   0.0000000000   0.0000000000   0.0000000000   0.0000000000
 3  1   0.0000000000   0.0000000000   0.4548696742  -0.1952551287   0.0000000000
 3  2  -0.2274348371   0.1952551287   0.0000000000  -0.2274348371
 4  1  -0.3214724042   0.0000000000  -0.1952551287   0.3542115947   0.0000000000
 4  2   0.2260958266  -0.0327391905   0.0000000000  -0.0308406979
 5  1   0.0000000000   0.0000000000   0.0000000000   0.0000000000   0.0000000000
 5  2   0.0000000000   0.0000000000   0.0000000000   0.0000000000
 6  1  -0.2569365245   0.0000000000  -0.2274348371   0.2260958266   0.0000000000
 6  2   0.2163955594   0.0308406979   0.0000000000   0.0110392777
 7  1  -0.3214724042   0.0000000000   0.1952551287  -0.0327391905   0.0000000000
 7  2   0.0308406979   0.3542115947   0.0000000000  -0.2260958266
 8  1   0.0000000000   0.0000000000   0.0000000000   0.0000000000   0.0000000000
 8  2   0.0000000000   0.0000000000   0.0000000000   0.0000000000
 9  1   0.2569365245   0.0000000000  -0.2274348371  -0.0308406979   0.0000000000
 9  2   0.0110392777  -0.2260958266   0.0000000000   0.2163955594
$end
