$vibrational normal modes
 1  1  -0.0507318429   0.0000000000   0.0495684865   0.0986626477   0.0000000000
 1  2   0.4239371867   0.0000000000  -0.0000000000   0.0694299347
 2  1   0.0000000000   1.0000000000   0.0000000000   0.0000000000   0.0000000000
 2  2   0.0000000000   0.0000000000   0.0000000000   0.0000000000
 3  1   0.0994844580   0.0000000000   0.2729077246  -0.1282288087   0.0000000000
 3  2   0.0620760674   0.0701579941   0.0505681317   0.0000000000
 4  1   0.4026305580   0.0000000000  -0.1685527623   0.2011494055   0.0000000000
 4  2   0.3743229467   0.4330207067  -0.5810805810  -0.5510269641
 5  1   0.0000000000   0.0000000000   0.0000000000   0.0000000000   1.0000000000
 5  2   0.0000000000   0.0000000000   0.0000000000   0.0000000000
 6  1  -0.4677509761   0.0000000000   0.5458154491  -0.2564576173   0.0000000000
 6  2   0.1241521348  -0.5568051683  -0.4013312726  -0.4404077961
 7  1   0.4026305580   0.0000000000  -0.1685527623   0.2011494055   0.0000000000
 7  2   0.3743229467  -0.4330207067   0.5810805810  -0.5510269641
 8  1   0.0000000000   0.0000000000   0.7538764933   0.9094670849   0.0000000000
 8  2  -0.7216472366   0.0000000000  -0.0000000000  -0.0000000000
 9  1   0.6667198921   0.0000000000   0.0000000000   0.0000000000   0.0000000000
 9  2   0.0000000000  -0.5568051683  -0.4013312726   0.4404077961
$end
