$dipgrad          cartesian dipole gradients
  -.44062132441543D+00  0.00000000000000D+00  -.10476103491641D-16
  0.00000000000000D+00  -.34171907189380D+00  0.00000000000000D+00
  -.16696713456277D-16  0.00000000000000D+00  -.44531425795313D+00
  0.22031066220729D+00  0.00000000000000D+00  -.27539025978581D-01
  0.00000000000000D+00  0.17085953594647D+00  0.00000000000000D+00
  0.10963083698002D-01  0.00000000000000D+00  0.22265712897614D+00
  0.22031066220729D+00  0.00000000000000D+00  0.27539025978581D-01
  0.00000000000000D+00  0.17085953594647D+00  0.00000000000000D+00
  -.10963083698002D-01  0.00000000000000D+00  0.22265712897614D+00
$end
