$hessian (projected)
 1  1   0.8030676089   0.0000000000   0.0000000000  -0.4015338045   0.0000000000
 1  2  -0.3073447529  -0.4015338045   0.0000000000   0.3073447529
 2  1   0.0000000000   0.0000000000   0.0000000000   0.0000000000   0.0000000000
 2  2   0.0000000000   0.0000000000   0.0000000000   0.0000000000
 3  1   0.0000000000   0.0000000000   0.5424520274  -0.2424991769   0.0000000000
 3  2  -0.2712260137   0.2424991769   0.0000000000  -0.2712260137
 4  1  -0.4015338045   0.0000000000  -0.2424991769   0.4347944981   0.0000000000
 4  2   0.2749219649  -0.0332606936   0.0000000000  -0.0324227880
 5  1   0.0000000000   0.0000000000   0.0000000000   0.0000000000   0.0000000000
 5  2   0.0000000000   0.0000000000   0.0000000000   0.0000000000
 6  1  -0.3073447529   0.0000000000  -0.2712260137   0.2749219649   0.0000000000
 6  2   0.2532379690   0.0324227880   0.0000000000   0.0179880447
 7  1  -0.4015338045   0.0000000000   0.2424991769  -0.0332606936   0.0000000000
 7  2   0.0324227880   0.4347944981   0.0000000000  -0.2749219649
 8  1   0.0000000000   0.0000000000   0.0000000000   0.0000000000   0.0000000000
 8  2   0.0000000000   0.0000000000   0.0000000000   0.0000000000
 9  1   0.3073447529   0.0000000000  -0.2712260137  -0.0324227880   0.0000000000
 9  2   0.0179880447  -0.2749219649   0.0000000000   0.2532379690
$end
