$vibrational normal modes
 1  1   0.0997381185   0.0000000000   0.4216231071   0.0000000000   0.0488580412
 1  2  -0.0493007960   0.0000000000   0.0000000000  -0.0705731928
 2  1   0.0000000000   1.0000000000   0.0000000000   0.0000000000   0.0000000000
 2  2   0.0000000000   0.0000000000   0.0000000000   0.0000000000
 3  1  -0.1273952715   0.0000000000   0.0616312586   0.0000000000   0.2758258621
 3  2   0.0979229746   0.0701644668   0.0505597297   0.0000000000
 4  1   0.1972498791   0.0000000000   0.3744488873   0.0000000000  -0.1622664781
 4  2   0.3912731307   0.4329541197  -0.5811269957   0.5601003701
 5  1   0.0000000000   0.0000000000   0.0000000000   1.0000000000   0.0000000000
 5  2   0.0000000000   0.0000000000   0.0000000000   0.0000000000
 6  1  -0.2547905429   0.0000000000   0.1232625172   0.0000000000   0.5516517242
 6  2  -0.4776694936  -0.5568565381  -0.4012645906   0.4287158588
 7  1   0.1972498791   0.0000000000   0.3744488873   0.0000000000  -0.1622664781
 7  2   0.3912731307  -0.4329541197   0.5811269957   0.5601003701
 8  1   0.9116411038   0.0000000000  -0.7230615167   0.0000000000   0.7513671147
 8  2   0.0000000000   0.0000000000   0.0000000000   0.0000000000
 9  1   0.0000000000   0.0000000000   0.0000000000   0.0000000000   0.0000000000
 9  2   0.6735154429  -0.5568565381  -0.4012645906  -0.4287158588
$end
