$coord
   -0.20733907771563      0.35447389908203      0.28029222017988  o
   -0.91529860959836     -1.00275921094799     -0.71166272776704  h
    1.59808246691185      0.09757373637087      0.23083325799945  h
   -1.66750555944904      0.08980619101574      5.54435130317337  o
   -1.27144941323685      0.19909611804961      3.75059244817253  h
   -2.42390740165540      1.69577125058602      5.95019457093895  h
$user-defined bonds
$redundant
     number_of_atoms             6
     degrees_of_freedom         12
     internal_coordinates       12
     frozen_coordinates          0
# definitions of redundant internals
   1 k  1.0000000000000 stre   4    5           val=   1.84021
   2 k  1.0000000000000 stre   5    1           val=   3.63311
   3 k  1.0000000000000 linc   1    4    5    6 val=  -2.38682
   4 k  1.0000000000000 linp   1    4    5    6 val=  -4.03162
   5 k  0.7071067811865 tors   6    4    1    2 val= 177.55916
        0.7071067811865 tors   6    4    1    3
   6 k  1.0000000000000 stre   1    2           val=   1.82408
   7 k  1.0000000000000 stre   1    3           val=   1.82428
   8 k  1.0000000000000 bend   3    2    1      val= 105.34213
   9 k -0.6464259174151 bend   5    2    1      val=   7.13882
        0.7629767580301 bend   5    3    1
  10 k  0.7629767580301 bend   5    2    1      val= 110.16317
        0.6464259174151 bend   5    3    1
  11 k  1.0000000000000 stre   4    6           val=   1.82098
  12 k  1.0000000000000 bend   5    6    4      val= 104.73016
        12 non zero eigenvalues  of BmBt
           1           3.450626592    0    0
        -0.597447969         0.528691179        -0.067346876        -0.011350888
         0.048920457        -0.168371412        -0.414858122         0.264836375
         0.056832664        -0.146306765         0.212164711         0.127435946
           2           3.233831615    0    0
         0.112840648        -0.100480308        -0.070382729        -0.143234609
         0.255332934         0.692266167        -0.538769058        -0.070740898
         0.331015949         0.007237668         0.008577701        -0.047953829
           3           2.546509077    0    0
         0.099303065         0.105786653         0.263933590        -0.011740054
         0.030496488        -0.113926565        -0.216937930         0.144966010
         0.010903409        -0.082480943        -0.850377237         0.311607725
           4           2.291081665    0    0
         0.601028311         0.000274260        -0.155972872         0.038809661
        -0.041579150        -0.401810927        -0.423394418         0.353403921
        -0.007862116        -0.164337391         0.142944119        -0.313195697
           5           0.608185514    0    0
         0.030275730        -0.022200292         0.022816358        -0.252123765
         0.917492663        -0.250102908         0.163225261         0.000839883
        -0.038850200        -0.002067282         0.041803124         0.015968512
           6           0.262780353    0    0
        -0.086230099         0.371297877        -0.380749109        -0.018166570
         0.045012946         0.186299406         0.299483428         0.120135542
         0.060691674        -0.059020161        -0.389176096        -0.640250693
           7           0.205702063    0    0
        -0.154087039        -0.053644084        -0.188064230         0.009263047
        -0.014866577        -0.388019126        -0.358494407        -0.629120674
         0.067577365         0.421347325        -0.170733991        -0.227121671
           8           0.034013913    0    0
        -0.328650825        -0.620222217        -0.422158702         0.025667587
         0.000471397        -0.091639779        -0.005576862         0.482388105
         0.140656584         0.204471670        -0.141006696         0.076373814
           9           0.020741565    0    0
         0.019897400        -0.008475628        -0.011700704        -0.780568451
        -0.272495762        -0.185232192         0.139504764        -0.063757499
         0.472254540        -0.178855442         0.019209504         0.051323647
          10           0.003962211    0    0
         0.215409996         0.248376008        -0.151187392         0.446951329
         0.081299560        -0.103927083         0.215927578        -0.011577998
         0.702436700         0.169711799         0.058579520         0.281894619
          11           0.001758732    0    0
         0.238891645         0.331982967        -0.201742411        -0.322485733
        -0.069323210         0.124687269         0.017293891         0.214618986
        -0.276255067         0.692558097         0.045483342         0.251566530
          12           0.001037154    0    0
         0.123506121         0.036263382        -0.688295768        -0.004505040
         0.006600393         0.033361593        -0.005311696        -0.292853558
        -0.254392356        -0.425997765        -0.056835503         0.416283585
$end
