$dipgrad          cartesian dipole gradients
  -.48254649445506D+00  -.46095366389019D-01  0.29999756762451D-01
  -.65604877779833D-01  -.48310650718062D+00  0.17616656955609D+00
  0.36408858671166D-01  0.11506114923841D+00  -.75176163325177D+00
  0.31003547919234D+00  0.25892466774831D-02  0.15526729102137D-01
  -.29322509685937D-01  0.21710683146149D+00  -.93937831542354D-01
  0.10026163872794D-04  -.83844103399558D-01  0.29001685754245D+00
  0.19406558797532D+00  0.46525326101893D-01  0.11692411626713D-01
  0.84446161688328D-01  0.30425188165284D+00  -.39864630291755D-01
  0.20487356400825D-01  -.36675726442255D-01  0.32207503932441D+00
  -.65504337878933D+00  -.96509695579662D-01  0.40249531501324D-01
  -.91348990108041D-01  -.39869917360375D+00  -.88677950763664D-01
  0.51899598950550D-01  -.78820163810556D-01  -.70659776814870D+00
  0.34111868828303D+00  0.12530893081894D-01  -.11135595850079D+00
  0.11035284967449D-01  0.24452814559793D+00  0.58982932940853D-01
  -.10553010058210D+00  0.58193673533319D-01  0.55171852102692D+00
  0.29237011979300D+00  0.80959596107408D-01  0.13887529508084D-01
  0.90794930918038D-01  0.11591882407137D+00  -.12669089899180D-01
  -.32757396042261D-02  0.26085170880639D-01  0.29454898550570D+00
$end
