$energy      SCF               SCFKIN            SCFPOT
     1 -152.9107954919      152.3672100958     -305.2780055877
     2 -152.9133572719      152.3776475698     -305.2910048417
     3 -152.9151242611      152.3791803434     -305.2943046045
     4 -152.9163468918      152.3720027279     -305.2883496197
     5 -152.9174527325      152.3697803686     -305.2872331011
     6 -152.9184808983      152.3646950024     -305.2831759007
     7 -152.9193801878      152.3628646437     -305.2822448315
     8 -152.9200974863      152.3618450625     -305.2819425487
     9 -152.9205059507      152.3615903751     -305.2820963258
    10 -152.9205515142      152.3698616798     -305.2904131941
    11 -152.9206590315      152.3614054065     -305.2820644380
    12 -152.9207417610      152.3604150833     -305.2811568443
    13 -152.9208025668      152.3624211073     -305.2832236741
    14 -152.9209281133      152.3643796465     -305.2853077597
    15 -152.9210749700      152.3661293111     -305.2872042811
    16 -152.9210743012      152.3701961195     -305.2912704207
    17 -152.9213652753      152.3696115225     -305.2909767977
    18 -152.9215836201      152.3682566645     -305.2898402846
    19 -152.9218186721      152.3643160569     -305.2861347290
    20 -152.9218672751      152.3635250979     -305.2853923730
    21 -152.9218749021      152.3636546953     -305.2855295975
    22 -152.9218796790      152.3631072707     -305.2849869497
    23 -152.9218834373      152.3626608785     -305.2845443158
    24 -152.9218839743      152.3627364979     -305.2846204722
    25 -152.9218844181      152.3627085072     -305.2845929254
    26 -152.9218848580      152.3629938161     -305.2848786741
    27 -152.9218859184      152.3630099794     -305.2848958978
    28 -152.9218866302      152.3629930108     -305.2848796411
    29 -152.9218868475      152.3627117293     -305.2845985769
    30 -152.9218869180      152.3626020823     -305.2844890003
    31 -152.9218869472      152.3628287632     -305.2847157104
    32 -152.9218869958      152.3627723643     -305.2846593601
    33 -152.9218870225      152.3627163290     -305.2846033515
    34 -152.9218870973      152.3628315453     -305.2847186427
    35 -152.9218871606      152.3627998488     -305.2846870093
$end
