$grad          cartesian gradients
  cycle =      1    SCF energy =     -152.9107954919   |dE/dxyz| =  0.028002
    0.00000000000000      0.00000000000000      0.74247339761077      o
   -1.44325943673008      0.00000000000000     -0.37123669880538      h
    1.44325943673008      0.00000000000000     -0.37123669880538      h
   -2.03648226436554      0.00000000000000      5.33639762665577      o
   -0.20344791546647      0.00000000000000      5.33639762665577      h
   -2.64748741491146      1.43396198415628      4.37180581938562      h
  -.53169193378432D-02  -.21216595173120D-02  0.61129080603985D-02
  0.57637207874914D-03  0.17712284267407D-02  -.64061185185067D-03
  -.36908756392547D-03  -.40810875240241D-03  0.16968435995927D-02
  0.86080318384540D-02  0.13136245518243D-02  -.13973309720228D-01
  0.99207229660183D-02  -.60929727705988D-02  0.91698136656952D-02
  -.13415890512250D-01  0.55365821092293D-02  -.23545823066946D-02
  cycle =      2    SCF energy =     -152.9133572719   |dE/dxyz| =  0.015941
    0.02091406407196      0.00028087633653      0.69471298411769      o
   -1.42669857589050     -0.04147889080026     -0.41270416614039      h
    1.46563268292236      0.02150497836841     -0.42023389286871      h
   -2.08158122813884     -0.00077386668104      5.41628866809284      o
   -0.25659621300938      0.00689217596703      5.32525283530283      h
   -2.60908832469908      1.44753671096562      4.44128464419291      h
  -.50879302395306D-02  -.21667793158481D-02  0.45927023195718D-02
  0.24199546123360D-03  0.16396193726671D-02  -.64212675808237D-03
  0.87927791702058D-03  -.33558132072318D-03  0.82080422778160D-03
  0.39099441354281D-02  -.71468385953925D-03  -.10431875366166D-01
  0.45625104283892D-02  -.42180516792419D-03  0.52482557200698D-02
  -.45132079990180D-02  0.19969624678447D-02  0.44561111642216D-03
  cycle =      3    SCF energy =     -152.9151242611   |dE/dxyz| =  0.009888
    0.05832784324993     -0.00084318263209      0.62292370799747      o
   -1.39288617574078     -0.12088498023047     -0.47318879159653      h
    1.49602118940894      0.06649433892934     -0.49843310156725      h
   -2.13505048277278      0.02195415671978      5.53176026418314      o
   -0.32436620516838     -0.02332381888271      5.30585626875168      h
   -2.58946376372041      1.49056547025244      4.55568272492866      h
  -.39264335916690D-02  -.20749499220327D-02  0.22357775660117D-02
  0.30727438519301D-03  0.14330843640992D-02  -.63761973756161D-03
  0.90435375892682D-03  -.20769887906828D-03  0.57667920636477D-03
  -.36281035710210D-03  -.30993645950479D-02  -.56897995278917D-02
  0.11254667880130D-02  0.39443315891255D-02  0.21755171389729D-02
  0.19472948069728D-02  0.18111414841060D-05  0.13547482640954D-02
  cycle =      4    SCF energy =     -152.9163468918   |dE/dxyz| =  0.008261
    0.10418304474385     -0.00672609643593      0.54986190464990      o
   -1.34408543689321     -0.22118786531131     -0.53524739628630      h
    1.53261315290216      0.11645552141269     -0.57726431220241      h
   -2.16786678015832      0.05749190036924      5.63881758504215      o
   -0.39164380491672     -0.08203865256185      5.23935563970177      h
   -2.62061777042124      1.56996717668345      4.72907765179205      h
  -.29547880605856D-02  -.18395375431661D-02  0.52915023591771D-03
  0.30179282790648D-03  0.11713103513447D-02  -.69159420800586D-03
  0.73590732262241D-03  -.56248212577405D-04  0.56825053914050D-03
  -.17602560815301D-02  -.33884988670048D-02  -.28986023145050D-02
  0.94601796826136D-03  0.42293581366897D-02  0.18405301732056D-02
  0.27321016673637D-02  -.12151816847199D-03  0.63676220845002D-03
  cycle =      5    SCF energy =     -152.9174527325   |dE/dxyz| =  0.008111
    0.14171531767175     -0.00556340996239      0.52112343126247      o
   -1.29436045881618     -0.34929428349993     -0.54624372266362      h
    1.55123212919937      0.18992755484413     -0.61818321126366      h
   -2.18113402551933      0.09271906882338      5.70943455144566      o
   -0.48317495757077     -0.15517582743647      5.08553164150879      h
   -2.62169559970832      1.66134888138757      4.89293838240752      h
  -.22374052830650D-02  -.15839377867712D-02  -.42875976553887D-03
  0.45876434822913D-03  0.96140540520562D-03  -.71308785321325D-03
  0.36971953497157D-03  0.49376164432343D-04  0.50842216728687D-03
  -.24357522547258D-02  -.33968823955261D-02  -.77417645891360D-03
  0.26527663941519D-03  0.46572035141133D-02  0.17021713217727D-02
  0.35713156873532D-02  -.69532080124437D-03  -.29662398973114D-03
  cycle =      6    SCF energy =     -152.9184808983   |dE/dxyz| =  0.005675
    0.17217089488722     -0.00526917950092      0.50844135970887      o
   -1.24234264457937     -0.47237268564513     -0.54086393838933      h
    1.56251747353129      0.25605365172378     -0.64066162419485      h
   -2.17243367744896      0.11939621891496      5.74533716682868      o
   -0.58422379866481     -0.21364198057180      4.90722756303697      h
   -2.62310584246884      1.74979595923539      5.06512054570681      h
  -.15852563365309D-02  -.12515894338316D-02  -.93944379480485D-03
  0.33677670676512D-03  0.69968227915681D-03  -.63854028328096D-03
  0.26039362572270D-03  0.18770511491040D-03  0.36301739150652D-03
  -.15289077743159D-02  -.22892051646785D-02  -.57188652659766D-03
  0.61127853068723D-03  0.27980596219327D-02  0.24216145677619D-02
  0.18995932277071D-02  -.14078374393163D-03  -.63302520262618D-03
  cycle =      7    SCF energy =     -152.9193801878   |dE/dxyz| =  0.004070
    0.19111336076254     -0.00255862562498      0.52219552742431      o
   -1.19100724295845     -0.59526567578199     -0.50682981006896      h
    1.56126880914881      0.32101721092375     -0.63471799070890      h
   -2.14928081631087      0.13219493726682      5.74398778535836      o
   -0.70385997949933     -0.24378358334314      4.69239007605678      h
   -2.59565172588618      1.82235772071582      5.22757548463556      h
  -.82436493246275D-03  -.89183058673685D-03  -.12856946166271D-02
  0.12788805824282D-03  0.41729493349808D-03  -.34178903659006D-03
  0.15987446548837D-03  0.34533681217928D-03  0.21945841524491D-03
  -.49552902365498D-03  -.10925393856090D-02  -.96642331581764D-03
  0.22775475802339D-03  0.11953142635453D-02  0.28662389840211D-02
  0.79767764085936D-03  0.19188493389825D-04  -.47719127369948D-03
  cycle =      8    SCF energy =     -152.9200974863   |dE/dxyz| =  0.004042
    0.19977713854769     -0.00211296870272      0.54775068663412      o
   -1.13904524706260     -0.71265090040329     -0.46382007533651      h
    1.55849221800152      0.37049566692569     -0.60710989426339      h
   -2.11342696937318      0.13005926123330      5.70981034881836      o
   -0.83701419118394     -0.22359078858511      4.45063727966461      h
   -2.55620054367297      1.87176171368841      5.40733272717995      h
  0.98554352999722D-04  -.53083039646660D-03  -.15894548837306D-02
  -.25437566810625D-03  0.12074089973543D-03  0.28425956181939D-03
  0.13530663278581D-03  0.54832936744633D-03  0.16378608611969D-03
  0.66153485414755D-03  0.25342510815703D-03  -.18788433833362D-02
  -.30909455028492D-03  -.76979067743043D-03  0.28277171554366D-02
  -.33772492894596D-03  0.38122418862106D-03  0.20570714264344D-03
  cycle =      9    SCF energy =     -152.9205059507   |dE/dxyz| =  0.006323
    0.19699352902651     -0.00352858635891      0.56903529330147      o
   -1.10959639322592     -0.77000713847225     -0.44340645262922      h
    1.57816477648455      0.34473419212356     -0.56543753522339      h
   -2.03784208283337      0.12049179006391      5.66865373383044      o
   -0.94131106549992     -0.11826465184478      4.22361757492445      h
   -2.57382635869533      1.86053637864475      5.59213845849339      h
  0.10646617593508D-02  -.31370918843954D-03  -.12096130686322D-02
  -.34562010667099D-03  0.17023388183909D-03  0.76358474820964D-03
  -.24090209178648D-03  0.46485284059592D-03  -.22924477569922D-04
  0.17865989807579D-02  0.17782757815187D-02  -.31857394486578D-02
  -.58805297688881D-03  -.30109672378791D-02  0.19617668401709D-02
  -.16754426636290D-02  0.91029977728002D-03  0.16954156035278D-02
  cycle =     10    SCF energy =     -152.9205515142   |dE/dxyz| =  0.003521
    0.16717078529607      0.02236279119865      0.63028100851667      o
   -1.09545583680569     -0.82618582584840     -0.37312326559119      h
    1.56735044643739      0.35340214803419     -0.48539518378133      h
   -1.97992120336267      0.09643924827908      5.60381419791343      o
   -1.03652671081478     -0.05061048152894      4.03776551004476      h
   -2.51003507549380      1.83855410402170      5.63125880559480      h
  0.18649811246992D-02  -.74996211602532D-04  0.48826788755351D-03
  -.64014825911872D-03  0.15511246087454D-03  0.11297196406929D-02
  -.52426077971440D-03  0.40660183463755D-03  -.30374190305507D-03
  0.11199186776981D-02  0.18444062805693D-03  -.29589404476977D-03
  -.20439257284905D-02  -.52177788206359D-03  -.37540718446747D-03
  0.21813417866743D-03  -.14804009605633D-03  -.63118786176018D-03
  cycle =     11    SCF energy =     -152.9206590315   |dE/dxyz| =  0.001909
    0.17896513028251      0.01444842024229      0.57270692092330      o
   -1.11999974454451     -0.75128430128350     -0.45126727878206      h
    1.58960354539854      0.30320792071232     -0.54268129760809      h
   -1.99930815847155      0.11482615351725      5.68532813238313      o
   -0.93464556200927     -0.07744280737658      4.20445473328655      h
   -2.60203280539920      1.83020659834451      5.57605986249431      h
  0.12524762055075D-02  -.30857136071527D-03  -.37513944094324D-03
  -.36756861228142D-03  0.19753899921692D-03  0.32400823262416D-03
  -.36537146063224D-03  0.33625837775168D-03  -.36998856084203D-03
  -.13923808953189D-03  0.58969907825297D-03  0.28730430159020D-03
  -.27059078397046D-03  -.72411284917972D-03  0.28845612304838D-03
  -.11227896944368D-03  -.85175876225924D-04  -.15772725102630D-03
  cycle =     12    SCF energy =     -152.9207417610   |dE/dxyz| =  0.003180
    0.16541316257646      0.01413674250075      0.57420430027207      o
   -1.12367910065155     -0.73455146338910     -0.47490392898138      h
    1.61167097019909      0.24570951774920     -0.50821533013394      h
   -1.92721642150734      0.12302010105262      5.68112680872223      o
   -0.95259323412958     -0.00422864253146      4.13066110942985      h
   -2.66101297123056      1.78987572877427      5.64172811338831      h
  0.15795394083141D-02  -.26324222817238D-03  0.46229425041691D-03
  -.27645590151116D-03  0.29118396250568D-03  0.10155763050362D-03
  -.67480447785411D-03  0.15211890672333D-03  -.64314304230676D-03
  0.23850166157749D-03  0.12518505627706D-02  -.29877934615482D-03
  0.68197784325265D-04  -.16639011612277D-02  -.43695603718658D-03
  -.93216763929207D-03  0.23893184898533D-03  0.81501634353368D-03
  cycle =     13    SCF energy =     -152.9208025668   |dE/dxyz| =  0.002625
    0.14396375864708      0.02626367654367      0.58075896781047      o
   -1.12771361691691     -0.73068204389323     -0.48377751592214      h
    1.62056100185080      0.21766375343519     -0.46844566920774      h
   -1.88306458339065      0.12509670459377      5.67586774122374      o
   -0.96464161938199      0.03119670899284      4.08835334987547      h
   -2.67652253555180      1.76442318448403      5.65184419891734      h
  0.15881831859059D-02  -.36339642961613D-03  0.92190501775731D-03
  -.41311158724408D-03  0.30572403426458D-03  0.10156791856515D-03
  -.54320612158314D-03  0.18662202027134D-03  -.75270253555983D-03
  0.31895329132073D-03  0.67362139374057D-03  0.21536823858535D-03
  -.45200565070999D-03  -.82229889716062D-03  -.67396803224904D-03
  -.49401588141823D-03  0.19765348681424D-04  0.19115393382233D-03
  cycle =     14    SCF energy =     -152.9209281133   |dE/dxyz| =  0.002450
    0.09745979976188      0.05825291413620      0.56211538697183      o
   -1.13573269606669     -0.71197243409680     -0.53720428932466      h
    1.64332643649798      0.14313112458230     -0.39820611414428      h
   -1.80501254188082      0.14079787360177      5.69003559565786      o
   -0.95558620089316      0.09564225273898      4.06228879293522      h
   -2.73187239216266      1.70811025319381      5.66557170060117      h
  0.12361353936961D-02  -.82028426592395D-03  0.84693123808271D-03
  -.59543889696980D-03  0.42321769160800D-03  0.12748301663226D-03
  -.15413165112065D-03  0.33609218454690D-03  -.64965583136004D-03
  0.35847207156829D-03  -.44970185194265D-04  0.62060071576584D-03
  -.86991238766131D-03  0.38773183590241D-03  -.35249559842677D-03
  0.19048841593932D-04  -.28775993384621D-03  -.58941653202004D-03
  cycle =     15    SCF energy =     -152.9210749700   |dE/dxyz| =  0.002679
    0.04317436175290      0.10244430878646      0.53255791716603      o
   -1.12910967764851     -0.71437848704568     -0.59836397060182      h
    1.66022589902203      0.07400153300935     -0.30581762103735      h
   -1.72757646749331      0.16135359047922      5.69290971753493      o
   -0.96636832628701      0.15485401878821      4.02087167183406      h
   -2.76776338408957      1.65568702013869      5.70244335780130      h
  0.10339270690478D-02  -.13203666029607D-02  0.54144650777088D-03
  -.62563711571698D-03  0.62377721041398D-03  0.24355345805390D-03
  -.58553107135258D-04  0.48140053740417D-03  -.38044009706692D-03
  0.42402514862623D-03  -.20695156000431D-03  0.55384493450375D-03
  -.91452936516528D-03  0.82366118828440D-03  -.19033013788491D-03
  0.14057456658355D-03  -.40434482373293D-03  -.76860445853022D-03
  cycle =     16    SCF energy =     -152.9210743012   |dE/dxyz| =  0.003625
    0.00795769736686      0.12389414455594      0.52192354489751      o
   -1.13880601666434     -0.67875406933396     -0.64366967463450      h
    1.66280092763162     -0.00071734900184     -0.22932081128756      h
   -1.64162558402753      0.19946851046392      5.70103726134609      o
   -0.95216614925257      0.20803432499605      3.99854919436883      h
   -2.82557846979752      1.58203642247615      5.69608155800679      h
  0.62936333209512D-03  -.16577208783021D-02  0.65164148225753D-03
  -.35736489461818D-03  0.87035599701345D-03  0.30758081248873D-03
  -.12017570445366D-03  0.44760316686930D-03  -.30854280785687D-03
  0.67468569669497D-03  -.53115559166378D-03  0.53858433521702D-03
  -.13931850504173D-02  0.15537074634739D-02  0.24555876909872D-03
  0.56698684002313D-03  -.68051605028408D-03  -.14325068609714D-02
  cycle =     17    SCF energy =     -152.9213652753   |dE/dxyz| =  0.002729
   -0.06242202331233      0.20321760586376      0.46465881870266      o
   -1.09712274973697     -0.72634193048295     -0.71142888347436      h
    1.65621672512440     -0.04837349016615     -0.08424249648913      h
   -1.57657626104636      0.21425811925047      5.67932240516197      o
   -1.00347970921641      0.23529399635276      3.93215842869098      h
   -2.80403357655581      1.55590768333837      5.76413280010503      h
  0.41757117517290D-03  -.14906022258472D-02  0.98123094932319D-03
  0.24495150712939D-03  0.89609090467401D-03  0.82750604286778D-04
  -.63781534356904D-03  0.26083174683187D-03  -.44229377842422D-03
  0.40060060184434D-03  -.73612388742980D-04  0.41089632796683D-03
  -.60446996972426D-03  0.91195718838266D-03  -.19649434883901D-03
  0.17961630447699D-03  -.50452375121325D-03  -.82985927936860D-03
  cycle =     18    SCF energy =     -152.9215836201   |dE/dxyz| =  0.002266
   -0.09155870597067      0.23975089957728      0.43738047547737      o
   -1.04554336452889     -0.81987778878578     -0.69669307621235      h
    1.65298503072148      0.02660648389664     -0.04219254163360      h
   -1.63918601355539      0.15524337959353      5.63815388668617      o
   -1.08802268238282      0.19235335103948      3.88334277157446      h
   -2.67609185902720      1.63988565883511      5.82460955680509      h
  0.61013929066577D-03  -.12202374237866D-02  0.93820316930276D-03
  0.26249970200418D-03  0.77872369030262D-03  0.15414752579294D-03
  -.69970584177779D-03  0.24643525034093D-03  -.50876529324562D-03
  0.27330117861177D-03  0.29567739353211D-03  0.18268167384809D-03
  -.45163702169892D-03  0.24039429917318D-03  -.47624709044389D-03
  0.84132885896247D-06  -.33927096627881D-03  -.29115600036059D-03
  cycle =     19    SCF energy =     -152.9218186721   |dE/dxyz| =  0.001725
   -0.16216982817552      0.30821728444569      0.34949795024383      o
   -0.96968730288111     -0.92191462263460     -0.72685795159904      h
    1.62561136148010      0.06269921810327      0.09138409672656      h
   -1.67705169201110      0.11177989378980      5.60145026974581      o
   -1.15858606793166      0.18752853715128      3.83688235917153      h
   -2.54553406522420      1.68565167330083      5.89224434840845      h
  -.16508672680227D-03  -.11742731954404D-03  0.70294906750342D-03
  0.80754592376189D-03  0.30598416558243D-03  -.23594488999773D-03
  -.72791390482449D-03  -.28122704485373D-03  -.50107694129095D-03
  -.25548324040532D-03  0.14050221576600D-03  0.59136755247898D-03
  0.36001736159261D-03  0.11638605261887D-04  -.44272895553349D-03
  -.14677837192498D-04  -.61838000149923D-04  -.11411639571822D-03
  cycle =     20    SCF energy =     -152.9218672751   |dE/dxyz| =  0.001046
   -0.20428636357026      0.33135928221829      0.31493249354866      o
   -0.91596237220204     -0.99401451307112     -0.71676310579781      h
    1.60294087001206      0.11954515422176      0.18562230245669      h
   -1.71323469311469      0.08021857837792      5.55058636095343      o
   -1.24396264957580      0.18019551661668      3.77392836299561      h
   -2.41291238629276      1.71665796579274      5.93629465854055      h
  -.45404465484031D-03  0.19977139333170D-03  0.58511071995822D-03
  0.35536908193109D-03  -.34245961349203D-04  -.26583198405243D-03
  -.73918403929958D-04  -.14820691585523D-03  -.18901746336080D-03
  -.19025346593711D-03  0.17512238067173D-03  -.84941878663108D-04
  0.30414924739738D-03  -.25465411400972D-03  -.70054825806115D-04
  0.52607450099714D-04  0.62595091203012D-04  0.20799633027164D-04
  cycle =     21    SCF energy =     -152.9218749021   |dE/dxyz| =  0.000943
   -0.22345588878610      0.33995271062044      0.29648882347667      o
   -0.90131835192156     -1.00580549162015     -0.73166599271487      h
    1.58651529896300      0.11480009685472      0.24904311314692      h
   -1.68006484054749      0.08494809014543      5.53742556980028      o
   -1.27087115379878      0.19266581372480      3.74629608600118      h
   -2.39822265865255      1.70740076443103      5.94701347298696      h
  -.51044871796438D-03  0.17528172889392D-03  0.44124645902517D-03
  0.23328694698003D-03  -.33772636874465D-04  -.22006815994618D-03
  0.49452420893458D-04  -.10390776400122D-03  -.47835982388160D-05
  -.13867425122590D-03  0.23036305021607D-03  -.18410050423583D-03
  0.29578049324530D-03  -.28949842002256D-03  -.54215681652758D-04
  0.65200509726125D-04  0.22595503288848D-04  0.19327012348050D-04
  cycle =     22    SCF energy =     -152.9218796790   |dE/dxyz| =  0.000719
   -0.22205967585622      0.33972967171789      0.28967167018893      o
   -0.89773156007005     -1.00975888114866     -0.73480236935077      h
    1.58821284751358      0.11566517021807      0.25042019553580      h
   -1.67789646519657      0.08609347104927      5.53862987340329      o
   -1.28316002893128      0.19522615232087      3.74435128068228      h
   -2.39478271220294      1.70700639999884      5.95633042223760      h
  -.32654682666070D-03  0.13160358533624D-04  0.24337521232395D-03
  0.75036306211291D-04  0.20935751701834D-04  -.15687761515222D-03
  0.11266483433081D-03  0.17973146145058D-04  0.48980488982932D-04
  -.11625631650493D-03  0.30132125278688D-03  -.11420133093495D-03
  0.19516894381769D-03  -.35849903464824D-03  -.10532940635938D-03
  0.54731833007656D-04  0.63997862898826D-05  0.82180234365879D-04
  cycle =     23    SCF energy =     -152.9218834373   |dE/dxyz| =  0.000521
   -0.21833285838138      0.34096639331374      0.27968116838502      o
   -0.89616561813444     -1.00942078506681     -0.74183108288993      h
    1.59072648846617      0.10843537429832      0.24932543152194      h
   -1.66668196683826      0.09133892539026      5.54561471555348      o
   -1.29300923690308      0.19990616818713      3.74682193361516      h
   -2.40395440295249      1.70273590803365      5.96498890651146      h
  -.38397848977256D-04  -.68957775146429D-04  0.39393730215931D-04
  0.49447361624554D-04  0.89712252753963D-04  -.73058684055489D-04
  -.26085270851855D-04  0.51919260423712D-04  0.22987471878097D-04
  -.47086498170289D-04  0.26663277094999D-03  0.94078777325689D-04
  0.26600119141963D-04  -.36114443779466D-03  -.15644672895958D-03
  0.30007131189740D-04  0.23122660708173D-04  0.71041809821120D-04
  cycle =     24    SCF energy =     -152.9218839743   |dE/dxyz| =  0.000454
   -0.21740212633863      0.34252325206847      0.27783345875350      o
   -0.89594052973736     -1.01013646949615     -0.74033394968149      h
    1.59137929845644      0.10761220945437      0.24817302194907      h
   -1.66622355616233      0.09120076063259      5.54606974670511      o
   -1.29517974281889      0.20051022443188      3.74694704106345      h
   -2.40405093814269      1.70225200706513      5.96591175390750      h
  -.30008622463851D-04  0.37130132214789D-04  0.62661845179940D-04
  0.69946954471206D-04  0.39396351339851D-04  -.75004502481140D-04
  -.30309869058331D-04  0.57943837986948D-05  -.13130733264453D-04
  -.52072684871261D-06  0.23518555624563D-03  0.72475484776285D-04
  -.52148898836307D-04  -.33807490980183D-03  -.77927288051002D-04
  0.37426812074782D-04  0.21707245637039D-04  0.29027349885498D-04
  cycle =     25    SCF energy =     -152.9218844181   |dE/dxyz| =  0.000431
   -0.21382203884221      0.34358014109389      0.28039279088696      o
   -0.89992261230549     -1.00792535241282     -0.73442402769885      h
    1.59454075637794      0.10702602443776      0.23693750063159      h
   -1.67149150596240      0.08979993188291      5.54816692517910      o
   -1.28884375963263      0.19833994616068      3.75168300741090      h
   -2.40787843437867      1.70314129299387      5.96184487628744      h
  -.70559366737408D-04  0.10748111979852D-03  0.12083601732536D-03
  0.11890123559700D-03  0.18502161413721D-04  -.90914553143918D-04
  -.28168057749297D-04  -.37800180880870D-04  -.73957054358880D-04
  0.23397733574646D-04  0.14319992399424D-03  0.50249274265079D-04
  -.90214989074945D-04  -.28820809911339D-03  0.40680547873624D-04
  0.40735265013509D-04  0.57549749008045D-04  -.49246126307175D-04
  cycle =     26    SCF energy =     -152.9218848580   |dE/dxyz| =  0.000484
   -0.21363210532268      0.34553609156468      0.27993772546706      o
   -0.90087112784830     -1.00821829185448     -0.73125585965842      h
    1.59450913467262      0.10642683077608      0.23731055535687      h
   -1.67149343529081      0.08921278313792      5.54708987237052      o
   -1.28802281417073      0.19844035443123      3.75093308629395      h
   -2.40790724678355      1.70256421610087      5.96058569286715      h
  -.11054343573630D-03  0.18982588603715D-03  0.12901911262666D-03
  0.12870420718919D-03  -.20065313165778D-04  -.89519722052443D-04
  0.34220015242915D-06  -.72272502427221D-04  -.75782724426607D-04
  0.42579085523214D-04  0.13434919390085D-03  0.94944555320367D-05
  -.11468544197147D-03  -.28339841199697D-03  0.97737252372535D-04
  0.47548732751988D-04  0.52065184314649D-04  -.73262831380283D-04
  cycle =     27    SCF energy =     -152.9218859184   |dE/dxyz| =  0.000682
   -0.21177024138518      0.34963004404661      0.28073102752177      o
   -0.90581905698287     -1.00667776645093     -0.72263464393561      h
    1.59550446568731      0.10337510361051      0.23574971912905      h
   -1.66974378939347      0.08902224259078      5.54495311825240      o
   -1.28318657371428      0.19866369794661      3.74960734324975      h
   -2.41240239895496      1.69994866241273      5.95619450847978      h
  -.16483712503126D-03  0.29997791990371D-03  0.20194802641354D-03
  0.10874935259754D-03  -.78090190296881D-04  -.10705631721773D-03
  0.69858790101955D-04  -.98728103258046D-04  -.85180566067803D-04
  0.48011683439134D-04  0.24807440976328D-03  -.95838222156401D-04
  -.13965023662208D-03  -.35046741596193D-03  0.16651796573567D-03
  0.71260776693626D-04  -.20810685507162D-04  -.82839448764486D-04
  cycle =     28    SCF energy =     -152.9218866302   |dE/dxyz| =  0.000711
   -0.20983332598647      0.35422573596564      0.27921815373604      o
   -0.91024853126545     -1.00605624146779     -0.71436883679471      h
    1.59645852705094      0.10057975210948      0.23468389763068      h
   -1.66904716975801      0.08851574383234      5.54328645191115      o
   -1.27857163421378      0.19895564571994      3.74876527181681      h
   -2.41617546057067      1.69774134799671      5.95301613439716      h
  -.13858229509187D-03  0.32993474534005D-03  0.14745730394037D-03
  0.68011534959633D-04  -.88398517416857D-04  -.76927742579422D-04
  0.82185647832949D-04  -.89313436490893D-04  -.55838105475158D-04
  0.36449487441236D-04  0.29875192299152D-03  -.88024487496559D-04
  -.12085857622602D-03  -.42284250913461D-03  0.13435106494139D-03
  0.65540992539867D-04  -.28758267993517D-04  -.63357366807054D-04
  cycle =     29    SCF energy =     -152.9218868475   |dE/dxyz| =  0.000656
   -0.20862994545776      0.35748690526725      0.27635733141617      o
   -0.91382680467618     -1.00530263880559     -0.70998290588849      h
    1.59660865533332      0.09738149248759      0.23693091098188      h
   -1.66582628839812      0.08930306901372      5.54224255979649      o
   -1.27499614470327      0.20000299026675      3.74739487883038      h
   -2.42074706684143      1.69509016592658      5.95165829756070      h
  0.26305850757898D-04  0.16640477428652D-03  -.42263608374479D-04
  -.88672854158534D-05  0.73102241080582D-05  0.13466697579109D-04
  -.10717557991358D-04  0.31726932665298D-05  0.31079161941603D-04
  0.15091460219611D-05  0.33397539119272D-03  0.30334226866082D-04
  -.33846175025842D-04  -.52901775997568D-03  -.64399615871111D-04
  0.17807219058326D-04  0.17101220826399D-04  0.29623633256968D-04
  cycle =     30    SCF energy =     -152.9218869180   |dE/dxyz| =  0.000625
   -0.20872707242236      0.35631091209363      0.27752260091082      o
   -0.91320540424713     -1.00524803374549     -0.71106639546673      h
    1.59678394869011      0.09833484897421      0.23567896874560      h
   -1.66696545602714      0.08910936181297      5.54262698795351      o
   -1.27544710587556      0.19957595096798      3.74797498986215      h
   -2.41985650486136      1.69587894405300      5.95186392069178      h
  0.52522867267126D-05  0.16236938113456D-03  0.41860668208617D-06
  0.59486788299792D-05  0.53377737598431D-05  -.50155949335973D-05
  -.34917160732320D-05  0.15788516610640D-05  0.10376224480713D-04
  0.13549709191260D-06  0.31983838274131D-03  0.11775625312134D-04
  -.45917481974414D-04  -.50659790536679D-03  -.34534404560887D-04
  0.30409601354162D-04  0.16547433900218D-04  0.14741058100404D-04
  cycle =     31    SCF energy =     -152.9218869472   |dE/dxyz| =  0.000628
   -0.20835615722219      0.35602769431526      0.27823118223305      o
   -0.91425632884226     -1.00377613426017     -0.71177147118064      h
    1.59695968537354      0.09687857820960      0.23497004112392      h
   -1.66522012503620      0.09003133003944      5.54351528497295      o
   -1.27369149409274      0.19974506475627      3.74883466828048      h
   -2.42285317492360      1.69505545109590      5.95082136726738      h
  -.14718917053715D-05  0.18514510607881D-03  0.66941048161616D-05
  0.55495865985904D-05  -.55275905900189D-05  -.95956712750146D-05
  0.17601173479117D-05  -.12193968104934D-04  0.11407289311703D-04
  0.11368070464278D-04  0.32411557395832D-03  0.86344301950693D-05
  -.48137852731391D-04  -.50078824401442D-03  -.29286076155911D-04
  0.23284103947033D-04  0.82237074281390D-05  0.97771944179035D-05
  cycle =     32    SCF energy =     -152.9218869958   |dE/dxyz| =  0.000622
   -0.20789117893178      0.35561936179273      0.27909041781221      o
   -0.91489762529411     -1.00318697957131     -0.71148121765166      h
    1.59741124221135      0.09686934413783      0.23332417319304      h
   -1.66579371555100      0.09003295757647      5.54387059185910      o
   -1.27256588459612      0.19946250660566      3.74954416277218      h
   -2.42368043258178      1.69516479361492      5.95025294471228      h
  0.73627452625751D-05  0.16872776813772D-03  0.16063831714919D-04
  -.19772905723955D-05  0.14902150966066D-05  -.11088764721276D-04
  -.24954989597108D-06  -.47977952053184D-05  0.50404031034057D-05
  0.46213828650167D-05  0.32520281593829D-03  0.96313725661314D-05
  -.40620372101187D-04  -.49944946038674D-03  -.29497631590905D-04
  0.23224178508818D-04  0.77957813735674D-05  0.74222801121676D-05
  cycle =     33    SCF energy =     -152.9218870225   |dE/dxyz| =  0.000615
   -0.20826713361427      0.35539408813703      0.27880465207209      o
   -0.91408141865729     -1.00410656748691     -0.71161594669620      h
    1.59722804621321      0.09797245148459      0.23403561339120      h
   -1.66682894932839      0.08954473173123      5.54331284933397      o
   -1.27380696145373      0.19940422792168      3.74892947899716      h
   -2.42166117790296      1.69575305236867      5.95113442559893      h
  0.13197971803652D-04  0.13648625649300D-03  -.16711452821692D-04
  -.38262446409693D-05  0.12949911175870D-04  0.42173043738994D-06
  -.40805469621619D-05  0.14875155297890D-04  0.25101749580799D-04
  -.46429935163688D-05  0.31856324169973D-03  0.13877725392325D-04
  -.38677628411939D-04  -.50093102258185D-03  -.50086802534802D-04
  0.30412571404201D-04  0.17127957531948D-04  0.25032069164430D-04
  cycle =     34    SCF energy =     -152.9218870973   |dE/dxyz| =  0.000625
   -0.20774986112481      0.35469795737823      0.27979667931333      o
   -0.91484198827764     -1.00312019613211     -0.71199245345306      h
    1.59770396448992      0.09758493203057      0.23223173475106      h
   -1.66689047208821      0.08988080516993      5.54405766637329      o
   -1.27231323344250      0.19924816297562      3.74998127996305      h
   -2.42332600430019      1.69567032273404      5.95052616574947      h
  0.16458933944696D-04  0.13176470363677D-03  -.68155392806199D-06
  -.14098646728081D-04  0.14459495084262D-04  -.81656846000418D-05
  0.86585625346507D-06  0.14677847532193D-04  0.19943214286288D-04
  -.33652048425686D-05  0.33750768120591D-03  0.13654040347334D-04
  -.29813737252607D-04  -.50279183728098D-03  -.50810453615748D-04
  0.22373705366180D-04  0.34426750592984D-05  0.23590745821245D-04
$end
