$hessapprox internal
  0.373547504619D+00  0.348811433241D-01  0.487706015778D+00 -0.141267320124D+00
 -0.223347194024D-01  0.905858557147D+00  0.111250108393D-02  0.262143947042D-01
 -0.140995073688D+00  0.523931423986D+00 -0.538698993433D-01 -0.175440636831D+00
  0.160874224594D+00 -0.472080268205D-01  0.140768658664D+00 -0.133327399915D-01
  0.370166719203D-01 -0.463695935614D+00  0.104206155550D+00 -0.273136855083D+00
  0.113157705710D+01  0.192719726352D+00 -0.141630223319D-01 -0.197504284492D+00
  0.227889851573D+00 -0.129428585927D+00  0.411423776521D+00  0.580459194406D+00
  0.216199282458D+00 -0.251594259474D-03 -0.494693878611D+00  0.139967117765D+00
 -0.243697809825D+00  0.870006251984D+00  0.450869068225D+00  0.902319369084D+00
 -0.902036532582D-01 -0.162514291076D+00  0.375045634221D+00 -0.151854240918D+00
  0.216643888390D+00 -0.564727842779D+00 -0.287587437427D+00 -0.530619396055D+00
  0.415746280660D+00 -0.303635103755D-01 -0.476686328124D-01 -0.497151662230D+00
  0.233854103660D+00 -0.158799167327D+00  0.623963012810D+00  0.300186488903D+00
  0.586521725738D+00 -0.398579388145D+00  0.626357088193D+00 -0.890140013137D-01
  0.624209591307D-01 -0.574944852633D-02  0.472613509273D-01 -0.779984231981D-02
 -0.399911412546D-01 -0.109368189323D+00 -0.556664170102D-01 -0.336181964475D-02
  0.430520650818D-01  0.821948182186D-01  0.119154067619D+00  0.135654758741D+00
 -0.966251297482D+00  0.428054637903D+00 -0.446264649974D+00  0.137575092706D+01
  0.795027599723D+00  0.132901414756D+01 -0.945324955804D+00  0.118356774643D+01
  0.177592286101D-01  0.254564060821D+01
$end
