$hessian (projected)
 1  1   0.6141713022   0.0630119918   0.0824268151  -0.1129949724  -0.1552221337
 1  2  -0.1128696343  -0.4973207340   0.0937735104   0.0283503815   0.0026086094
 1  3   0.0012354896   0.0042416039  -0.0060846930  -0.0023630164  -0.0021819405
 1  4  -0.0003795124  -0.0004358417   0.0000327743
 2  1   0.0630119918   0.3311476603   0.2313094102  -0.1066180528  -0.2888305009
 2  2  -0.2061666833   0.0442118804  -0.0402403643  -0.0245471466   0.0005945059
 2  3   0.0037951687  -0.0009970964  -0.0007476668  -0.0057306465  -0.0005758754
 2  4  -0.0004526585  -0.0001413172   0.0009773915
 3  1   0.0824268151   0.2313094102   0.1851347239  -0.0798793448  -0.2117126309
 3  2  -0.1551740289  -0.0033293255  -0.0216934326  -0.0195035231   0.0052623396
 3  3  -0.0022905291  -0.0097522799  -0.0044142368   0.0035890180   0.0008339162
 3  4  -0.0000662475   0.0007981644  -0.0015388082
 4  1  -0.1129949724  -0.1066180528  -0.0798793448   0.1315402252   0.1448007805
 4  2   0.1086425458  -0.0195383467  -0.0388259494  -0.0282401879  -0.0012503190
 4  3  -0.0005305385   0.0011669972   0.0020117323   0.0010890566  -0.0016872688
 4  4   0.0002316806   0.0000847036  -0.0000027416
 5  1  -0.1552221337  -0.2888305009  -0.2117126309   0.1448007805   0.2867788246
 5  2   0.2094385186   0.0101887120   0.0020141585   0.0024135571  -0.0003105455
 5  3  -0.0002290279   0.0008365090   0.0006391578   0.0003089523  -0.0009769551
 5  4  -0.0000959712  -0.0000424064   0.0000010013
 6  1  -0.1128696343  -0.2061666833  -0.1551740289   0.1086425458   0.2094385186
 6  2   0.1566747892   0.0053838638  -0.0012217051  -0.0003440496   0.0010474618
 6  3   0.0015494293  -0.0004173724  -0.0021165077  -0.0035914323  -0.0009292199
 6  4  -0.0000877295  -0.0000081272   0.0001898817
 7  1  -0.4973207340   0.0442118804  -0.0033293255  -0.0195383467   0.0101887120
 7  2   0.0053838638   0.5179543762  -0.0547503343  -0.0027126765   0.0005156897
 7  3  -0.0003545568  -0.0008677620  -0.0016752147   0.0006677259   0.0016080754
 7  4   0.0000642294   0.0000365728  -0.0000821752
 8  1   0.0937735104  -0.0402403643  -0.0216934326  -0.0388259494   0.0020141585
 8  2  -0.0012217051  -0.0547503343   0.0380545138   0.0224294774  -0.0001262810
 8  3  -0.0005701717  -0.0002660904  -0.0003509379   0.0006577997   0.0007328647
 8  4   0.0002799921   0.0000840640   0.0000188859
 9  1   0.0283503815  -0.0245471466  -0.0195035231  -0.0282401879   0.0024135571
 9  2  -0.0003440496  -0.0027126765   0.0224294774   0.0190146546  -0.0018261349
 9  3   0.0002153655  -0.0016934527   0.0043243520  -0.0005449678   0.0023309875
 9  4   0.0001042658   0.0000337144   0.0001953833
10  1   0.0026086094   0.0005945059   0.0052623396  -0.0012503190  -0.0003105455
10  2   0.0010474618   0.0005156897  -0.0001262810  -0.0018261349   0.1197795208
10  3  -0.1930942128  -0.1484503451  -0.0324887702   0.0008935561   0.1039763635
10  4  -0.0891647308   0.1920429773   0.0399903151
11  1   0.0012354896   0.0037951687  -0.0022905291  -0.0005305385  -0.0002290279
11  2   0.0015494293  -0.0003545568  -0.0005701717   0.0002153655  -0.1930942128
11  3   0.4442960835   0.0534572782   0.0134015303  -0.0446470933   0.0077081394
11  4   0.1793422883  -0.4026449593  -0.0606396833
12  1   0.0042416039  -0.0009970964  -0.0097522799   0.0011669972   0.0008365090
12  2  -0.0004173724  -0.0008677620  -0.0002660904  -0.0016934527  -0.1484503451
12  3   0.0534572782   0.5185554204   0.0826087892   0.0597845388  -0.4438328196
12  4   0.0613007168  -0.1128151390  -0.0628594959
13  1  -0.0060846930  -0.0007476668  -0.0044142368   0.0020117323   0.0006391578
13  2  -0.0021165077  -0.0016752147  -0.0003509379   0.0043243520  -0.0324887702
13  3   0.0134015303   0.0826087892   0.0425652989  -0.0122807662  -0.1012296980
13  4  -0.0043283532  -0.0006613173   0.0208273012
14  1  -0.0023630164  -0.0057306465   0.0035890180   0.0010890566   0.0003089523
14  2  -0.0035914323   0.0006677259   0.0006577997  -0.0005449678   0.0008935561
14  3  -0.0446470933   0.0597845388  -0.0122807662   0.0516032310  -0.0143973972
14  4   0.0119934439  -0.0021922432  -0.0448397594
15  1  -0.0021819405  -0.0005758754   0.0008339162  -0.0016872688  -0.0009769551
15  2  -0.0009292199   0.0016080754   0.0007328647   0.0023309875   0.1039763635
15  3   0.0077081394  -0.4438328196  -0.1012296980  -0.0143973972   0.4518825649
15  4  -0.0004855316   0.0075092234  -0.0102854291
16  1  -0.0003795124  -0.0004526585  -0.0000662475   0.0002316806  -0.0000959712
16  2  -0.0000877295   0.0000642294   0.0002799921   0.0001042658  -0.0891647308
16  3   0.1793422883   0.0613007168  -0.0043283532   0.0119934439  -0.0004855316
16  4   0.0935766864  -0.1910670946  -0.0607654739
17  1  -0.0004358417  -0.0001413172   0.0007981644   0.0000847036  -0.0000424064
17  2  -0.0000081272   0.0000365728   0.0000840640   0.0000337144   0.1920429773
17  3  -0.4026449593  -0.1128151390  -0.0006613173  -0.0021922432   0.0075092234
17  4  -0.1910670946   0.4049368621   0.1044821640
18  1   0.0000327743   0.0009773915  -0.0015388082  -0.0000027416   0.0000010013
18  2   0.0001898817  -0.0000821752   0.0000188859   0.0001953833   0.0399903151
18  3  -0.0606396833  -0.0628594959   0.0208273012  -0.0448397594  -0.0102854291
18  4  -0.0607654739   0.1044821640   0.0742984681
$end
