$vibrational normal modes
 1  1   0.0167422818   0.2179612773   0.1396928857  -0.1627787134   0.4419049725
 1  2   0.0043390885   0.0360479035  -0.0153790827   0.0205717715   0.0685623546
 1  3   0.0084853087   0.0350310629   0.0344997983   0.0075765004  -0.0016789779
 1  4   0.0246310307  -0.0006826954   0.0610042586
 2  1   0.0453370483  -0.1940985554   0.0685597572   0.4123407226   0.2157545151
 2  2  -0.1109107350   0.0120593012  -0.0019469707  -0.0303658648   0.0358590012
 2  3  -0.0606444487   0.0133939723  -0.0501131589  -0.0081124795   0.0026960142
 2  4  -0.0355278576   0.0009682570   0.0269240035
 3  1   0.0849949520   0.2170815998   0.1602043754  -0.0017687588  -0.0958442605
 3  2  -0.1373474637   0.0045642006   0.0190551955  -0.0455536400  -0.2874744196
 3  3   0.0414097079   0.0124411197  -0.0340100882  -0.0104414321   0.0014696539
 3  4  -0.0232004278   0.0007335885   0.0230316765
 4  1   0.4112058589   0.0115511880   0.4559747487  -0.1104821125   0.2689769575
 4  2   0.4113362717  -0.4166117219  -0.0106545188   0.0579477052   0.0931615088
 4  3   0.0421899105  -0.1567684048  -0.6284589307  -0.1531092706  -0.0181367559
 4  4   0.3128431836  -0.0094161077  -0.2747300852
 5  1  -0.1775048332  -0.0100309016  -0.1984743612   0.4434308484   0.4448593156
 5  2  -0.4271838108   0.0581591271   0.2837459732   0.3621863346  -0.2699336798
 5  3   0.2166109332  -0.0549064372   0.2398467794   0.0470110559  -0.0351784854
 5  4   0.5036791432  -0.0138711516  -0.5267493063
 6  1   0.1083671127   0.1125478967   0.2998405428  -0.0816316853  -0.2858958196
 6  2   0.0049158068   0.2638009464  -0.3741488635  -0.6062947043   0.1113631362
 6  3  -0.3561233419   0.2407296237   0.1304396841   0.0458820536  -0.0271455103
 6  4   0.3741754828  -0.0098691466  -0.3863942953
 7  1   0.0884717886   0.1636972189   0.1985062406  -0.1565390133   0.3999942223
 7  2   0.0778169854  -0.0119504289  -0.0536867268   0.0436175520   0.0369031685
 7  3   0.0375473856   0.0236375022   0.0840597549   0.0198922216   0.0469013952
 7  4  -0.7049295058   0.0192261764  -0.6946724454
 8  1   0.5406548812  -0.6126630509   0.4739514625   0.4492230010  -0.0966368256
 8  2   0.3906771070  -0.2280865333  -0.3710284722   0.2035748899  -0.3008787526
 8  3   0.2400407126   0.0084242055   0.5531486783   0.1209944848  -0.0065346154
 8  4   0.0618262606  -0.0012612663   0.0989241384
 9  1   0.1305835573   0.4103688511   0.2014042486   0.0344274260  -0.0031044496
 9  2  -0.0605043672  -0.4799975584   0.5067431820  -0.3687900024   0.2573571086
 9  3  -0.3429649612  -0.3099435814   0.3982745515   0.1107069757  -0.0026870425
 9  4  -0.0047815415   0.0008856084   0.0205643699
10  1  -0.0221715662  -0.4218736633   0.1598093150  -0.2969735936   0.0459873500
10  2  -0.0567543620   0.0042538606   0.0658900397  -0.0286086761  -0.0500719143
10  3   0.0017918091   0.0268222246   0.0025734258  -0.0119763964  -0.0077585205
10  4   0.0002232343   0.0280087512  -0.0000036590
11  1  -0.2074613285   0.0414444711   0.2989100378   0.1472117146  -0.0822641996
11  2   0.1011325732   0.0042577974   0.0238512706   0.0125478407  -0.0105340271
11  3   0.0112311355   0.0110158438  -0.0129416203   0.0525074667  -0.0135954410
11  4  -0.0021881041  -0.0511197232   0.0000193095
12  1   0.0614906064   0.0514442299   0.1773659640  -0.0523225137  -0.2206493894
12  2  -0.1436326500   0.0115312451  -0.0160412171   0.1197813159   0.2150457888
12  3  -0.0306744472   0.0047768070   0.0105790260  -0.0389453961   0.0543322589
12  4   0.0027314250  -0.0289528375  -0.0000341458
13  1  -0.0141671255  -0.1994070969   0.1486092239  -0.2516125791   0.1842591138
13  2  -0.0413055074   0.3200157814  -0.2339472132   0.0573109485  -0.2596135594
13  3  -0.1809589979  -0.8168392232  -0.0608203271   0.2703023272   0.2214636469
13  4   0.0152412755  -0.0366072883   0.0010320082
14  1  -0.1492451521  -0.0152309141   0.1973278420   0.2356076281   0.0371437421
14  2   0.0003485949   0.1238120875  -0.0357109149  -0.4061046477   0.3271767892
14  3   0.5008912759  -0.3265182136   0.1600284812  -0.6783270471   0.0206299734
14  4  -0.0023971276  -0.0384248156   0.0005389351
15  1   0.0668049493   0.0971110162   0.1687038322  -0.0369211729  -0.1828441588
15  2  -0.1463621472   0.0882961047  -0.0861229070   0.1161415633   0.1915709356
15  3  -0.0390188393  -0.2006611153  -0.0093977960   0.0237928617  -0.9421135656
15  4  -0.0571377862   0.2147000406   0.0009451054
16  1  -0.4726272638  -0.0932711087  -0.2085878584  -0.3385373455   0.3015698840
16  2  -0.5185759235  -0.5311592220  -0.5034665587  -0.0313072792  -0.1639478990
16  3  -0.0619058892  -0.0318204914   0.0167601812  -0.0672461995  -0.1004278837
16  4  -0.0176640446  -0.4069463423   0.0001145307
17  1  -0.4040845171   0.2092151647   0.1702188705   0.1144129695   0.0080197991
17  2  -0.0634751585  -0.2128842420  -0.2246911946   0.1231670146  -0.1583449617
17  3  -0.1732106867  -0.0144539548   0.0478378269  -0.1943553781   0.1940885634
17  4   0.0355531493   0.8496060922  -0.0003820922
18  1   0.0000000000   0.0000000000   0.0000000000   0.0000000000  -0.1015636337
18  2  -0.3529952807  -0.1275807800  -0.0943119680  -0.3192648179   0.5893607293
18  3   0.5677074966  -0.0034232362  -0.1473976963   0.6035299512   0.0862083252
18  4   0.0126461365   0.2422046191  -0.0001525260
$end
