$coord
   -2.27704180565035     -1.31465092665505      3.66432216829193  c
   -2.27704180565035      1.31465092665505      3.66432216829193  c
    0.00000000000000      2.62929738601817      3.66433995548114  c
    2.27704180565035      1.31465092665505      3.66432216829193  c
    2.27704180565035     -1.31465092665505      3.66432216829193  c
   -4.05112263301791      2.33895040211524      3.65124742189987  h
    0.00000000000000      4.67785644223052      3.65128069517848  h
    4.05112263301791      2.33895040211524      3.65124742189987  h
    0.00000000000000     -2.62929738601817      3.66433995548114  c
    0.00000000000000     -4.67785644223052      3.65128069517848  h
   -4.05112263301791     -2.33895040211524      3.65124742189987  h
    4.05112263301791     -2.33895040211524      3.65124742189987  h
   -4.05112263301791      2.33895040211524     -3.65124742189987  h
    0.00000000000000      4.67785644223052     -3.65128069517848  h
   -2.27704180565035      1.31465092665505     -3.66432216829193  c
    0.00000000000000      2.62929738601817     -3.66433995548114  c
   -2.27704180565035     -1.31465092665505     -3.66432216829193  c
    2.27704180565035      1.31465092665505     -3.66432216829193  c
   -4.05112263301791     -2.33895040211524     -3.65124742189987  h
    4.05112263301791      2.33895040211524     -3.65124742189987  h
    0.00000000000000     -2.62929738601817     -3.66433995548114  c
    2.27704180565035     -1.31465092665505     -3.66432216829193  c
    0.00000000000000     -4.67785644223052     -3.65128069517848  h
    4.05112263301791     -2.33895040211524     -3.65124742189987  h
$user-defined bonds
$redundant
     number_of_atoms            24
     degrees_of_freedom         10
     internal_coordinates       30
     frozen_coordinates          0
# definitions of redundant internals
   1 k  0.4000000000000 tors   3   15    1    2 val=  80.92684
        0.4000000000000 tors   3   15    1    9
        0.4000000000000 tors   3   15    1   11
        0.4000000000000 tors   3   15    1   19
        0.4000000000000 tors   3   15    1   21
        0.4000000000000 tors   6   15    1    2
        0.4000000000000 tors   6   15    1    9
        0.4000000000000 tors   6   15    1   11
        0.4000000000000 tors   6   15    1   19
        0.4000000000000 tors   6   15    1   21
        0.4000000000000 tors  13   15    1    2
        0.4000000000000 tors  13   15    1    9
        0.4000000000000 tors  13   15    1   11
        0.4000000000000 tors  13   15    1   19
        0.4000000000000 tors  13   15    1   21
        0.4000000000000 tors  16   15    1    2
        0.4000000000000 tors  16   15    1    9
        0.4000000000000 tors  16   15    1   11
        0.4000000000000 tors  16   15    1   19
        0.4000000000000 tors  16   15    1   21
        0.4000000000000 tors  17   15    1    2
        0.4000000000000 tors  17   15    1    9
        0.4000000000000 tors  17   15    1   11
        0.4000000000000 tors  17   15    1   19
        0.4000000000000 tors  17   15    1   21
   2 k  1.2649110640674 tors  17   19    1    2 val=  35.99951
        1.2649110640674 tors  17   19    1    9
        1.2649110640674 tors  17   19    1   11
        1.2649110640674 tors  17   19    1   15
        1.2649110640674 tors  17   19    1   21
   3 k  0.5656854249492 tors   5   21    1    2 val= 106.27399
        0.5656854249492 tors   5   21    1    9
        0.5656854249492 tors   5   21    1   11
        0.5656854249492 tors   5   21    1   15
        0.5656854249492 tors   5   21    1   19
        0.5656854249492 tors  10   21    1    2
        0.5656854249492 tors  10   21    1    9
        0.5656854249492 tors  10   21    1   11
        0.5656854249492 tors  10   21    1   15
        0.5656854249492 tors  10   21    1   19
        0.5656854249492 tors  17   21    1    2
        0.5656854249492 tors  17   21    1    9
        0.5656854249492 tors  17   21    1   11
        0.5656854249492 tors  17   21    1   15
        0.5656854249492 tors  17   21    1   19
        0.5656854249492 tors  22   21    1    2
        0.5656854249492 tors  22   21    1    9
        0.5656854249492 tors  22   21    1   11
        0.5656854249492 tors  22   21    1   15
        0.5656854249492 tors  22   21    1   19
        0.5656854249492 tors  23   21    1    2
        0.5656854249492 tors  23   21    1    9
        0.5656854249492 tors  23   21    1   11
        0.5656854249492 tors  23   21    1   15
        0.5656854249492 tors  23   21    1   19
   4 k  2.0000000000000 stre   1    2           val=   2.62930
   5 k  2.8284271247462 stre   1    9           val=   2.62930
   6 k  2.8284271247462 stre   1   11           val=   2.04859
   7 k  2.0000000000000 stre   1   15           val=   7.78603
   8 k  2.0000000000000 stre   2   15           val=   7.32864
   9 k  2.8284271247462 stre   9   17           val=   7.78605
  10 k  2.8284271247462 stre  11   17           val=   7.59698
  11 k  2.0000000000000 stre  11   19           val=   7.30249
  12 k  1.4142135623731 stre   9   21           val=   7.32868
  13 k -0.9879170308648 bend   9    2    1      val=  -0.00021
       -1.3137942475536 bend  11    2    1
        2.3017307868694 bend  11    9    1
  14 k  1.3145666642741 bend  15    9    1      val=  92.15025
        1.4595257997114 bend  15   11    1
       -0.0376106039068 bend  19    2    1
        1.3503864103087 bend  19    9    1
        0.1770029928088 bend  19   15    1
       -0.0445589316184 bend  21    2    1
        1.5021696633414 bend  21   11    1
        0.1550679228727 bend  21   15    1
        0.0535312475664 bend  21   19    1
  15 k  1.4612076281789 bend  15    9    1      val=   3.41641
       -1.3345789495330 bend  15   11    1
        0.0066083356459 bend  19    2    1
        1.5116129143672 bend  19    9    1
        0.0491801278031 bend  19   15    1
       -0.0371172471637 bend  21    2    1
       -1.3301459024015 bend  21   11    1
       -0.1496790057569 bend  21   15    1
       -0.0571464818346 bend  21   19    1
  16 k -2.0874149397255 bend   9    2    1      val=   0.00085
        1.8992884652412 bend  11    2    1
        0.1881547108432 bend  11    9    1
  17 k  1.0928063464719 bend  15    9    1      val=  32.07240
        1.2074676943330 bend  15   11    1
        0.9776829318931 bend  19    2    1
       -0.9858692244156 bend  19    9    1
       -0.0952729288292 bend  19   15    1
        1.3222389928201 bend  21    2    1
       -1.1971757235031 bend  21   11    1
        0.3799967888767 bend  21   15    1
       -0.2915027541624 bend  21   19    1
  18 k  0.4442191957061 bend  15    9    1      val=   9.37942
       -0.8469004814174 bend  15   11    1
       -1.0031889936740 bend  19    2    1
       -0.4429228399760 bend  19    9    1
        0.3577474441986 bend  19   15    1
        0.9305697746301 bend  21    2    1
        0.5590140075921 bend  21   11    1
        2.0132617806442 bend  21   15    1
        0.7233236372243 bend  21   19    1
  19 k -0.4461885628385 bend  15    9    1      val=  14.57919
        0.3404550661930 bend  15   11    1
        0.8902017756720 bend  19    2    1
        0.2616055901531 bend  19    9    1
        2.2632157571787 bend  19   15    1
       -0.6481280822109 bend  21    2    1
       -0.5187738797043 bend  21   11    1
        0.4632849067736 bend  21   15    1
        0.8933837979762 bend  21   19    1
  20 k -0.2574145200955 bend  15    9    1      val=  34.42785
       -0.4320099513120 bend  15   11    1
        0.8807826060292 bend  19    2    1
        0.3246570399257 bend  19    9    1
       -0.4362947453511 bend  19   15    1
        1.3243128527370 bend  21    2    1
        0.4983922384640 bend  21   11    1
       -0.9799173296239 bend  21   15    1
        1.9269495429696 bend  21   19    1
  21 k  2.8284271247462 outp   2   11    9    1 val=  -0.36529
  22 k  2.0000000000000 stre   3    7           val=   2.04860
  23 k  2.0000000000000 stre   3   14           val=   7.59703
  24 k  1.4142135623731 stre   7   14           val=   7.30256
  25 k  1.8856217313643 bend   4    2    3      val=  40.00129
       -0.9427944486542 bend   7    2    3
  26 k  1.3631102983375 bend  14    2    3      val=  95.08181
        2.0646662342558 bend  15    7    3
        0.1368949511447 bend  15   14    3
        1.3445400949504 bend  18    2    3
        0.1621039190023 bend  18   15    3
  27 k  1.2110274719012 bend  14    2    3      val=  20.49078
       -1.9105789886937 bend  15    7    3
        0.0427901698299 bend  15   14    3
        1.6961567344508 bend  18    2    3
        0.0464850718287 bend  18   15    3
  28 k -1.4192121577615 bend  14    2    3      val=   7.81202
        0.1062591491052 bend  15    7    3
       -0.0185301489532 bend  15   14    3
        1.0910676707281 bend  18    2    3
        1.5465726326243 bend  18   15    3
  29 k  0.7061350459455 bend  14    2    3      val=  15.28044
       -0.1788083828012 bend  15    7    3
        1.9424429996375 bend  15   14    3
       -0.7885643349802 bend  18    2    3
        1.2398553024212 bend  18   15    3
  30 k  2.0000000000000 outp   7    4    2    3 val=   0.36602
        10 non zero eigenvalues  of BmBt
           1           8.766449642    0    0
        -0.114014374         0.057176616        -0.080677725         0.040920376
        -0.028700999         0.022875950         0.270868643         0.271236017
        -0.192410790         0.183267217        -0.011758076        -0.384581368
         0.032569394        -0.300286823        -0.132406659        -0.025074995
        -0.019712321         0.016466715         0.004423980         0.001261509
        -0.316888260        -0.032749913        -0.260088809         0.016437064
        -0.011354033         0.345703904         0.089719228        -0.019223354
        -0.008408033        -0.448331781
           2           7.425078819    0    0
         0.043671347         0.001593463        -0.062565378         0.015382450
         0.018380416        -0.013341143         0.407318657         0.422563150
         0.574484021         0.300407847         0.020529772         0.298243288
         0.001398129        -0.159892126         0.128876544        -0.000375216
        -0.009486813        -0.019689413        -0.023147122        -0.011285785
        -0.139028417        -0.008507903         0.212358399         0.014653910
         0.001106221        -0.113806093         0.088224405        -0.023547884
        -0.021402305         0.097617378
           3           6.422951293    0    0
         0.605275500         0.046353265         0.427899649         0.114021194
        -0.080455430        -0.257227881         0.065797147         0.032752811
        -0.047531355        -0.067610446        -0.040779789        -0.047428850
         0.133525707        -0.037490461        -0.044881978         0.204575797
        -0.050144042        -0.048717848         0.014999335        -0.022441937
        -0.054248889         0.363459839         0.094087539         0.056664987
         0.329453582         0.066030915         0.086852715         0.068601635
        -0.001148852        -0.075053614
           4           6.340741931    0    0
         0.286295228        -0.480612299         0.201907656        -0.457162525
         0.323867285         0.057976041        -0.100513553         0.040050962
         0.074215048         0.029060946        -0.017979077        -0.053537106
        -0.457383610        -0.116416314        -0.032534862         0.056361731
         0.113254830        -0.031399259        -0.005107354         0.011303961
        -0.049149228        -0.083108086        -0.038356550         0.026713672
        -0.196848775         0.082840218        -0.045416626        -0.013649365
         0.048504410        -0.071465022
           5           3.874033716    0    0
         0.133451246        -0.000334514        -0.190290096         0.119559351
         0.170238164        -0.279696440         0.047256069         0.011531863
         0.067637541        -0.410985067        -0.511304000         0.008633340
        -0.000680915        -0.173429907         0.153652084        -0.000810061
         0.011459833         0.047980926         0.005311791        -0.017035313
        -0.181169398        -0.198394271        -0.289812953        -0.360646998
        -0.000408365        -0.120686984         0.112759957         0.019426683
         0.017482066         0.128355180
           6           3.581634286    0    0
         0.085558731        -0.026678575         0.059540836        -0.003395705
         0.003802438        -0.023947202         0.023907217         0.026170400
        -0.016364916         0.304918431         0.425924494        -0.036889907
        -0.010412387         0.115657387        -0.157517672         0.042642625
         0.000648871        -0.025763071        -0.012324015        -0.005239558
         0.116755488         0.030720421        -0.431853123        -0.602286144
         0.046195004        -0.168407428         0.217008407        -0.003934383
         0.029231966         0.165268299
           7           2.953283852    0    0
        -0.134648374        -0.001180203         0.192606686        -0.253521644
        -0.357145394         0.567515191        -0.034313206         0.044697053
        -0.048757062        -0.057479136        -0.327248581         0.030922017
        -0.001251251        -0.144423162         0.145610131         0.000006770
        -0.029798029        -0.055592968         0.042228350         0.039232034
        -0.126835277         0.399626688        -0.042842232        -0.233331346
        -0.000031387        -0.099955188         0.098426207        -0.069251289
         0.006214176         0.089575837
           8           1.002578799    0    0
        -0.262221878         0.109313910        -0.183994336        -0.375788256
         0.262708627        -0.432696039        -0.092794400         0.022246837
         0.065103420        -0.053058327         0.052413944        -0.031040289
         0.103608808        -0.040351091        -0.025549668        -0.126212633
        -0.047075752         0.025215181        -0.130378315         0.032905396
        -0.008822565         0.616608465         0.075298745        -0.075804459
        -0.094914439         0.054401548         0.029611898        -0.022128995
         0.114271921        -0.011665515
           9           0.452097809    0    0
        -0.075933768        -0.313295031        -0.052102568         0.452731426
        -0.362634437        -0.249686459         0.136215890        -0.001172577
        -0.102368673        -0.040939923         0.029192197         0.008841486
        -0.426573456        -0.005628648         0.007410745        -0.051061719
         0.181462455         0.002766798         0.031438286        -0.130748812
         0.015385223         0.315416456         0.055991361        -0.037995155
        -0.311152974        -0.027485323        -0.055156167        -0.147215016
         0.015113567         0.020365678
          10           0.423585450    0    0
         0.007192239        -0.014167742        -0.019279128         0.474522482
         0.625919324         0.422486093         0.066255179        -0.081529801
         0.081079745         0.013110062        -0.047859749        -0.056519317
        -0.019428607         0.094294484        -0.019960673        -0.002659853
         0.041314952         0.132391077         0.137649885         0.033026449
         0.013488187         0.322668928         0.013777815        -0.036803831
        -0.014650648         0.075408100         0.001185909         0.065093492
         0.125247232        -0.007222810
$end
