$dipgrad          cartesian dipole gradients
  0.72135003214772D-01  0.80905813506759D-01  -.99905093596873D-02
  0.80912410506564D-01  -.21332759325469D-01  -.57969251521010D-02
  0.21330114772043D-01  0.12275833366402D-01  -.13766255243851D+00
  0.72135003214770D-01  -.80905813506759D-01  -.99905093596878D-02
  -.80912410506564D-01  -.21332759325470D-01  0.57969251521008D-02
  0.21330114772043D-01  -.12275833366402D-01  -.13766255243851D+00
  -.68110283809637D-01  0.81523338665235D-16  -.35010340016979D-16
  -.15286079346097D-16  0.11880374455400D+00  0.11570597248001D-01
  0.95362213608573D-19  -.24570615343883D-01  -.13791369490484D+00
  0.72135003214773D-01  0.80905813506759D-01  0.99905093596879D-02
  0.80912410506564D-01  -.21332759325472D-01  0.57969251521007D-02
  -.21330114772043D-01  -.12275833366402D-01  -.13766255243851D+00
  0.72135003214771D-01  -.80905813506759D-01  0.99905093596876D-02
  -.80912410506564D-01  -.21332759325471D-01  -.57969251521007D-02
  -.21330114772043D-01  0.12275833366402D-01  -.13766255243851D+00
  -.67010852740481D-01  0.72103044138162D-01  -.11632354299481D-02
  0.72093057930131D-01  0.16242303615086D-01  0.65200039219357D-03
  -.17794082495226D-01  0.10249431404897D-01  0.13775437618643D+00
  0.57861982859070D-01  0.85919953328615D-18  -.35739028027183D-17
  0.14558130626434D-18  -.10862283313522D+00  0.13305948914358D-02
  -.50856717995000D-19  0.20523091803762D-01  0.13773004740707D+00
  -.67010852740482D-01  -.72103044138162D-01  0.11632354299486D-02
  -.72093057930130D-01  0.16242303615087D-01  0.65200039219412D-03
  0.17794082495226D-01  0.10249431404897D-01  0.13775437618643D+00
  -.68110283809643D-01  -.24623433076381D-16  -.15618387574874D-16
  -.65594231417387D-17  0.11880374455400D+00  -.11570597248001D-01
  0.55515368487286D-18  0.24570615343883D-01  -.13791369490484D+00
  0.57861982859070D-01  -.49949532899507D-17  0.62494090848429D-17
  -.51893473513503D-17  -.10862283313522D+00  -.13305948914360D-02
  0.46381671329161D-19  -.20523091803762D-01  0.13773004740707D+00
  -.67010852740482D-01  -.72103044138161D-01  -.11632354299485D-02
  -.72093057930131D-01  0.16242303615087D-01  -.65200039219384D-03
  -.17794082495226D-01  -.10249431404897D-01  0.13775437618643D+00
  -.67010852740482D-01  0.72103044138161D-01  0.11632354299485D-02
  0.72093057930131D-01  0.16242303615087D-01  -.65200039219329D-03
  0.17794082495226D-01  -.10249431404897D-01  0.13775437618643D+00
  -.67010852740482D-01  0.72103044138161D-01  0.11632354299490D-02
  0.72093057930130D-01  0.16242303615087D-01  -.65200039219312D-03
  0.17794082495226D-01  -.10249431404897D-01  0.13775437618643D+00
  0.57861982859070D-01  -.17355396964462D-16  0.14190509849040D-17
  0.20429351081171D-17  -.10862283313522D+00  -.13305948914347D-02
  0.50856718017088D-19  -.20523091803762D-01  0.13773004740707D+00
  0.72135003214767D-01  -.80905813506758D-01  0.99905093596875D-02
  -.80912410506564D-01  -.21332759325470D-01  -.57969251521008D-02
  -.21330114772043D-01  0.12275833366402D-01  -.13766255243851D+00
  -.68110283809643D-01  0.80764397133254D-16  0.68620607364019D-16
  -.68293023989113D-17  0.11880374455401D+00  -.11570597248003D-01
  0.11445881473734D-17  0.24570615343883D-01  -.13791369490483D+00
  0.72135003214772D-01  0.80905813506758D-01  0.99905093596870D-02
  0.80912410506565D-01  -.21332759325471D-01  0.57969251521008D-02
  -.21330114772043D-01  -.12275833366402D-01  -.13766255243851D+00
  0.72135003214773D-01  0.80905813506758D-01  -.99905093596877D-02
  0.80912410506564D-01  -.21332759325476D-01  -.57969251521011D-02
  0.21330114772043D-01  0.12275833366402D-01  -.13766255243851D+00
  -.67010852740482D-01  -.72103044138161D-01  0.11632354299489D-02
  -.72093057930131D-01  0.16242303615087D-01  0.65200039219279D-03
  0.17794082495226D-01  0.10249431404897D-01  0.13775437618643D+00
  -.67010852740482D-01  -.72103044138161D-01  -.11632354299488D-02
  -.72093057930130D-01  0.16242303615087D-01  -.65200039219335D-03
  -.17794082495226D-01  -.10249431404897D-01  0.13775437618643D+00
  -.68110283809642D-01  0.21503440143488D-16  0.20708208554914D-16
  -.26381688175182D-16  0.11880374455400D+00  0.11570597248002D-01
  0.21427136337970D-20  -.24570615343883D-01  -.13791369490483D+00
  0.72135003214773D-01  -.80905813506758D-01  -.99905093596876D-02
  -.80912410506564D-01  -.21332759325477D-01  0.57969251521009D-02
  0.21330114772043D-01  -.12275833366402D-01  -.13766255243851D+00
  0.57861982859070D-01  -.14752772842328D-16  -.62494090848422D-17
  -.66733490749430D-17  -.10862283313522D+00  0.13305948914348D-02
  0.36204041050221D-19  0.20523091803762D-01  0.13773004740707D+00
  -.67010852740482D-01  0.72103044138160D-01  -.11632354299485D-02
  0.72093057930130D-01  0.16242303615087D-01  0.65200039219334D-03
  -.17794082495226D-01  0.10249431404897D-01  0.13775437618643D+00
$end
