$energy      SCF               SCFKIN            SCFPOT
     1 -464.7274944391      462.5058018862     -927.2332963253
     2 -464.7275356011      462.5000696717     -927.2276052729
     3 -464.7275971006      462.4944162198     -927.2220133205
     4 -464.7276672505      462.4928652838     -927.2205325343
     5 -464.7277304869      462.4939092258     -927.2216397127
     6 -464.7277898082      462.4962908274     -927.2240806356
     7 -464.7278463770      462.4991651359     -927.2270115129
     8 -464.7278998510      462.5006251191     -927.2285249701
     9 -464.7279513040      462.5009178488     -927.2288691528
    10 -464.7280022221      462.5010580763     -927.2290602984
    11 -464.7280535068      462.5015931924     -927.2296466992
    12 -464.7281054352      462.5025021758     -927.2306076109
    13 -464.7281574040      462.5035609296     -927.2317183336
    14 -464.7282078211      462.5046301817     -927.2328380028
    15 -464.7282546400      462.5056995260     -927.2339541660
    16 -464.7282955777      462.5068241066     -927.2351196844
    17 -464.7283284241      462.5080583930     -927.2363868170
    18 -464.7283512623      462.5093840804     -927.2377353427
    19 -464.7283626853      462.5108077871     -927.2391704725
    20 -464.7283624640      462.5122028963     -927.2405653603
    21 -464.7283638251      462.5086884331     -927.2370522582
    22 -464.7283629289      462.5114479215     -927.2398108504
    23 -464.7283629195      462.5114254633     -927.2397883828
$end
