$grad          cartesian gradients
  cycle =      1    SCF energy =     -464.7274944391   |dE/dxyz| =  0.001515
   -2.27700660655923     -1.31462577886456      4.12958072367234      c
   -2.27700660655923      1.31462577886456      4.12958072367234      c
    0.00000000000000      2.62927045499044      4.12958072367234      c
    2.27700660655923      1.31462577886456      4.12958072367234      c
    2.27700660655923     -1.31462577886456      4.12958072367234      c
   -4.05110039737360      2.33889513741123      4.11623925717417      h
    0.00000000000000      4.67780917208379      4.11623925717417      h
    4.05110039737360      2.33889513741123      4.11623925717417      h
    0.00000000000000     -2.62927045499044      4.12958072367234      c
    0.00000000000000     -4.67780917208379      4.11623925717417      h
   -4.05110039737360     -2.33889513741123      4.11623925717417      h
    4.05110039737360     -2.33889513741123      4.11623925717417      h
   -4.05110039737360      2.33889513741123     -4.11623925717417      h
    0.00000000000000      4.67780917208379     -4.11623925717417      h
   -2.27700660655923      1.31462577886456     -4.12958072367234      c
    0.00000000000000      2.62927045499044     -4.12958072367234      c
   -2.27700660655923     -1.31462577886456     -4.12958072367234      c
    2.27700660655923      1.31462577886456     -4.12958072367234      c
   -4.05110039737360     -2.33889513741123     -4.11623925717417      h
    4.05110039737360      2.33889513741123     -4.11623925717417      h
    0.00000000000000     -2.62927045499044     -4.12958072367234      c
    2.27700660655923     -1.31462577886456     -4.12958072367234      c
    0.00000000000000     -4.67780917208379     -4.11623925717417      h
    4.05110039737360     -2.33889513741123     -4.11623925717417      h
  0.25321944897838D-03  0.15298782872503D-03  0.31243736524908D-03
  0.25321944897838D-03  -.15298782872503D-03  0.31243736524908D-03
  0.00000000000000D+00  -.28478110838753D-03  0.31242806091634D-03
  -.25321944897838D-03  -.15298782872503D-03  0.31243736524908D-03
  -.25321944897838D-03  0.15298782872503D-03  0.31243736524908D-03
  0.10091393413125D-04  -.76551351527177D-05  -.89802504353967D-04
  0.00000000000000D+00  -.17987015282980D-04  -.89827597018841D-04
  -.10091393413181D-04  -.76551351526621D-05  -.89802504353967D-04
  0.00000000000000D+00  0.28478110838753D-03  0.31242806091634D-03
  0.00000000000000D+00  0.17987015282980D-04  -.89827597018841D-04
  0.10091393413125D-04  0.76551351527177D-05  -.89802504353967D-04
  -.10091393413181D-04  0.76551351526621D-05  -.89802504353967D-04
  0.10091393413125D-04  -.76551351527177D-05  0.89802504353967D-04
  0.00000000000000D+00  -.17987015282980D-04  0.89827597018841D-04
  0.25321944897838D-03  -.15298782872503D-03  -.31243736524908D-03
  0.00000000000000D+00  -.28478110838753D-03  -.31242806091634D-03
  0.25321944897838D-03  0.15298782872503D-03  -.31243736524908D-03
  -.25321944897838D-03  -.15298782872503D-03  -.31243736524908D-03
  0.10091393413125D-04  0.76551351527177D-05  0.89802504353967D-04
  -.10091393413181D-04  -.76551351526621D-05  0.89802504353967D-04
  0.00000000000000D+00  0.28478110838753D-03  -.31242806091634D-03
  -.25321944897838D-03  0.15298782872503D-03  -.31243736524908D-03
  0.00000000000000D+00  0.17987015282980D-04  0.89827597018841D-04
  -.10091393413181D-04  0.76551351526621D-05  0.89802504353967D-04
  cycle =      2    SCF energy =     -464.7275356011   |dE/dxyz| =  0.001062
   -2.27731943031993     -1.31481847988184      4.11626879814134      c
   -2.27731943031993      1.31481847988184      4.11626879814134      c
    0.00000000000000      2.62965437864120      4.11625514165995      c
    2.27731943031993      1.31481847988184      4.11626879814134      c
    2.27731943031993     -1.31481847988184      4.11626879814134      c
   -4.05139346995915      2.33908207223830      4.10444052972401      h
    0.00000000000000      4.67819445679355      4.10449795445627      h
    4.05139346995915      2.33908207223830      4.10444052972401      h
    0.00000000000000     -2.62965437864120      4.11625514165995      c
    0.00000000000000     -4.67819445679355      4.10449795445627      h
   -4.05139346995915     -2.33908207223830      4.10444052972401      h
    4.05139346995915     -2.33908207223830      4.10444052972401      h
   -4.05139346995915      2.33908207223830     -4.10444052972401      h
    0.00000000000000      4.67819445679355     -4.10449795445627      h
   -2.27731943031993      1.31481847988184     -4.11626879814134      c
    0.00000000000000      2.62965437864120     -4.11625514165995      c
   -2.27731943031993     -1.31481847988184     -4.11626879814134      c
    2.27731943031993      1.31481847988184     -4.11626879814134      c
   -4.05139346995915     -2.33908207223830     -4.10444052972401      h
    4.05139346995915      2.33908207223830     -4.10444052972401      h
    0.00000000000000     -2.62965437864120     -4.11625514165995      c
    2.27731943031993     -1.31481847988184     -4.11626879814134      c
    0.00000000000000     -4.67819445679355     -4.10449795445627      h
    4.05139346995915     -2.33908207223830     -4.10444052972401      h
  0.81232589698610D-04  0.46776801622683D-04  0.28657800142796D-03
  0.81232589698610D-04  -.46776801622683D-04  0.28657800142796D-03
  0.00000000000000D+00  -.89082744083535D-04  0.28165878964001D-03
  -.81232589698610D-04  -.46776801622683D-04  0.28657800142796D-03
  -.81232589698610D-04  0.46776801622683D-04  0.28657800142796D-03
  0.15862327023441D-04  -.98619389787835D-05  -.63294141303715D-04
  0.00000000000000D+00  -.16524861498959D-04  -.61227456669921D-04
  -.15862327023497D-04  -.98619389787280D-05  -.63294141303715D-04
  0.00000000000000D+00  0.89082744083535D-04  0.28165878964001D-03
  0.00000000000000D+00  0.16524861498959D-04  -.61227456669921D-04
  0.15862327023441D-04  0.98619389787835D-05  -.63294141303715D-04
  -.15862327023497D-04  0.98619389787280D-05  -.63294141303715D-04
  0.15862327023441D-04  -.98619389787835D-05  0.63294141303715D-04
  0.00000000000000D+00  -.16524861498959D-04  0.61227456669921D-04
  0.81232589698610D-04  -.46776801622683D-04  -.28657800142796D-03
  0.00000000000000D+00  -.89082744083535D-04  -.28165878964001D-03
  0.81232589698610D-04  0.46776801622683D-04  -.28657800142796D-03
  -.81232589698610D-04  -.46776801622683D-04  -.28657800142796D-03
  0.15862327023441D-04  0.98619389787835D-05  0.63294141303715D-04
  -.15862327023497D-04  -.98619389787280D-05  0.63294141303715D-04
  0.00000000000000D+00  0.89082744083535D-04  -.28165878964001D-03
  -.81232589698610D-04  0.46776801622683D-04  -.28657800142796D-03
  0.00000000000000D+00  0.16524861498959D-04  0.61227456669921D-04
  -.15862327023497D-04  0.98619389787280D-05  0.63294141303715D-04
  cycle =      3    SCF energy =     -464.7275971006   |dE/dxyz| =  0.000779
   -2.27761412862765     -1.31498986737203      4.09512263762583      c
   -2.27761412862765      1.31498986737203      4.09512263762583      c
    0.00000000000000      2.62998561678911      4.09506089494816      c
    2.27761412862765      1.31498986737203      4.09512263762583      c
    2.27761412862765     -1.31498986737203      4.09512263762583      c
   -4.05173200209935      2.33929191219054      4.08740687116461      h
    0.00000000000000      4.67858616322979      4.08753169911946      h
    4.05173200209935      2.33929191219054      4.08740687116461      h
    0.00000000000000     -2.62998561678911      4.09506089494816      c
    0.00000000000000     -4.67858616322979      4.08753169911946      h
   -4.05173200209935     -2.33929191219054      4.08740687116461      h
    4.05173200209935     -2.33929191219054      4.08740687116461      h
   -4.05173200209935      2.33929191219054     -4.08740687116461      h
    0.00000000000000      4.67858616322979     -4.08753169911946      h
   -2.27761412862765      1.31498986737203     -4.09512263762583      c
    0.00000000000000      2.62998561678911     -4.09506089494816      c
   -2.27761412862765     -1.31498986737203     -4.09512263762583      c
    2.27761412862765      1.31498986737203     -4.09512263762583      c
   -4.05173200209935     -2.33929191219054     -4.08740687116461      h
    4.05173200209935      2.33929191219054     -4.08740687116461      h
    0.00000000000000     -2.62998561678911     -4.09506089494816      c
    2.27761412862765     -1.31498986737203     -4.09512263762583      c
    0.00000000000000     -4.67858616322979     -4.08753169911946      h
    4.05173200209935     -2.33929191219054     -4.08740687116461      h
  -.61298801929732D-04  -.38506136224692D-04  0.21791180781769D-03
  -.61298801929732D-04  0.38506136224692D-04  0.21791180781769D-03
  0.00000000000000D+00  0.72991492469698D-04  0.20177728041480D-03
  0.61298801929732D-04  0.38506136224692D-04  0.21791180781769D-03
  0.61298801929732D-04  -.38506136224692D-04  0.21791180781769D-03
  0.65156812562028D-06  -.55897365602853D-06  0.65121184321896D-05
  0.00000000000000D+00  0.21489719230910D-05  0.12510222655939D-04
  -.65156812567579D-06  -.55897365602853D-06  0.65121184321896D-05
  0.00000000000000D+00  -.72991492469698D-04  0.20177728041480D-03
  0.00000000000000D+00  -.21489719230910D-05  0.12510222655939D-04
  0.65156812562028D-06  0.55897365602853D-06  0.65121184321896D-05
  -.65156812567579D-06  0.55897365602853D-06  0.65121184321896D-05
  0.65156812562028D-06  -.55897365602853D-06  -.65121184321896D-05
  0.00000000000000D+00  0.21489719230910D-05  -.12510222655939D-04
  -.61298801929732D-04  0.38506136224692D-04  -.21791180781769D-03
  0.00000000000000D+00  0.72991492469698D-04  -.20177728041480D-03
  -.61298801929732D-04  -.38506136224692D-04  -.21791180781769D-03
  0.61298801929732D-04  0.38506136224692D-04  -.21791180781769D-03
  0.65156812562028D-06  0.55897365602853D-06  -.65121184321896D-05
  -.65156812567579D-06  -.55897365602853D-06  -.65121184321896D-05
  0.00000000000000D+00  -.72991492469698D-04  -.20177728041480D-03
  0.61298801929732D-04  -.38506136224692D-04  -.21791180781769D-03
  0.00000000000000D+00  -.21489719230910D-05  -.12510222655939D-04
  -.65156812567579D-06  0.55897365602853D-06  -.65121184321896D-05
  cycle =      4    SCF energy =     -464.7276672505   |dE/dxyz| =  0.000747
   -2.27771213735843     -1.31504776962482      4.06811725686727      c
   -2.27771213735843      1.31504776962482      4.06811725686727      c
    0.00000000000000      2.63009401019486      4.06806212127837      c
    2.27771213735843      1.31504776962482      4.06811725686727      c
    2.27771213735843     -1.31504776962482      4.06811725686727      c
   -4.05181952276094      2.33935990381784      4.06473765470873      h
    0.00000000000000      4.67869897039267      4.06486594075974      h
    4.05181952276094      2.33935990381784      4.06473765470873      h
    0.00000000000000     -2.63009401019486      4.06806212127837      c
    0.00000000000000     -4.67869897039267      4.06486594075974      h
   -4.05181952276094     -2.33935990381784      4.06473765470873      h
    4.05181952276094     -2.33935990381784      4.06473765470873      h
   -4.05181952276094      2.33935990381784     -4.06473765470873      h
    0.00000000000000      4.67869897039267     -4.06486594075974      h
   -2.27771213735843      1.31504776962482     -4.06811725686727      c
    0.00000000000000      2.63009401019486     -4.06806212127837      c
   -2.27771213735843     -1.31504776962482     -4.06811725686727      c
    2.27771213735843      1.31504776962482     -4.06811725686727      c
   -4.05181952276094     -2.33935990381784     -4.06473765470873      h
    4.05181952276094      2.33935990381784     -4.06473765470873      h
    0.00000000000000     -2.63009401019486     -4.06806212127837      c
    2.27771213735843     -1.31504776962482     -4.06811725686727      c
    0.00000000000000     -4.67869897039267     -4.06486594075974      h
    4.05181952276094     -2.33935990381784     -4.06473765470873      h
  -.12494303887634D-03  -.77079611110309D-04  0.14004360320044D-03
  -.12494303887634D-03  0.77079611110309D-04  0.14004360320044D-03
  0.00000000000000D+00  0.14303647034614D-03  0.12463341517872D-03
  0.12494303887634D-03  0.77079611110420D-04  0.14004360320044D-03
  0.12494303887634D-03  -.77079611110420D-04  0.14004360320044D-03
  0.45306956501789D-05  -.19808915483477D-05  0.81757963698206D-04
  0.00000000000000D+00  0.10804600671377D-05  0.87557294765297D-04
  -.45306956502900D-05  -.19808915483477D-05  0.81757963698206D-04
  0.00000000000000D+00  -.14303647034614D-03  0.12463341517872D-03
  0.00000000000000D+00  -.10804600671377D-05  0.87557294765297D-04
  0.45306956501789D-05  0.19808915483477D-05  0.81757963698206D-04
  -.45306956502900D-05  0.19808915483477D-05  0.81757963698206D-04
  0.45306956501789D-05  -.19808915483477D-05  -.81757963698206D-04
  0.00000000000000D+00  0.10804600671377D-05  -.87557294765297D-04
  -.12494303887634D-03  0.77079611110309D-04  -.14004360320044D-03
  0.00000000000000D+00  0.14303647034614D-03  -.12463341517872D-03
  -.12494303887634D-03  -.77079611110309D-04  -.14004360320044D-03
  0.12494303887634D-03  0.77079611110420D-04  -.14004360320044D-03
  0.45306956501789D-05  0.19808915483477D-05  -.81757963698206D-04
  -.45306956502900D-05  -.19808915483477D-05  -.81757963698206D-04
  0.00000000000000D+00  -.14303647034614D-03  -.12463341517872D-03
  0.12494303887634D-03  -.77079611110420D-04  -.14004360320044D-03
  0.00000000000000D+00  -.10804600671377D-05  -.87557294765297D-04
  -.45306956502900D-05  0.19808915483477D-05  -.81757963698206D-04
  cycle =      5    SCF energy =     -464.7277304869   |dE/dxyz| =  0.000747
   -2.27767658469343     -1.31503035583153      4.04182044471316      c
   -2.27767658469343      1.31503035583153      4.04182044471316      c
    0.00000000000000      2.63006177819807      4.04182904800344      c
    2.27767658469343      1.31503035583153      4.04182044471316      c
    2.27767658469343     -1.31503035583153      4.04182044471316      c
   -4.05175055353207      2.33933238711511      4.04047824958705      h
    0.00000000000000      4.67864092762731      4.04057033995600      h
    4.05175055353207      2.33933238711511      4.04047824958705      h
    0.00000000000000     -2.63006177819807      4.04182904800344      c
    0.00000000000000     -4.67864092762731      4.04057033995600      h
   -4.05175055353207     -2.33933238711511      4.04047824958705      h
    4.05175055353207     -2.33933238711511      4.04047824958705      h
   -4.05175055353207      2.33933238711511     -4.04047824958705      h
    0.00000000000000      4.67864092762731     -4.04057033995600      h
   -2.27767658469343      1.31503035583153     -4.04182044471316      c
    0.00000000000000      2.63006177819807     -4.04182904800344      c
   -2.27767658469343     -1.31503035583153     -4.04182044471316      c
    2.27767658469343      1.31503035583153     -4.04182044471316      c
   -4.05175055353207     -2.33933238711511     -4.04047824958705      h
    4.05175055353207      2.33933238711511     -4.04047824958705      h
    0.00000000000000     -2.63006177819807     -4.04182904800344      c
    2.27767658469343     -1.31503035583153     -4.04182044471316      c
    0.00000000000000     -4.67864092762731     -4.04057033995600      h
    4.05175055353207     -2.33933238711511     -4.04047824958705      h
  -.12975478892363D-03  -.80534349671535D-04  0.95382528620624D-04
  -.12975478892363D-03  0.80534349671535D-04  0.95382528620624D-04
  0.00000000000000D+00  0.14778443639690D-03  0.92148573323552D-04
  0.12975478892341D-03  0.80534349671646D-04  0.95382528620624D-04
  0.12975478892341D-03  -.80534349671646D-04  0.95382528620624D-04
  0.16312307303784D-04  -.79530268977113D-05  0.11993378584548D-03
  0.00000000000000D+00  -.89960549878032D-05  0.12194346890342D-03
  -.16312307303840D-04  -.79530268977113D-05  0.11993378584548D-03
  0.00000000000000D+00  -.14778443639690D-03  0.92148573323552D-04
  0.00000000000000D+00  0.89960549878032D-05  0.12194346890342D-03
  0.16312307303784D-04  0.79530268977113D-05  0.11993378584548D-03
  -.16312307303840D-04  0.79530268977113D-05  0.11993378584548D-03
  0.16312307303784D-04  -.79530268977113D-05  -.11993378584548D-03
  0.00000000000000D+00  -.89960549878032D-05  -.12194346890342D-03
  -.12975478892363D-03  0.80534349671535D-04  -.95382528620624D-04
  0.00000000000000D+00  0.14778443639690D-03  -.92148573323552D-04
  -.12975478892363D-03  -.80534349671535D-04  -.95382528620624D-04
  0.12975478892341D-03  0.80534349671646D-04  -.95382528620624D-04
  0.16312307303784D-04  0.79530268977113D-05  -.11993378584548D-03
  -.16312307303840D-04  -.79530268977113D-05  -.11993378584548D-03
  0.00000000000000D+00  -.14778443639690D-03  -.92148573323552D-04
  0.12975478892341D-03  -.80534349671646D-04  -.95382528620624D-04
  0.00000000000000D+00  0.89960549878032D-05  -.12194346890342D-03
  -.16312307303840D-04  0.79530268977113D-05  -.11993378584548D-03
  cycle =      6    SCF energy =     -464.7277898082   |dE/dxyz| =  0.000627
   -2.27755727359742     -1.31496079393718      4.01613754972198      c
   -2.27755727359742      1.31496079393718      4.01613754972198      c
    0.00000000000000      2.62992857197328      4.01622568265245      c
    2.27755727359742      1.31496079393718      4.01613754972198      c
    2.27755727359742     -1.31496079393718      4.01613754972198      c
   -4.05162695778163      2.33926246495429      4.01494827615119      h
    0.00000000000000      4.67850113784128      4.01499118379765      h
    4.05162695778163      2.33926246495429      4.01494827615119      h
    0.00000000000000     -2.62992857197328      4.01622568265245      c
    0.00000000000000     -4.67850113784128      4.01499118379765      h
   -4.05162695778163     -2.33926246495429      4.01494827615119      h
    4.05162695778163     -2.33926246495429      4.01494827615119      h
   -4.05162695778163      2.33926246495429     -4.01494827615119      h
    0.00000000000000      4.67850113784128     -4.01499118379765      h
   -2.27755727359742      1.31496079393718     -4.01613754972198      c
    0.00000000000000      2.62992857197328     -4.01622568265245      c
   -2.27755727359742     -1.31496079393718     -4.01613754972198      c
    2.27755727359742      1.31496079393718     -4.01613754972198      c
   -4.05162695778163     -2.33926246495429     -4.01494827615119      h
    4.05162695778163      2.33926246495429     -4.01494827615119      h
    0.00000000000000     -2.62992857197328     -4.01622568265245      c
    2.27755727359742     -1.31496079393718     -4.01613754972198      c
    0.00000000000000     -4.67850113784128     -4.01499118379765      h
    4.05162695778163     -2.33926246495429     -4.01494827615119      h
  -.82958601036909D-04  -.51576585019197D-04  0.79951385216825D-04
  -.82958601036909D-04  0.51576585019197D-04  0.79951385216825D-04
  0.00000000000000D+00  0.95718538340395D-04  0.92144077978751D-04
  0.82958601036909D-04  0.51576585019197D-04  0.79951385216825D-04
  0.82958601036909D-04  -.51576585019197D-04  0.79951385216825D-04
  0.18743796355830D-04  -.91134963593476D-05  0.12716569148881D-03
  0.00000000000000D+00  -.12457077939773D-04  0.12430902019257D-03
  -.18743796355886D-04  -.91134963593476D-05  0.12716569148881D-03
  0.00000000000000D+00  -.95718538340395D-04  0.92144077978751D-04
  0.00000000000000D+00  0.12457077939773D-04  0.12430902019257D-03
  0.18743796355830D-04  0.91134963593476D-05  0.12716569148881D-03
  -.18743796355886D-04  0.91134963593476D-05  0.12716569148881D-03
  0.18743796355830D-04  -.91134963593476D-05  -.12716569148881D-03
  0.00000000000000D+00  -.12457077939773D-04  -.12430902019257D-03
  -.82958601036909D-04  0.51576585019197D-04  -.79951385216825D-04
  0.00000000000000D+00  0.95718538340395D-04  -.92144077978751D-04
  -.82958601036909D-04  -.51576585019197D-04  -.79951385216825D-04
  0.82958601036909D-04  0.51576585019197D-04  -.79951385216825D-04
  0.18743796355830D-04  0.91134963593476D-05  -.12716569148881D-03
  -.18743796355886D-04  -.91134963593476D-05  -.12716569148881D-03
  0.00000000000000D+00  -.95718538340395D-04  -.92144077978751D-04
  0.82958601036909D-04  -.51576585019197D-04  -.79951385216825D-04
  0.00000000000000D+00  0.12457077939773D-04  -.12430902019257D-03
  -.18743796355886D-04  0.91134963593476D-05  -.12716569148881D-03
  cycle =      7    SCF energy =     -464.7278463770   |dE/dxyz| =  0.000503
   -2.27739761595338     -1.31486268467941      3.99107721212499      c
   -2.27739761595338      1.31486268467941      3.99107721212499      c
    0.00000000000000      2.62973609571093      3.99122296285857      c
    2.27739761595338      1.31486268467941      3.99107721212499      c
    2.27739761595338     -1.31486268467941      3.99107721212499      c
   -4.05150456740144      2.33918062307182      3.98822163926197      h
    0.00000000000000      4.67833408779864      3.98822508149564      h
    4.05150456740144      2.33918062307182      3.98822163926197      h
    0.00000000000000     -2.62973609571093      3.99122296285857      c
    0.00000000000000     -4.67833408779864      3.98822508149564      h
   -4.05150456740144     -2.33918062307182      3.98822163926197      h
    4.05150456740144     -2.33918062307182      3.98822163926197      h
   -4.05150456740144      2.33918062307182     -3.98822163926197      h
    0.00000000000000      4.67833408779864     -3.98822508149564      h
   -2.27739761595338      1.31486268467941     -3.99107721212499      c
    0.00000000000000      2.62973609571093     -3.99122296285857      c
   -2.27739761595338     -1.31486268467941     -3.99107721212499      c
    2.27739761595338      1.31486268467941     -3.99107721212499      c
   -4.05150456740144     -2.33918062307182     -3.98822163926197      h
    4.05150456740144      2.33918062307182     -3.98822163926197      h
    0.00000000000000     -2.62973609571093     -3.99122296285857      c
    2.27739761595338     -1.31486268467941     -3.99107721212499      c
    0.00000000000000     -4.67833408779864     -3.98822508149564      h
    4.05150456740144     -2.33918062307182     -3.98822163926197      h
  -.77800235143144D-06  -.14335095760432D-06  0.94660985555453D-04
  -.77800235143144D-06  0.14335095760432D-06  0.94660985555453D-04
  0.00000000000000D+00  0.42608936054456D-05  0.11821664896550D-03
  0.77800235165348D-06  0.14335095760432D-06  0.94660985555453D-04
  0.77800235165348D-06  -.14335095760432D-06  0.94660985555453D-04
  0.68311269698640D-05  -.28560039612158D-05  0.10430433863134D-03
  0.00000000000000D+00  -.42760467720837D-05  0.97792130368694D-04
  -.68311269699195D-05  -.28560039612158D-05  0.10430433863134D-03
  0.00000000000000D+00  -.42608936054456D-05  0.11821664896550D-03
  0.00000000000000D+00  0.42760467720837D-05  0.97792130368694D-04
  0.68311269698640D-05  0.28560039612158D-05  0.10430433863134D-03
  -.68311269699195D-05  0.28560039612158D-05  0.10430433863134D-03
  0.68311269698640D-05  -.28560039612158D-05  -.10430433863134D-03
  0.00000000000000D+00  -.42760467720837D-05  -.97792130368694D-04
  -.77800235143144D-06  0.14335095760432D-06  -.94660985555453D-04
  0.00000000000000D+00  0.42608936054456D-05  -.11821664896550D-03
  -.77800235143144D-06  -.14335095760432D-06  -.94660985555453D-04
  0.77800235165348D-06  0.14335095760432D-06  -.94660985555453D-04
  0.68311269698640D-05  0.28560039612158D-05  -.10430433863134D-03
  -.68311269699195D-05  -.28560039612158D-05  -.10430433863134D-03
  0.00000000000000D+00  -.42608936054456D-05  -.11821664896550D-03
  0.77800235165348D-06  -.14335095760432D-06  -.94660985555453D-04
  0.00000000000000D+00  0.42760467720837D-05  -.97792130368694D-04
  -.68311269699195D-05  0.28560039612158D-05  -.10430433863134D-03
  cycle =      8    SCF energy =     -464.7278998510   |dE/dxyz| =  0.000525
   -2.27732004075113     -1.31481271163097      3.96612161903848      c
   -2.27732004075113      1.31481271163097      3.96612161903848      c
    0.00000000000000      2.62963199291730      3.96625426910513      c
    2.27732004075113      1.31481271163097      3.96612161903848      c
    2.27732004075113     -1.31481271163097      3.96612161903848      c
   -4.05145752892040      2.33914158233322      3.96129916747335      h
    0.00000000000000      4.67825083726873      3.96130807253650      h
    4.05145752892040      2.33914158233322      3.96129916747335      h
    0.00000000000000     -2.62963199291730      3.96625426910513      c
    0.00000000000000     -4.67825083726873      3.96130807253650      h
   -4.05145752892040     -2.33914158233322      3.96129916747335      h
    4.05145752892040     -2.33914158233322      3.96129916747335      h
   -4.05145752892040      2.33914158233322     -3.96129916747335      h
    0.00000000000000      4.67825083726873     -3.96130807253650      h
   -2.27732004075113      1.31481271163097     -3.96612161903848      c
    0.00000000000000      2.62963199291730     -3.96625426910513      c
   -2.27732004075113     -1.31481271163097     -3.96612161903848      c
    2.27732004075113      1.31481271163097     -3.96612161903848      c
   -4.05145752892040     -2.33914158233322     -3.96129916747335      h
    4.05145752892040      2.33914158233322     -3.96129916747335      h
    0.00000000000000     -2.62963199291730     -3.96625426910513      c
    2.27732004075113     -1.31481271163097     -3.96612161903848      c
    0.00000000000000     -4.67825083726873     -3.96130807253650      h
    4.05145752892040     -2.33914158233322     -3.96129916747335      h
  0.39267551196431D-04  0.24559756051479D-04  0.11703375016703D-03
  0.39267551196431D-04  -.24559756051479D-04  0.11703375016703D-03
  0.00000000000000D+00  -.41386862382808D-04  0.13798136279344D-03
  -.39267551196431D-04  -.24559756051479D-04  0.11703375016703D-03
  -.39267551196431D-04  0.24559756051479D-04  0.11703375016703D-03
  -.41638478747719D-05  0.26105106930574D-05  0.75896595013789D-04
  0.00000000000000D+00  0.38886402730226D-05  0.70110936273016D-04
  0.41638478747164D-05  0.26105106930574D-05  0.75896595013789D-04
  0.00000000000000D+00  0.41386862382808D-04  0.13798136279344D-03
  0.00000000000000D+00  -.38886402730226D-05  0.70110936273016D-04
  -.41638478747719D-05  -.26105106930574D-05  0.75896595013789D-04
  0.41638478747164D-05  -.26105106930574D-05  0.75896595013789D-04
  -.41638478747719D-05  0.26105106930574D-05  -.75896595013789D-04
  0.00000000000000D+00  0.38886402730226D-05  -.70110936273016D-04
  0.39267551196431D-04  -.24559756051479D-04  -.11703375016703D-03
  0.00000000000000D+00  -.41386862382808D-04  -.13798136279344D-03
  0.39267551196431D-04  0.24559756051479D-04  -.11703375016703D-03
  -.39267551196431D-04  -.24559756051479D-04  -.11703375016703D-03
  -.41638478747719D-05  -.26105106930574D-05  -.75896595013789D-04
  0.41638478747164D-05  0.26105106930574D-05  -.75896595013789D-04
  0.00000000000000D+00  0.41386862382808D-04  -.13798136279344D-03
  -.39267551196431D-04  0.24559756051479D-04  -.11703375016703D-03
  0.00000000000000D+00  -.38886402730226D-05  -.70110936273016D-04
  0.41638478747164D-05  -.26105106930574D-05  -.75896595013789D-04
  cycle =      9    SCF energy =     -464.7279513040   |dE/dxyz| =  0.000504
   -2.27732086858880     -1.31481252893857      3.94081801151469      c
   -2.27732086858880      1.31481252893857      3.94081801151469      c
    0.00000000000000      2.62962413365414      3.94089356674259      c
    2.27732086858880      1.31481252893857      3.94081801151469      c
    2.27732086858880     -1.31481252893857      3.94081801151469      c
   -4.05145503899233      2.33913727259547      3.93501627024434      h
    0.00000000000000      4.67823928020063      3.93505330977120      h
    4.05145503899233      2.33913727259547      3.93501627024434      h
    0.00000000000000     -2.62962413365414      3.94089356674259      c
    0.00000000000000     -4.67823928020063      3.93505330977120      h
   -4.05145503899233     -2.33913727259547      3.93501627024434      h
    4.05145503899233     -2.33913727259547      3.93501627024434      h
   -4.05145503899233      2.33913727259547     -3.93501627024434      h
    0.00000000000000      4.67823928020063     -3.93505330977120      h
   -2.27732086858880      1.31481252893857     -3.94081801151469      c
    0.00000000000000      2.62962413365414     -3.94089356674259      c
   -2.27732086858880     -1.31481252893857     -3.94081801151469      c
    2.27732086858880      1.31481252893857     -3.94081801151469      c
   -4.05145503899233     -2.33913727259547     -3.93501627024434      h
    4.05145503899233      2.33913727259547     -3.93501627024434      h
    0.00000000000000     -2.62962413365414     -3.94089356674259      c
    2.27732086858880     -1.31481252893857     -3.94081801151469      c
    0.00000000000000     -4.67823928020063     -3.93505330977120      h
    4.05145503899233     -2.33913727259547     -3.93501627024434      h
  0.27967925260830D-04  0.16449799239149D-04  0.12384374135911D-03
  0.27967925260830D-04  -.16449799239149D-04  0.12384374135911D-03
  0.00000000000000D+00  -.30693263344872D-04  0.13393347643947D-03
  -.27967925260830D-04  -.16449799239149D-04  0.12384374135911D-03
  -.27967925260830D-04  0.16449799239149D-04  0.12384374135911D-03
  -.41124628926692D-05  0.21981317736008D-05  0.63512399950569D-04
  0.00000000000000D+00  0.38000738914745D-05  0.61026164493098D-04
  0.41124628925859D-05  0.21981317736008D-05  0.63512399950569D-04
  0.00000000000000D+00  0.30693263344872D-04  0.13393347643947D-03
  0.00000000000000D+00  -.38000738914745D-05  0.61026164493098D-04
  -.41124628926692D-05  -.21981317736008D-05  0.63512399950569D-04
  0.41124628925859D-05  -.21981317736008D-05  0.63512399950569D-04
  -.41124628926692D-05  0.21981317736008D-05  -.63512399950569D-04
  0.00000000000000D+00  0.38000738914745D-05  -.61026164493098D-04
  0.27967925260830D-04  -.16449799239149D-04  -.12384374135911D-03
  0.00000000000000D+00  -.30693263344872D-04  -.13393347643947D-03
  0.27967925260830D-04  0.16449799239149D-04  -.12384374135911D-03
  -.27967925260830D-04  -.16449799239149D-04  -.12384374135911D-03
  -.41124628926692D-05  -.21981317736008D-05  -.63512399950569D-04
  0.41124628925859D-05  0.21981317736008D-05  -.63512399950569D-04
  0.00000000000000D+00  0.30693263344872D-04  -.13393347643947D-03
  -.27967925260830D-04  0.16449799239149D-04  -.12384374135911D-03
  0.00000000000000D+00  -.38000738914745D-05  -.61026164493098D-04
  0.41124628925859D-05  -.21981317736008D-05  -.63512399950569D-04
  cycle =     10    SCF energy =     -464.7280022221   |dE/dxyz| =  0.000468
   -2.27733210655949     -1.31481940036437      3.91533229958090      c
   -2.27733210655949      1.31481940036437      3.91533229958090      c
    0.00000000000000      2.62963276471446      3.91534859226847      c
    2.27733210655949      1.31481940036437      3.91533229958090      c
    2.27733210655949     -1.31481940036437      3.91533229958090      c
   -4.05145769268702      2.33914004434573      3.90906485769453      h
    0.00000000000000      4.67824261578672      3.90911684267980      h
    4.05145769268702      2.33914004434573      3.90906485769453      h
    0.00000000000000     -2.62963276471446      3.91534859226847      c
    0.00000000000000     -4.67824261578672      3.90911684267980      h
   -4.05145769268702     -2.33914004434573      3.90906485769453      h
    4.05145769268702     -2.33914004434573      3.90906485769453      h
   -4.05145769268702      2.33914004434573     -3.90906485769453      h
    0.00000000000000      4.67824261578672     -3.90911684267980      h
   -2.27733210655949      1.31481940036437     -3.91533229958090      c
    0.00000000000000      2.62963276471446     -3.91534859226847      c
   -2.27733210655949     -1.31481940036437     -3.91533229958090      c
    2.27733210655949      1.31481940036437     -3.91533229958090      c
   -4.05145769268702     -2.33914004434573     -3.90906485769453      h
    4.05145769268702      2.33914004434573     -3.90906485769453      h
    0.00000000000000     -2.62963276471446     -3.91534859226847      c
    2.27733210655949     -1.31481940036437     -3.91533229958090      c
    0.00000000000000     -4.67824261578672     -3.90911684267980      h
    4.05145769268702     -2.33914004434573     -3.90906485769453      h
  0.87266998309854D-05  0.38932115933865D-05  0.12097579492813D-03
  0.87266998309854D-05  -.38932115933865D-05  0.12097579492813D-03
  0.00000000000000D+00  -.10741309458939D-04  0.12043777431467D-03
  -.87266998309854D-05  -.38932115933865D-05  0.12097579492813D-03
  -.87266998309854D-05  0.38932115933865D-05  0.12097579492813D-03
  -.22933487606736D-05  0.10883651272442D-05  0.59714709830060D-04
  0.00000000000000D+00  0.29538510328830D-05  0.60269013820460D-04
  0.22933487605903D-05  0.10883651272442D-05  0.59714709830060D-04
  0.00000000000000D+00  0.10741309458939D-04  0.12043777431467D-03
  0.00000000000000D+00  -.29538510328830D-05  0.60269013820460D-04
  -.22933487606736D-05  -.10883651272442D-05  0.59714709830060D-04
  0.22933487605903D-05  -.10883651272442D-05  0.59714709830060D-04
  -.22933487606736D-05  0.10883651272442D-05  -.59714709830060D-04
  0.00000000000000D+00  0.29538510328830D-05  -.60269013820460D-04
  0.87266998309854D-05  -.38932115933865D-05  -.12097579492813D-03
  0.00000000000000D+00  -.10741309458939D-04  -.12043777431467D-03
  0.87266998309854D-05  0.38932115933865D-05  -.12097579492813D-03
  -.87266998309854D-05  -.38932115933865D-05  -.12097579492813D-03
  -.22933487606736D-05  -.10883651272442D-05  -.59714709830060D-04
  0.22933487605903D-05  0.10883651272442D-05  -.59714709830060D-04
  0.00000000000000D+00  0.10741309458939D-04  -.12043777431467D-03
  -.87266998309854D-05  0.38932115933865D-05  -.12097579492813D-03
  0.00000000000000D+00  -.29538510328830D-05  -.60269013820460D-04
  0.22933487605903D-05  -.10883651272442D-05  -.59714709830060D-04
  cycle =     11    SCF energy =     -464.7280535068   |dE/dxyz| =  0.000438
   -2.27732047113620     -1.31481245717613      3.88981281000731      c
   -2.27732047113620      1.31481245717613      3.88981281000731      c
    0.00000000000000      2.62961770798825      3.88979421078859      c
    2.27732047113620      1.31481245717613      3.88981281000731      c
    2.27732047113620     -1.31481245717613      3.88981281000731      c
   -4.05144197845506      2.33913305434920      3.88315150721125      h
    0.00000000000000      4.67822591852967      3.88319506503519      h
    4.05144197845506      2.33913305434920      3.88315150721125      h
    0.00000000000000     -2.62961770798825      3.88979421078859      c
    0.00000000000000     -4.67822591852967      3.88319506503519      h
   -4.05144197845506     -2.33913305434920      3.88315150721125      h
    4.05144197845506     -2.33913305434920      3.88315150721125      h
   -4.05144197845506      2.33913305434920     -3.88315150721125      h
    0.00000000000000      4.67822591852967     -3.88319506503519      h
   -2.27732047113620      1.31481245717613     -3.88981281000731      c
    0.00000000000000      2.62961770798825     -3.88979421078859      c
   -2.27732047113620     -1.31481245717613     -3.88981281000731      c
    2.27732047113620      1.31481245717613     -3.88981281000731      c
   -4.05144197845506     -2.33913305434920     -3.88315150721125      h
    4.05144197845506      2.33913305434920     -3.88315150721125      h
    0.00000000000000     -2.62961770798825     -3.88979421078859      c
    2.27732047113620     -1.31481245717613     -3.88981281000731      c
    0.00000000000000     -4.67822591852967     -3.88319506503519      h
    4.05144197845506     -2.33913305434920     -3.88315150721125      h
  0.17370978011577D-05  -.24124516762036D-06  0.11418517165321D-03
  0.17370978011577D-05  0.24124516762036D-06  0.11418517165321D-03
  0.00000000000000D+00  -.34926869982299D-05  0.10825932215282D-03
  -.17370978009357D-05  0.24124516762036D-06  0.11418517165321D-03
  -.17370978009357D-05  -.24124516762036D-06  0.11418517165321D-03
  -.19437143998213D-05  0.97996991238469D-06  0.57519586529263D-04
  0.00000000000000D+00  0.32172580465284D-05  0.59436510388089D-04
  0.19437143997381D-05  0.97996991238469D-06  0.57519586529263D-04
  0.00000000000000D+00  0.34926869982299D-05  0.10825932215282D-03
  0.00000000000000D+00  -.32172580465284D-05  0.59436510388089D-04
  -.19437143998213D-05  -.97996991238469D-06  0.57519586529263D-04
  0.19437143997381D-05  -.97996991238469D-06  0.57519586529263D-04
  -.19437143998213D-05  0.97996991238469D-06  -.57519586529263D-04
  0.00000000000000D+00  0.32172580465284D-05  -.59436510388089D-04
  0.17370978011577D-05  0.24124516762036D-06  -.11418517165321D-03
  0.00000000000000D+00  -.34926869982299D-05  -.10825932215282D-03
  0.17370978011577D-05  -.24124516762036D-06  -.11418517165321D-03
  -.17370978009357D-05  0.24124516762036D-06  -.11418517165321D-03
  -.19437143998213D-05  -.97996991238469D-06  -.57519586529263D-04
  0.19437143997381D-05  0.97996991238469D-06  -.57519586529263D-04
  0.00000000000000D+00  0.34926869982299D-05  -.10825932215282D-03
  -.17370978009357D-05  -.24124516762036D-06  -.11418517165321D-03
  0.00000000000000D+00  -.32172580465284D-05  -.59436510388089D-04
  0.19437143997381D-05  -.97996991238469D-06  -.57519586529263D-04
  cycle =     12    SCF energy =     -464.7281054352   |dE/dxyz| =  0.000408
   -2.27728919660253     -1.31479385385556      3.86430726443147      c
   -2.27728919660253      1.31479385385556      3.86430726443147      c
    0.00000000000000      2.62958188895518      3.86428123712970      c
    2.27728919660253      1.31479385385556      3.86430726443147      c
    2.27728919660253     -1.31479385385556      3.86430726443147      c
   -4.05140807647620      2.33911555998864      3.85717885524620      h
    0.00000000000000      4.67818803144026      3.85719876647218      h
    4.05140807647620      2.33911555998864      3.85717885524620      h
    0.00000000000000     -2.62958188895518      3.86428123712970      c
    0.00000000000000     -4.67818803144026      3.85719876647218      h
   -4.05140807647620     -2.33911555998864      3.85717885524620      h
    4.05140807647620     -2.33911555998864      3.85717885524620      h
   -4.05140807647620      2.33911555998864     -3.85717885524620      h
    0.00000000000000      4.67818803144026     -3.85719876647218      h
   -2.27728919660253      1.31479385385556     -3.86430726443147      c
    0.00000000000000      2.62958188895518     -3.86428123712970      c
   -2.27728919660253     -1.31479385385556     -3.86430726443147      c
    2.27728919660253      1.31479385385556     -3.86430726443147      c
   -4.05140807647620     -2.33911555998864     -3.85717885524620      h
    4.05140807647620      2.33911555998864     -3.85717885524620      h
    0.00000000000000     -2.62958188895518     -3.86428123712970      c
    2.27728919660253     -1.31479385385556     -3.86430726443147      c
    0.00000000000000     -4.67818803144026     -3.85719876647218      h
    4.05140807647620     -2.33911555998864     -3.85717885524620      h
  0.43890262149127D-05  0.19804242126220D-05  0.10588726700564D-03
  0.43890262149127D-05  -.19804242126220D-05  0.10588726700564D-03
  0.00000000000000D+00  -.61472461560519D-05  0.99969826634801D-04
  -.43890262146906D-05  -.19804242126220D-05  0.10588726700564D-03
  -.43890262146906D-05  0.19804242126220D-05  0.10588726700564D-03
  -.20083178543517D-05  0.11699345762728D-05  0.54542645988776D-04
  0.00000000000000D+00  0.33310948944903D-05  0.56215604523270D-04
  0.20083178542130D-05  0.11699345763283D-05  0.54542645988776D-04
  0.00000000000000D+00  0.61472461561629D-05  0.99969826634801D-04
  0.00000000000000D+00  -.33310948944903D-05  0.56215604523270D-04
  -.20083178543517D-05  -.11699345762728D-05  0.54542645988776D-04
  0.20083178542130D-05  -.11699345763283D-05  0.54542645988776D-04
  -.20083178543517D-05  0.11699345762728D-05  -.54542645988776D-04
  0.00000000000000D+00  0.33310948944903D-05  -.56215604523270D-04
  0.43890262149127D-05  -.19804242126220D-05  -.10588726700564D-03
  0.00000000000000D+00  -.61472461561629D-05  -.99969826634801D-04
  0.43890262149127D-05  0.19804242126220D-05  -.10588726700564D-03
  -.43890262146906D-05  -.19804242126220D-05  -.10588726700564D-03
  -.20083178543517D-05  -.11699345762728D-05  -.54542645988776D-04
  0.20083178542130D-05  0.11699345763283D-05  -.54542645988776D-04
  0.00000000000000D+00  0.61472461560519D-05  -.99969826634801D-04
  -.43890262146906D-05  0.19804242126220D-05  -.10588726700564D-03
  0.00000000000000D+00  -.33310948944903D-05  -.56215604523270D-04
  0.20083178542130D-05  -.11699345763283D-05  -.54542645988776D-04
  cycle =     13    SCF energy =     -464.7281574040   |dE/dxyz| =  0.000376
   -2.27725238406207     -1.31477212435270      3.83881213296738      c
   -2.27725238406207      1.31477212435270      3.83881213296738      c
    0.00000000000000      2.62954009872471      3.83879545706225      c
    2.27725238406207      1.31477212435270      3.83881213296738      c
    2.27725238406207     -1.31477212435270      3.83881213296738      c
   -4.05136758350201      2.33909400167816      3.83115367819745      h
    0.00000000000000      4.67814188113046      3.83114914348272      h
    4.05136758350201      2.33909400167816      3.83115367819745      h
    0.00000000000000     -2.62954009872471      3.83879545706225      c
    0.00000000000000     -4.67814188113046      3.83114914348272      h
   -4.05136758350201     -2.33909400167816      3.83115367819745      h
    4.05136758350201     -2.33909400167816      3.83115367819745      h
   -4.05136758350201      2.33909400167816     -3.83115367819745      h
    0.00000000000000      4.67814188113046     -3.83114914348272      h
   -2.27725238406207      1.31477212435270     -3.83881213296738      c
    0.00000000000000      2.62954009872471     -3.83879545706225      c
   -2.27725238406207     -1.31477212435270     -3.83881213296738      c
    2.27725238406207      1.31477212435270     -3.83881213296738      c
   -4.05136758350201     -2.33909400167816     -3.83115367819745      h
    4.05136758350201      2.33909400167816     -3.83115367819745      h
    0.00000000000000     -2.62954009872471     -3.83879545706225      c
    2.27725238406207     -1.31477212435270     -3.83881213296738      c
    0.00000000000000     -4.67814188113046     -3.83114914348272      h
    4.05136758350201     -2.33909400167816     -3.83115367819745      h
  0.88749180437997D-05  0.52788356975086D-05  0.96296999034878D-04
  0.88749180437997D-05  -.52788356975086D-05  0.96296999034878D-04
  0.00000000000000D+00  -.10599834553926D-04  0.93245218604293D-04
  -.88749180437997D-05  -.52788356975086D-05  0.96296999034878D-04
  -.88749180437997D-05  0.52788356975086D-05  0.96296999034878D-04
  -.17119699793067D-05  0.11395810302628D-05  0.50829234455017D-04
  0.00000000000000D+00  0.27113734110407D-05  0.51459840963095D-04
  0.17119699792234D-05  0.11395810303183D-05  0.50829234455017D-04
  0.00000000000000D+00  0.10599834553926D-04  0.93245218604293D-04
  0.00000000000000D+00  -.27113734110407D-05  0.51459840963095D-04
  -.17119699793067D-05  -.11395810302628D-05  0.50829234455017D-04
  0.17119699792234D-05  -.11395810303183D-05  0.50829234455017D-04
  -.17119699793067D-05  0.11395810302628D-05  -.50829234455017D-04
  0.00000000000000D+00  0.27113734110407D-05  -.51459840963095D-04
  0.88749180437997D-05  -.52788356975086D-05  -.96296999034878D-04
  0.00000000000000D+00  -.10599834553926D-04  -.93245218604293D-04
  0.88749180437997D-05  0.52788356975086D-05  -.96296999034878D-04
  -.88749180437997D-05  -.52788356975086D-05  -.96296999034878D-04
  -.17119699793067D-05  -.11395810302628D-05  -.50829234455017D-04
  0.17119699792234D-05  0.11395810303183D-05  -.50829234455017D-04
  0.00000000000000D+00  0.10599834553926D-04  -.93245218604293D-04
  -.88749180437997D-05  0.52788356975086D-05  -.96296999034878D-04
  0.00000000000000D+00  -.27113734110407D-05  -.51459840963095D-04
  0.17119699792234D-05  -.11395810303183D-05  -.50829234455017D-04
  cycle =     14    SCF energy =     -464.7282078211   |dE/dxyz| =  0.000341
   -2.27721778118036     -1.31475202231452      3.81332426070271      c
   -2.27721778118036      1.31475202231452      3.81332426070271      c
    0.00000000000000      2.62950073003744      3.81332150458059      c
    2.27721778118036      1.31475202231452      3.81332426070271      c
    2.27721778118036     -1.31475202231452      3.81332426070271      c
   -4.05132841927018      2.33907261996347      3.80508432516008      h
    0.00000000000000      4.67809704630589      3.80506640769828      h
    4.05132841927018      2.33907261996347      3.80508432516008      h
    0.00000000000000     -2.62950073003744      3.81332150458059      c
    0.00000000000000     -4.67809704630589      3.80506640769828      h
   -4.05132841927018     -2.33907261996347      3.80508432516008      h
    4.05132841927018     -2.33907261996347      3.80508432516008      h
   -4.05132841927018      2.33907261996347     -3.80508432516008      h
    0.00000000000000      4.67809704630589     -3.80506640769828      h
   -2.27721778118036      1.31475202231452     -3.81332426070271      c
    0.00000000000000      2.62950073003744     -3.81332150458059      c
   -2.27721778118036     -1.31475202231452     -3.81332426070271      c
    2.27721778118036      1.31475202231452     -3.81332426070271      c
   -4.05132841927018     -2.33907261996347     -3.80508432516008      h
    4.05132841927018      2.33907261996347     -3.80508432516008      h
    0.00000000000000     -2.62950073003744     -3.81332150458059      c
    2.27721778118036     -1.31475202231452     -3.81332426070271      c
    0.00000000000000     -4.67809704630589     -3.80506640769828      h
    4.05132841927018     -2.33907261996347     -3.80508432516008      h
  0.11321862973812D-04  0.69701953858692D-05  0.85700930433433D-04
  0.11321862973812D-04  -.69701953858692D-05  0.85700930433433D-04
  0.00000000000000D+00  -.12939622419716D-04  0.85642463271141D-04
  -.11321862974034D-04  -.69701953857582D-05  0.85700930433433D-04
  -.11321862974034D-04  0.69701953857582D-05  0.85700930433433D-04
  -.11252557074459D-05  0.88924654534361D-06  0.46428203165715D-04
  0.00000000000000D+00  0.18446187632221D-05  0.46089542043146D-04
  0.11252557073627D-05  0.88924654539912D-06  0.46428203165715D-04
  0.00000000000000D+00  0.12939622419716D-04  0.85642463271141D-04
  0.00000000000000D+00  -.18446187632221D-05  0.46089542043146D-04
  -.11252557074459D-05  -.88924654534361D-06  0.46428203165715D-04
  0.11252557073627D-05  -.88924654539912D-06  0.46428203165715D-04
  -.11252557074459D-05  0.88924654534361D-06  -.46428203165715D-04
  0.00000000000000D+00  0.18446187632221D-05  -.46089542043146D-04
  0.11321862973812D-04  -.69701953858692D-05  -.85700930433433D-04
  0.00000000000000D+00  -.12939622419716D-04  -.85642463271141D-04
  0.11321862973812D-04  0.69701953858692D-05  -.85700930433433D-04
  -.11321862974034D-04  -.69701953857582D-05  -.85700930433433D-04
  -.11252557074459D-05  -.88924654534361D-06  -.46428203165715D-04
  0.11252557073627D-05  0.88924654539912D-06  -.46428203165715D-04
  0.00000000000000D+00  0.12939622419716D-04  -.85642463271141D-04
  -.11321862974034D-04  0.69701953857582D-05  -.85700930433433D-04
  0.00000000000000D+00  -.18446187632221D-05  -.46089542043146D-04
  0.11252557073627D-05  -.88924654539912D-06  -.46428203165715D-04
  cycle =     15    SCF energy =     -464.7282546400   |dE/dxyz| =  0.000299
   -2.27718582551318     -1.31473363974521      3.78784609447359      c
   -2.27718582551318      1.31473363974521      3.78784609447359      c
    0.00000000000000      2.62946388874778      3.78785445504327      c
    2.27718582551318      1.31473363974521      3.78784609447359      c
    2.27718582551318     -1.31473363974521      3.78784609447359      c
   -4.05129170448944      2.33905164761500      3.77896913962550      h
    0.00000000000000      4.67805447597509      3.77895240375684      h
    4.05129170448944      2.33905164761500      3.77896913962550      h
    0.00000000000000     -2.62946388874778      3.78785445504327      c
    0.00000000000000     -4.67805447597509      3.77895240375684      h
   -4.05129170448944     -2.33905164761500      3.77896913962550      h
    4.05129170448944     -2.33905164761500      3.77896913962550      h
   -4.05129170448944      2.33905164761500     -3.77896913962550      h
    0.00000000000000      4.67805447597509     -3.77895240375684      h
   -2.27718582551318      1.31473363974521     -3.78784609447359      c
    0.00000000000000      2.62946388874778     -3.78785445504327      c
   -2.27718582551318     -1.31473363974521     -3.78784609447359      c
    2.27718582551318      1.31473363974521     -3.78784609447359      c
   -4.05129170448944     -2.33905164761500     -3.77896913962550      h
    4.05129170448944      2.33905164761500     -3.77896913962550      h
    0.00000000000000     -2.62946388874778     -3.78785445504327      c
    2.27718582551318     -1.31473363974521     -3.78784609447359      c
    0.00000000000000     -4.67805447597509     -3.77895240375684      h
    4.05129170448944     -2.33905164761500     -3.77896913962550      h
  0.11667953124572D-04  0.71119203840508D-05  0.74261928427674D-04
  0.11667953124572D-04  -.71119203840508D-05  0.74261928427674D-04
  0.00000000000000D+00  -.13213872207818D-04  0.76014878308515D-04
  -.11667953124350D-04  -.71119203840508D-05  0.74261928427674D-04
  -.11667953124350D-04  0.71119203840508D-05  0.74261928427674D-04
  -.49104639510134D-06  0.52549300605387D-06  0.41224171414814D-04
  0.00000000000000D+00  0.10214804210679D-05  0.40406173658934D-04
  0.49104639501807D-06  0.52549300610938D-06  0.41224171414814D-04
  0.00000000000000D+00  0.13213872207818D-04  0.76014878308515D-04
  0.00000000000000D+00  -.10214804210679D-05  0.40406173658934D-04
  -.49104639510134D-06  -.52549300605387D-06  0.41224171414814D-04
  0.49104639501807D-06  -.52549300610938D-06  0.41224171414814D-04
  -.49104639510134D-06  0.52549300605387D-06  -.41224171414814D-04
  0.00000000000000D+00  0.10214804210679D-05  -.40406173658934D-04
  0.11667953124572D-04  -.71119203840508D-05  -.74261928427674D-04
  0.00000000000000D+00  -.13213872207818D-04  -.76014878308515D-04
  0.11667953124572D-04  0.71119203840508D-05  -.74261928427674D-04
  -.11667953124350D-04  -.71119203840508D-05  -.74261928427674D-04
  -.49104639510134D-06  -.52549300605387D-06  -.41224171414814D-04
  0.49104639501807D-06  0.52549300610938D-06  -.41224171414814D-04
  0.00000000000000D+00  0.13213872207818D-04  -.76014878308515D-04
  -.11667953124350D-04  0.71119203840508D-05  -.74261928427674D-04
  0.00000000000000D+00  -.10214804210679D-05  -.40406173658934D-04
  0.49104639501807D-06  -.52549300610938D-06  -.41224171414814D-04
  cycle =     16    SCF energy =     -464.7282955777   |dE/dxyz| =  0.000252
   -2.27715378036656     -1.31471532518328      3.76238123213574      c
   -2.27715378036656      1.31471532518328      3.76238123213574      c
    0.00000000000000      2.62942675202340      3.76239521134508      c
    2.27715378036656      1.31471532518328      3.76238123213574      c
    2.27715378036656     -1.31471532518328      3.76238123213574      c
   -4.05125474588535      2.33902968864091      3.75280444298498      h
    0.00000000000000      4.67801137287647      3.75279909505251      h
    4.05125474588535      2.33902968864091      3.75280444298498      h
    0.00000000000000     -2.62942675202340      3.76239521134508      c
    0.00000000000000     -4.67801137287647      3.75279909505251      h
   -4.05125474588535     -2.33902968864091      3.75280444298498      h
    4.05125474588535     -2.33902968864091      3.75280444298498      h
   -4.05125474588535      2.33902968864091     -3.75280444298498      h
    0.00000000000000      4.67801137287647     -3.75279909505251      h
   -2.27715378036656      1.31471532518328     -3.76238123213574      c
    0.00000000000000      2.62942675202340     -3.76239521134508      c
   -2.27715378036656     -1.31471532518328     -3.76238123213574      c
    2.27715378036656      1.31471532518328     -3.76238123213574      c
   -4.05125474588535     -2.33902968864091     -3.75280444298498      h
    4.05125474588535      2.33902968864091     -3.75280444298498      h
    0.00000000000000     -2.62942675202340     -3.76239521134508      c
    2.27715378036656     -1.31471532518328     -3.76238123213574      c
    0.00000000000000     -4.67801137287647     -3.75279909505251      h
    4.05125474588535     -2.33902968864091     -3.75280444298498      h
  0.11309894864864D-04  0.66937809035661D-05  0.61798552929204D-04
  0.11309894864864D-04  -.66937809035661D-05  0.61798552929204D-04
  0.00000000000000D+00  -.12927076053992D-04  0.63853394196810D-04
  -.11309894864864D-04  -.66937809035661D-05  0.61798552929204D-04
  -.11309894864864D-04  0.66937809035661D-05  0.61798552929204D-04
  0.10913875292395D-06  0.11751764733559D-06  0.35117853714709D-04
  0.00000000000000D+00  0.32082947748480D-06  0.34323453050059D-04
  -.10913875300722D-06  0.11751764739110D-06  0.35117853714709D-04
  0.00000000000000D+00  0.12927076053992D-04  0.63853394196810D-04
  0.00000000000000D+00  -.32082947748480D-06  0.34323453050059D-04
  0.10913875292395D-06  -.11751764733559D-06  0.35117853714709D-04
  -.10913875300722D-06  -.11751764739110D-06  0.35117853714709D-04
  0.10913875292395D-06  0.11751764733559D-06  -.35117853714709D-04
  0.00000000000000D+00  0.32082947748480D-06  -.34323453050059D-04
  0.11309894864864D-04  -.66937809035661D-05  -.61798552929204D-04
  0.00000000000000D+00  -.12927076053992D-04  -.63853394196810D-04
  0.11309894864864D-04  0.66937809035661D-05  -.61798552929204D-04
  -.11309894864864D-04  -.66937809035661D-05  -.61798552929204D-04
  0.10913875292395D-06  -.11751764733559D-06  -.35117853714709D-04
  -.10913875300722D-06  0.11751764739110D-06  -.35117853714709D-04
  0.00000000000000D+00  0.12927076053992D-04  -.63853394196810D-04
  -.11309894864864D-04  0.66937809035661D-05  -.61798552929204D-04
  0.00000000000000D+00  -.32082947748480D-06  -.34323453050059D-04
  -.10913875300722D-06  -.11751764739110D-06  -.35117853714709D-04
  cycle =     17    SCF energy =     -464.7283284241   |dE/dxyz| =  0.000199
   -2.27711945648266     -1.31469578398081      3.73693321135718      c
   -2.27711945648266      1.31469578398081      3.73693321135718      c
    0.00000000000000      2.62938725851996      3.73694906351299      c
    2.27711945648266      1.31469578398081      3.73693321135718      c
    2.27711945648266     -1.31469578398081      3.73693321135718      c
   -4.05121478731482      2.33900562186278      3.72658448045081      h
    0.00000000000000      4.67796497571806      3.72659448509451      h
    4.05121478731482      2.33900562186278      3.72658448045081      h
    0.00000000000000     -2.62938725851996      3.73694906351299      c
    0.00000000000000     -4.67796497571806      3.72659448509451      h
   -4.05121478731482     -2.33900562186278      3.72658448045081      h
    4.05121478731482     -2.33900562186278      3.72658448045081      h
   -4.05121478731482      2.33900562186278     -3.72658448045081      h
    0.00000000000000      4.67796497571806     -3.72659448509451      h
   -2.27711945648266      1.31469578398081     -3.73693321135718      c
    0.00000000000000      2.62938725851996     -3.73694906351299      c
   -2.27711945648266     -1.31469578398081     -3.73693321135718      c
    2.27711945648266      1.31469578398081     -3.73693321135718      c
   -4.05121478731482     -2.33900562186278     -3.72658448045081      h
    4.05121478731482      2.33900562186278     -3.72658448045081      h
    0.00000000000000     -2.62938725851996     -3.73694906351299      c
    2.27711945648266     -1.31469578398081     -3.73693321135718      c
    0.00000000000000     -4.67796497571806     -3.72659448509451      h
    4.05121478731482     -2.33900562186278     -3.72658448045081      h
  0.11339030544288D-04  0.64826192245349D-05  0.47957156987702D-04
  0.11339030544288D-04  -.64826192245349D-05  0.47957156987702D-04
  0.00000000000000D+00  -.13101609867283D-04  0.49430582639579D-04
  -.11339030544288D-04  -.64826192244238D-05  0.47957156987702D-04
  -.11339030544288D-04  0.64826192244238D-05  0.47957156987702D-04
  0.81215844027760D-06  -.36630168553931D-06  0.27978895054645D-04
  0.00000000000000D+00  -.47689662727168D-06  0.27491527814706D-04
  -.81215844041638D-06  -.36630168548379D-06  0.27978895054645D-04
  0.00000000000000D+00  0.13101609867283D-04  0.49430582639579D-04
  0.00000000000000D+00  0.47689662727168D-06  0.27491527814706D-04
  0.81215844027760D-06  0.36630168553931D-06  0.27978895054645D-04
  -.81215844041638D-06  0.36630168548379D-06  0.27978895054645D-04
  0.81215844027760D-06  -.36630168553931D-06  -.27978895054645D-04
  0.00000000000000D+00  -.47689662727168D-06  -.27491527814706D-04
  0.11339030544288D-04  -.64826192245349D-05  -.47957156987702D-04
  0.00000000000000D+00  -.13101609867283D-04  -.49430582639579D-04
  0.11339030544288D-04  0.64826192245349D-05  -.47957156987702D-04
  -.11339030544288D-04  -.64826192244238D-05  -.47957156987702D-04
  0.81215844027760D-06  0.36630168553931D-06  -.27978895054645D-04
  -.81215844041638D-06  -.36630168548379D-06  -.27978895054645D-04
  0.00000000000000D+00  0.13101609867283D-04  -.49430582639579D-04
  -.11339030544288D-04  0.64826192244238D-05  -.47957156987702D-04
  0.00000000000000D+00  0.47689662727168D-06  -.27491527814706D-04
  -.81215844041638D-06  0.36630168548379D-06  -.27978895054645D-04
  cycle =     18    SCF energy =     -464.7283512623   |dE/dxyz| =  0.000140
   -2.27708273011999     -1.31467485531830      3.71150329323979      c
   -2.27708273011999      1.31467485531830      3.71150329323979      c
    0.00000000000000      2.62934535969474      3.71151975230879      c
    2.27708273011999      1.31467485531830      3.71150329323979      c
    2.27708273011999     -1.31467485531830      3.71150329323979      c
   -4.05117130393135      2.33897953448906      3.70030703634745      h
    0.00000000000000      4.67791482855799      3.70033024745710      h
    4.05117130393135      2.33897953448906      3.70030703634745      h
    0.00000000000000     -2.62934535969474      3.71151975230879      c
    0.00000000000000     -4.67791482855799      3.70033024745710      h
   -4.05117130393135     -2.33897953448906      3.70030703634745      h
    4.05117130393135     -2.33897953448906      3.70030703634745      h
   -4.05117130393135      2.33897953448906     -3.70030703634745      h
    0.00000000000000      4.67791482855799     -3.70033024745710      h
   -2.27708273011999      1.31467485531830     -3.71150329323979      c
    0.00000000000000      2.62934535969474     -3.71151975230879      c
   -2.27708273011999     -1.31467485531830     -3.71150329323979      c
    2.27708273011999      1.31467485531830     -3.71150329323979      c
   -4.05117130393135     -2.33897953448906     -3.70030703634745      h
    4.05117130393135      2.33897953448906     -3.70030703634745      h
    0.00000000000000     -2.62934535969474     -3.71151975230879      c
    2.27708273011999     -1.31467485531830     -3.71150329323979      c
    0.00000000000000     -4.67791482855799     -3.70033024745710      h
    4.05117130393135     -2.33897953448906     -3.70030703634745      h
  0.11606853410839D-04  0.65157486294209D-05  0.32537203014951D-04
  0.11606853410839D-04  -.65157486294209D-05  0.32537203014951D-04
  0.00000000000000D+00  -.13460731093373D-04  0.33246140175067D-04
  -.11606853411061D-04  -.65157486294209D-05  0.32537203014951D-04
  -.11606853411061D-04  0.65157486294209D-05  0.32537203014951D-04
  0.17096112183423D-05  -.94270294642707D-06  0.19778604180828D-04
  0.00000000000000D+00  -.15093094776347D-05  0.19573307493158D-04
  -.17096112184256D-05  -.94270294642707D-06  0.19778604180828D-04
  0.00000000000000D+00  0.13460731093373D-04  0.33246140175067D-04
  0.00000000000000D+00  0.15093094776347D-05  0.19573307493158D-04
  0.17096112183423D-05  0.94270294642707D-06  0.19778604180828D-04
  -.17096112184256D-05  0.94270294642707D-06  0.19778604180828D-04
  0.17096112183423D-05  -.94270294642707D-06  -.19778604180828D-04
  0.00000000000000D+00  -.15093094776347D-05  -.19573307493158D-04
  0.11606853410839D-04  -.65157486294209D-05  -.32537203014951D-04
  0.00000000000000D+00  -.13460731093373D-04  -.33246140175067D-04
  0.11606853410839D-04  0.65157486294209D-05  -.32537203014951D-04
  -.11606853411061D-04  -.65157486294209D-05  -.32537203014951D-04
  0.17096112183423D-05  0.94270294642707D-06  -.19778604180828D-04
  -.17096112184256D-05  -.94270294642707D-06  -.19778604180828D-04
  0.00000000000000D+00  0.13460731093373D-04  -.33246140175067D-04
  -.11606853411061D-04  0.65157486294209D-05  -.32537203014951D-04
  0.00000000000000D+00  0.15093094776347D-05  -.19573307493158D-04
  -.17096112184256D-05  0.94270294642707D-06  -.19778604180828D-04
  cycle =     19    SCF energy =     -464.7283626853   |dE/dxyz| =  0.000081
   -2.27704392584149     -1.31465267557713      3.68608943844279      c
   -2.27704392584149      1.31465267557713      3.68608943844279      c
    0.00000000000000      2.62930123691210      3.68610756100146      c
    2.27704392584149      1.31465267557713      3.68608943844279      c
    2.27704392584149     -1.31465267557713      3.68608943844279      c
   -4.05112456066461      2.33895184315499      3.67397435814095      h
    0.00000000000000      4.67786120242333      3.67400796382801      h
    4.05112456066461      2.33895184315499      3.67397435814095      h
    0.00000000000000     -2.62930123691210      3.68610756100146      c
    0.00000000000000     -4.67786120242333      3.67400796382801      h
   -4.05112456066461     -2.33895184315499      3.67397435814095      h
    4.05112456066461     -2.33895184315499      3.67397435814095      h
   -4.05112456066461      2.33895184315499     -3.67397435814095      h
    0.00000000000000      4.67786120242333     -3.67400796382801      h
   -2.27704392584149      1.31465267557713     -3.68608943844279      c
    0.00000000000000      2.62930123691210     -3.68610756100146      c
   -2.27704392584149     -1.31465267557713     -3.68608943844279      c
    2.27704392584149      1.31465267557713     -3.68608943844279      c
   -4.05112456066461     -2.33895184315499     -3.67397435814095      h
    4.05112456066461      2.33895184315499     -3.67397435814095      h
    0.00000000000000     -2.62930123691210     -3.68610756100146      c
    2.27704392584149     -1.31465267557713     -3.68608943844279      c
    0.00000000000000     -4.67786120242333     -3.67400796382801      h
    4.05112456066461     -2.33895184315499     -3.67397435814095      h
  0.12259887580246D-04  0.68415603676764D-05  0.14782369938404D-04
  0.12259887580246D-04  -.68415603676764D-05  0.14782369938404D-04
  0.00000000000000D+00  -.14195378261361D-04  0.15065672138395D-04
  -.12259887580468D-04  -.68415603676764D-05  0.14782369938404D-04
  -.12259887580468D-04  0.68415603676764D-05  0.14782369938404D-04
  0.27190160160617D-05  -.15597846271254D-05  0.10610383944050D-04
  0.00000000000000D+00  -.26723372767573D-05  0.10588576580831D-04
  -.27190160161450D-05  -.15597846271254D-05  0.10610383944050D-04
  0.00000000000000D+00  0.14195378261361D-04  0.15065672138395D-04
  0.00000000000000D+00  0.26723372767573D-05  0.10588576580831D-04
  0.27190160160617D-05  0.15597846271254D-05  0.10610383944050D-04
  -.27190160161450D-05  0.15597846271254D-05  0.10610383944050D-04
  0.27190160160617D-05  -.15597846271254D-05  -.10610383944050D-04
  0.00000000000000D+00  -.26723372767573D-05  -.10588576580831D-04
  0.12259887580246D-04  -.68415603676764D-05  -.14782369938404D-04
  0.00000000000000D+00  -.14195378261361D-04  -.15065672138395D-04
  0.12259887580246D-04  0.68415603676764D-05  -.14782369938404D-04
  -.12259887580468D-04  -.68415603676764D-05  -.14782369938404D-04
  0.27190160160617D-05  0.15597846271254D-05  -.10610383944050D-04
  -.27190160161450D-05  -.15597846271254D-05  -.10610383944050D-04
  0.00000000000000D+00  0.14195378261361D-04  -.15065672138395D-04
  -.12259887580468D-04  0.68415603676764D-05  -.14782369938404D-04
  0.00000000000000D+00  0.26723372767573D-05  -.10588576580831D-04
  -.27190160161450D-05  0.15597846271254D-05  -.10610383944050D-04
  cycle =     20    SCF energy =     -464.7283624640   |dE/dxyz| =  0.000052
   -2.27700748927651     -1.31463170328615      3.66210343160530      c
   -2.27700748927651      1.31463170328615      3.66210343160530      c
    0.00000000000000      2.62925965573934      3.66212408044227      c
    2.27700748927651      1.31463170328615      3.66210343160530      c
    2.27700748927651     -1.31463170328615      3.66210343160530      c
   -4.05107997627418      2.33892568498707      3.64903515902600      h
    0.00000000000000      4.67780988578181      3.64907427876068      h
    4.05107997627418      2.33892568498707      3.64903515902600      h
    0.00000000000000     -2.62925965573934      3.66212408044227      c
    0.00000000000000     -4.67780988578181      3.64907427876068      h
   -4.05107997627418     -2.33892568498707      3.64903515902600      h
    4.05107997627418     -2.33892568498707      3.64903515902600      h
   -4.05107997627418      2.33892568498707     -3.64903515902600      h
    0.00000000000000      4.67780988578181     -3.64907427876068      h
   -2.27700748927651      1.31463170328615     -3.66210343160530      c
    0.00000000000000      2.62925965573934     -3.66212408044227      c
   -2.27700748927651     -1.31463170328615     -3.66210343160530      c
    2.27700748927651      1.31463170328615     -3.66210343160530      c
   -4.05107997627418     -2.33892568498707     -3.64903515902600      h
    4.05107997627418      2.33892568498707     -3.64903515902600      h
    0.00000000000000     -2.62925965573934     -3.66212408044227      c
    2.27700748927651     -1.31463170328615     -3.66210343160530      c
    0.00000000000000     -4.67780988578181     -3.64907427876068      h
    4.05107997627418     -2.33892568498707     -3.64903515902600      h
  0.12324975752431D-04  0.69213952923475D-05  -.36047258774041D-05
  0.12324975752431D-04  -.69213952923475D-05  -.36047258774041D-05
  0.00000000000000D+00  -.14236808090151D-04  -.33074572318992D-05
  -.12324975752209D-04  -.69213952922365D-05  -.36047258774041D-05
  -.12324975752209D-04  0.69213952922365D-05  -.36047258774041D-05
  0.35095558338638D-05  -.20268077322583D-05  0.73775766949724D-06
  0.00000000000000D+00  -.36247030962278D-05  0.76277291569810D-06
  -.35095558339471D-05  -.20268077322028D-05  0.73775766949724D-06
  0.00000000000000D+00  0.14236808090151D-04  -.33074572318992D-05
  0.00000000000000D+00  0.36247030962278D-05  0.76277291569810D-06
  0.35095558338638D-05  0.20268077322583D-05  0.73775766949724D-06
  -.35095558339471D-05  0.20268077322028D-05  0.73775766949724D-06
  0.35095558338638D-05  -.20268077322583D-05  -.73775766949724D-06
  0.00000000000000D+00  -.36247030962278D-05  -.76277291569810D-06
  0.12324975752431D-04  -.69213952923475D-05  0.36047258774041D-05
  0.00000000000000D+00  -.14236808090151D-04  0.33074572318992D-05
  0.12324975752431D-04  0.69213952923475D-05  0.36047258774041D-05
  -.12324975752209D-04  -.69213952922365D-05  0.36047258774041D-05
  0.35095558338638D-05  0.20268077322583D-05  -.73775766949724D-06
  -.35095558339471D-05  -.20268077322028D-05  -.73775766949724D-06
  0.00000000000000D+00  0.14236808090151D-04  0.33074572318992D-05
  -.12324975752209D-04  0.69213952922365D-05  0.36047258774041D-05
  0.00000000000000D+00  0.36247030962278D-05  -.76277291569810D-06
  -.35095558339471D-05  0.20268077322028D-05  -.73775766949724D-06
  cycle =     21    SCF energy =     -464.7283638251   |dE/dxyz| =  0.000145
   -2.27714863627974     -1.31471013289589      3.67711584968589      c
   -2.27714863627974      1.31471013289589      3.67711584968589      c
    0.00000000000000      2.62941723417700      3.67713320159156      c
    2.27714863627974      1.31471013289589      3.67711584968589      c
    2.27714863627974     -1.31471013289589      3.67711584968589      c
   -4.05127349842575      2.33903356811358      3.66418422845501      h
    0.00000000000000      4.67801933589508      3.66419941923974      h
    4.05127349842575      2.33903356811358      3.66418422845501      h
    0.00000000000000     -2.62941723417700      3.67713320159156      c
    0.00000000000000     -4.67801933589508      3.66419941923974      h
   -4.05127349842575     -2.33903356811358      3.66418422845501      h
    4.05127349842575     -2.33903356811358      3.66418422845501      h
   -4.05127349842575      2.33903356811358     -3.66418422845501      h
    0.00000000000000      4.67801933589508     -3.66419941923974      h
   -2.27714863627974      1.31471013289589     -3.67711584968589      c
    0.00000000000000      2.62941723417700     -3.67713320159156      c
   -2.27714863627974     -1.31471013289589     -3.67711584968589      c
    2.27714863627974      1.31471013289589     -3.67711584968589      c
   -4.05127349842575     -2.33903356811358     -3.66418422845501      h
    4.05127349842575      2.33903356811358     -3.66418422845501      h
    0.00000000000000     -2.62941723417700     -3.67713320159156      c
    2.27714863627974     -1.31471013289589     -3.67711584968589      c
    0.00000000000000     -4.67801933589508     -3.66419941923974      h
    4.05127349842575     -2.33903356811358     -3.66418422845501      h
  -.29643975239635D-04  -.15451568871505D-04  0.15882550395752D-04
  -.29643975239635D-04  0.15451568871505D-04  0.15882550395752D-04
  0.00000000000000D+00  0.36082442031626D-04  0.16771916364226D-04
  0.29643975239857D-04  0.15451568871505D-04  0.15882550395752D-04
  0.29643975239857D-04  -.15451568871505D-04  0.15882550395752D-04
  -.15851474128525D-04  0.89088703675300D-05  -.67836736595758D-06
  0.00000000000000D+00  0.15720421027737D-04  -.11481174088668D-05
  0.15851474128442D-04  0.89088703675855D-05  -.67836736595758D-06
  0.00000000000000D+00  -.36082442031626D-04  0.16771916364226D-04
  0.00000000000000D+00  -.15720421027737D-04  -.11481174088668D-05
  -.15851474128525D-04  -.89088703675300D-05  -.67836736595758D-06
  0.15851474128442D-04  -.89088703675855D-05  -.67836736595758D-06
  -.15851474128525D-04  0.89088703675300D-05  0.67836736595758D-06
  0.00000000000000D+00  0.15720421027737D-04  0.11481174088668D-05
  -.29643975239635D-04  0.15451568871505D-04  -.15882550395752D-04
  0.00000000000000D+00  0.36082442031626D-04  -.16771916364226D-04
  -.29643975239635D-04  -.15451568871505D-04  -.15882550395752D-04
  0.29643975239857D-04  0.15451568871505D-04  -.15882550395752D-04
  -.15851474128525D-04  -.89088703675300D-05  0.67836736595758D-06
  0.15851474128442D-04  0.89088703675855D-05  0.67836736595758D-06
  0.00000000000000D+00  -.36082442031626D-04  -.16771916364226D-04
  0.29643975239857D-04  -.15451568871505D-04  -.15882550395752D-04
  0.00000000000000D+00  -.15720421027737D-04  0.11481174088668D-05
  0.15851474128442D-04  -.89088703675855D-05  0.67836736595758D-06
  cycle =     22    SCF energy =     -464.7283629289   |dE/dxyz| =  0.000004
   -2.27704020805022     -1.31464999715368      3.66438917045432      c
   -2.27704020805022      1.31464999715368      3.66438917045432      c
    0.00000000000000      2.62929595972877      3.66440811552521      c
    2.27704020805022      1.31464999715368      3.66438917045432      c
    2.27704020805022     -1.31464999715368      3.66438917045432      c
   -4.05112220051097      2.33894966309555      3.65131342857674      h
    0.00000000000000      4.67785585794214      3.65134718941583      h
    4.05112220051097      2.33894966309555      3.65131342857674      h
    0.00000000000000     -2.62929595972877      3.66440811552521      c
    0.00000000000000     -4.67785585794214      3.65134718941583      h
   -4.05112220051097     -2.33894966309555      3.65131342857674      h
    4.05112220051097     -2.33894966309555      3.65131342857674      h
   -4.05112220051097      2.33894966309555     -3.65131342857674      h
    0.00000000000000      4.67785585794214     -3.65134718941583      h
   -2.27704020805022      1.31464999715368     -3.66438917045432      c
    0.00000000000000      2.62929595972877     -3.66440811552521      c
   -2.27704020805022     -1.31464999715368     -3.66438917045432      c
    2.27704020805022      1.31464999715368     -3.66438917045432      c
   -4.05112220051097     -2.33894966309555     -3.65131342857674      h
    4.05112220051097      2.33894966309555     -3.65131342857674      h
    0.00000000000000     -2.62929595972877     -3.66440811552521      c
    2.27704020805022     -1.31464999715368     -3.66438917045432      c
    0.00000000000000     -4.67785585794214     -3.65134718941583      h
    4.05112220051097     -2.33894966309555     -3.65131342857674      h
  0.11286752901185D-05  0.72528788130910D-06  -.19877249748945D-07
  0.11286752901185D-05  -.72528788130910D-06  -.19877249748945D-07
  0.00000000000000D+00  -.10808251276750D-05  0.23387685166298D-06
  -.11286752901185D-05  -.72528788119808D-06  -.19877249748945D-07
  -.11286752901185D-05  0.72528788119808D-06  -.19877249748945D-07
  -.24038559515160D-06  0.97763213413593D-07  0.49105382694120D-08
  0.00000000000000D+00  0.17827131867931D-06  -.38500167012789D-07
  0.24038559506834D-06  0.97763213469104D-07  0.49105382694120D-08
  0.00000000000000D+00  0.10808251275640D-05  0.23387685166298D-06
  0.00000000000000D+00  -.17827131867931D-06  -.38500167012789D-07
  -.24038559515160D-06  -.97763213413593D-07  0.49105382694120D-08
  0.24038559506834D-06  -.97763213469104D-07  0.49105382694120D-08
  -.24038559515160D-06  0.97763213413593D-07  -.49105382694120D-08
  0.00000000000000D+00  0.17827131867931D-06  0.38500167012789D-07
  0.11286752901185D-05  -.72528788130910D-06  0.19877249748945D-07
  0.00000000000000D+00  -.10808251275640D-05  -.23387685166298D-06
  0.11286752901185D-05  0.72528788130910D-06  0.19877249748945D-07
  -.11286752901185D-05  -.72528788119808D-06  0.19877249748945D-07
  -.24038559515160D-06  -.97763213413593D-07  -.49105382694120D-08
  0.24038559506834D-06  0.97763213469104D-07  -.49105382694120D-08
  0.00000000000000D+00  0.10808251276750D-05  -.23387685166298D-06
  -.11286752901185D-05  0.72528788119808D-06  0.19877249748945D-07
  0.00000000000000D+00  -.17827131867931D-06  0.38500167012789D-07
  0.24038559506834D-06  -.97763213469104D-07  -.49105382694120D-08
$end
