$hessapprox internal
  0.449169598699D-01  0.307621086477D-03  0.350748441993D-02  0.216364106818D-02
  0.661867349857D-03  0.173323822693D+00 -0.118287709120D-01 -0.104957299512D-02
 -0.113395819334D+00  0.301800040421D+00  0.714736177906D-03  0.103850574509D-01
  0.172244082021D-03  0.384902467344D-03  0.896120291462D-01 -0.133854510771D-01
 -0.217834782905D-04  0.170063841261D-01 -0.521691601053D-02  0.230897801876D-03
  0.171635633789D-01 -0.104000690138D-02 -0.121357987484D-01 -0.106025853807D-02
  0.649256558885D-03 -0.170296571700D+00 -0.712765428666D-03  0.354215483249D+00
 -0.199585066551D-01 -0.353704988619D-03  0.905345865817D-01  0.113763771079D+00
 -0.731237854767D-03  0.975121202583D-02  0.134446941672D-02  0.400107853422D+00
  0.527419318397D-02 -0.414614030519D-04  0.575948187326D-01 -0.118624173361D+00
 -0.207108943797D-02 -0.729236921207D-03  0.441281098392D-02 -0.345322650973D-01
  0.399561376686D+00  0.176409664967D-02  0.139370100140D-01  0.404020195877D-02
 -0.647848064276D-02  0.463770132039D-01 -0.350090791687D-03 -0.102855703961D+00
 -0.176976255194D-02 -0.570366355735D-02  0.611236081045D+00
$end
