$hessian (projected)
 1  1   0.7153002561   0.0310724091   0.0025017153  -0.1268071843  -0.0320330305
 1  2  -0.0004574568   0.0326999698  -0.0302909794   0.0001091161  -0.0161050635
 1  3   0.0290732581  -0.0000030302  -0.0584080928  -0.0223719876   0.0000187187
 1  4   0.0034089835   0.0298109962  -0.0000256948  -0.0048491038  -0.0035041030
 1  5   0.0000029749   0.0002504729   0.0009164132  -0.0000257217  -0.2825895939
 1  6   0.1220475589   0.0000718341   0.0047854896  -0.0029388281  -0.0000410035
 1  7  -0.2645345306  -0.1185139393  -0.0018107218  -0.0032288783  -0.0032922504
 1  8   0.0000088753   0.0000252148   0.0000295533   0.0000439633  -0.0000225180
 1  9   0.0000033476   0.0000116702   0.0000009730   0.0000485585   0.0000131894
 1 10  -0.0001527811  -0.0000039324  -0.0000521777   0.0005190120  -0.0000617719
 1 11  -0.0001194508  -0.0000155673  -0.0001691420   0.0000707364  -0.0000504932
 1 12  -0.0000125253  -0.0000545848   0.0000385144   0.0000374244  -0.0000431861
 1 13  -0.0002369646   0.0000889063  -0.0002285584  -0.0000604571   0.0000498733
 1 14  -0.0000851338   0.0000447870   0.0000454769   0.0000805870  -0.0000124444
 1 15  -0.0000312859   0.0000133400
 2  1   0.0310724091   0.6796764260   0.0014179969   0.0320330305  -0.3345644202
 2  2   0.0003644110  -0.0750178320  -0.0280125325  -0.0000359022   0.0290732581
 2  3  -0.0497711500   0.0000043466   0.0223719876   0.0631275408   0.0001032549
 2  4  -0.0021422188  -0.0107328420  -0.0000330027  -0.0023578669   0.0006956324
 2  5   0.0000054652   0.0009160799  -0.0008061790  -0.0000147172   0.0579446879
 2  6  -0.1788923494  -0.0005769459   0.0290191365  -0.0121090615   0.0000003584
 2  7  -0.1185051946  -0.1277303514  -0.0010362595  -0.0044382302  -0.0009228217
 2  8  -0.0000019003   0.0000563166  -0.0000005981   0.0000686597  -0.0000263105
 2  9   0.0000032516   0.0000073940  -0.0000485585  -0.0003258462  -0.0002718376
 2 10   0.0000995921  -0.0000933222  -0.0000646670  -0.0000617719   0.0005918992
 2 11  -0.0000638346  -0.0001691420   0.0001842449   0.0000430244  -0.0000116240
 2 12  -0.0000390782  -0.0000316684   0.0000377387  -0.0000037052  -0.0000253783
 2 13   0.0001873179  -0.0000824963   0.0001440720  -0.0000498733  -0.0001692528
 2 14  -0.0000153101   0.0000192818  -0.0000174739   0.0000061499  -0.0000022139
 2 15  -0.0000055147   0.0000062909
 3  1   0.0025017153   0.0014179969   0.1266741008  -0.0004574568  -0.0003644110
 3  2  -0.0573251961   0.0000785594  -0.0000708153   0.0071312090   0.0000030302
 3  3  -0.0000043466  -0.0089261670  -0.0000187187   0.0001032549   0.0071367933
 3  4   0.0000064856   0.0002013754   0.0017194129  -0.0000154922   0.0000542226
 3  5   0.0074492454  -0.0000135989  -0.0000080115  -0.0004596460  -0.0005729970
 3  6  -0.0002031398  -0.0573027802   0.0001805104  -0.0000959144   0.0017230650
 3  7  -0.0016735508  -0.0009614898  -0.0343748100   0.0000396547  -0.0000410122
 3  8   0.0074501129   0.0000256922  -0.0000220185  -0.0000748063   0.0000001058
 3  9   0.0000182441  -0.0000456787  -0.0000131894  -0.0002718376   0.0004229794
 3 10  -0.0000363166  -0.0000786873   0.0002458783   0.0001194508   0.0000638346
 3 11  -0.0020000676   0.0000707364   0.0000430244  -0.0005162454   0.0000634096
 3 12   0.0000358808   0.0004290582   0.0000321553   0.0000185583   0.0001146613
 3 13  -0.0002444353   0.0001249531   0.0004028115  -0.0000851338   0.0000153101
 3 14   0.0002464499  -0.0000062066   0.0000336730  -0.0000748463   0.0000155903
 3 15  -0.0000086444  -0.0000455345
 4  1  -0.1268071843   0.0320330305  -0.0004574568   0.7153002561  -0.0310724091
 4  2   0.0025017153  -0.2825895939  -0.1220475589   0.0000718341  -0.0584080928
 4  3   0.0223719876   0.0000187187  -0.0161050635  -0.0290732581  -0.0000030302
 4  4  -0.2645345306   0.1185139393  -0.0018107218   0.0047854896   0.0029388281
 4  5  -0.0000410035  -0.0032288783   0.0032922504   0.0000088753   0.0326999698
 4  6   0.0302909794   0.0001091161  -0.0048491038   0.0035041030   0.0000029749
 4  7   0.0034089835  -0.0298109962  -0.0000256948   0.0002504729  -0.0009164132
 4  8  -0.0000257217  -0.0000504932   0.0000125253  -0.0000545848   0.0000447870
 4  9  -0.0000454769   0.0000805870   0.0005190120   0.0000617719  -0.0001194508
 4 10  -0.0002369646  -0.0000889063  -0.0002285584   0.0000009730  -0.0000485585
 4 11   0.0000131894  -0.0000604571  -0.0000498733  -0.0000851338   0.0000252148
 4 12  -0.0000295533   0.0000439633  -0.0000124444   0.0000312859   0.0000133400
 4 13  -0.0001527811   0.0000039324  -0.0000521777  -0.0000155673   0.0001691420
 4 14   0.0000707364  -0.0000225180  -0.0000033476   0.0000116702   0.0000385144
 4 15  -0.0000374244  -0.0000431861
 5  1  -0.0320330305  -0.3345644202  -0.0003644110  -0.0310724091   0.6796764260
 5  2  -0.0014179969  -0.0579446879  -0.1788923494   0.0005769459  -0.0223719876
 5  3   0.0631275408  -0.0001032549  -0.0290732581  -0.0497711500  -0.0000043466
 5  4   0.1185051946  -0.1277303514   0.0010362595  -0.0290191365  -0.0121090615
 5  5  -0.0000003584   0.0044382302  -0.0009228217   0.0000019003   0.0750178320
 5  6  -0.0280125325   0.0000359022   0.0023578669   0.0006956324  -0.0000054652
 5  7   0.0021422188  -0.0107328420   0.0000330027  -0.0009160799  -0.0008061790
 5  8   0.0000147172   0.0000116240  -0.0000390782   0.0000316684  -0.0000192818
 5  9  -0.0000174739  -0.0000061499   0.0000617719   0.0005918992   0.0000638346
 5 10  -0.0001873179  -0.0000824963  -0.0001440720   0.0000485585  -0.0003258462
 5 11   0.0002718376   0.0000498733  -0.0001692528   0.0000153101  -0.0000563166
 5 12  -0.0000005981  -0.0000686597   0.0000022139  -0.0000055147  -0.0000062909
 5 13  -0.0000995921  -0.0000933222   0.0000646670   0.0001691420   0.0001842449
 5 14  -0.0000430244   0.0000263105   0.0000032516  -0.0000073940  -0.0000377387
 5 15  -0.0000037052   0.0000253783
 6  1  -0.0004574568   0.0003644110  -0.0573251961   0.0025017153  -0.0014179969
 6  2   0.1266741008  -0.0005729970   0.0002031398  -0.0573027802  -0.0000187187
 6  3  -0.0001032549   0.0071367933   0.0000030302   0.0000043466  -0.0089261670
 6  4  -0.0016735508   0.0009614898  -0.0343748100   0.0001805104   0.0000959144
 6  5   0.0017230650   0.0000396547   0.0000410122   0.0074501129   0.0000785594
 6  6   0.0000708153   0.0071312090  -0.0000154922  -0.0000542226   0.0074492454
 6  7   0.0000064856  -0.0002013754   0.0017194129  -0.0000135989   0.0000080115
 6  8  -0.0004596460   0.0000634096  -0.0000358808   0.0004290582  -0.0000062066
 6  9  -0.0000336730  -0.0000748463   0.0001194508  -0.0000638346  -0.0020000676
 6 10  -0.0002444353  -0.0001249531   0.0004028115  -0.0000131894   0.0002718376
 6 11   0.0004229794  -0.0000851338  -0.0000153101   0.0002464499   0.0000256922
 6 12   0.0000220185  -0.0000748063   0.0000155903   0.0000086444  -0.0000455345
 6 13  -0.0000363166   0.0000786873   0.0002458783   0.0000707364  -0.0000430244
 6 14  -0.0005162454   0.0000001058  -0.0000182441  -0.0000456787   0.0000321553
 6 15  -0.0000185583   0.0001146613
 7  1   0.0326999698  -0.0750178320   0.0000785594  -0.2825895939  -0.0579446879
 7  2  -0.0005729970   0.6616004375   0.0000000000   0.0000000000  -0.2825895939
 7  3   0.0579446879   0.0005729970   0.0326999698   0.0750178320  -0.0000785594
 7  4  -0.0191806036  -0.0151864143   0.0000188683  -0.0592924950   0.0000000000
 7  5   0.0000000000  -0.0191806036   0.0151864143  -0.0000188683  -0.0665362231
 7  6   0.0000000000   0.0000000000  -0.0013365403   0.0000000000   0.0000000000
 7  7   0.0018461956   0.0015091940  -0.0000034721   0.0018461956  -0.0015091940
 7  8   0.0000034721  -0.0000295558   0.0000241949  -0.0000357665  -0.0000309759
 7  9   0.0000000000   0.0000000000  -0.0002369646  -0.0001873179   0.0002444353
 7 10   0.0006384484   0.0000000000   0.0000000000  -0.0001527811   0.0000995921
 7 11   0.0000363166  -0.0002369646   0.0001873179  -0.0002444353   0.0000052398
 7 12  -0.0000091571  -0.0000025346  -0.0000295558  -0.0000241949   0.0000357665
 7 13   0.0002604873   0.0000000000   0.0000000000  -0.0001527811  -0.0000995921
 7 14  -0.0000363166  -0.0000269510   0.0000000000   0.0000000000   0.0000052398
 7 15   0.0000091571   0.0000025346
 8  1  -0.0302909794  -0.0280125325  -0.0000708153  -0.1220475589  -0.1788923494
 8  2   0.0002031398   0.0000000000   0.7335814245  -0.0028468171   0.1220475589
 8  3  -0.1788923494   0.0002031398   0.0302909794  -0.0280125325  -0.0000708153
 8  4   0.0167739504   0.0118562788   0.0000368096   0.0000000000  -0.3329521925
 8  5   0.0020971154  -0.0167739504   0.0118562788   0.0000368096   0.0000000000
 8  6   0.0006112310  -0.0000143128   0.0000000000   0.0007793657   0.0000317012
 8  7   0.0003613824  -0.0059997230  -0.0000064655  -0.0003613824  -0.0059997230
 8  8  -0.0000064655  -0.0000024510   0.0000562355  -0.0000718278   0.0000000000
 8  9  -0.0000582887   0.0000612165  -0.0000889063  -0.0000824963   0.0001249531
 8 10   0.0000000000   0.0004826863   0.0001430201  -0.0000039324  -0.0000933222
 8 11   0.0000786873   0.0000889063  -0.0000824963   0.0001249531   0.0000200649
 8 12  -0.0000259854  -0.0000147675   0.0000024510   0.0000562355  -0.0000718278
 8 13   0.0000000000  -0.0001170431  -0.0000834758   0.0000039324  -0.0000933222
 8 14   0.0000786873   0.0000000000   0.0000606056   0.0000521251  -0.0000200649
 8 15  -0.0000259854  -0.0000147675
 9  1   0.0001091161  -0.0000359022   0.0071312090   0.0000718341   0.0005769459
 9  2  -0.0573027802   0.0000000000  -0.0028468171   0.1266430940  -0.0000718341
 9  3   0.0005769459  -0.0573027802  -0.0001091161  -0.0000359022   0.0071312090
 9  4  -0.0001734610  -0.0001076006   0.0017208176   0.0000000000   0.0019368714
 9  5  -0.0343295591   0.0001734610  -0.0001076006   0.0017208176   0.0000000000
 9  6   0.0000143128  -0.0089411130   0.0000000000   0.0000162717  -0.0004602925
 9  7  -0.0000549761  -0.0000133601   0.0074500164   0.0000549761  -0.0000133601
 9  8   0.0074500164   0.0000317340  -0.0000118245  -0.0000757665   0.0000000000
 9  9  -0.0000724259   0.0004289092   0.0002285584   0.0001440720   0.0004028115
 9 10   0.0000000000  -0.0001430201  -0.0019950817   0.0000521777   0.0000646670
 9 11   0.0002458783  -0.0002285584   0.0001440720   0.0004028115  -0.0000156971
 9 12  -0.0000090366  -0.0000451083  -0.0000317340  -0.0000118245  -0.0000757665
 9 13   0.0000000000  -0.0000834758  -0.0005134229  -0.0000521777   0.0000646670
 9 14   0.0002458783   0.0000000000  -0.0000376392   0.0001133103   0.0000156971
 9 15  -0.0000090366  -0.0000451083
10  1  -0.0161050635   0.0290732581   0.0000030302  -0.0584080928  -0.0223719876
10  2  -0.0000187187  -0.2825895939   0.1220475589  -0.0000718341   0.7153002561
10  3   0.0310724091  -0.0025017153  -0.1268071843  -0.0320330305   0.0004574568
10  4  -0.0032288783  -0.0032922504  -0.0000088753   0.0047854896  -0.0029388281
10  5   0.0000410035  -0.2645345306  -0.1185139393   0.0018107218   0.0326999698
10  6  -0.0302909794  -0.0001091161  -0.0048491038  -0.0035041030  -0.0000029749
10  7   0.0002504729   0.0009164132   0.0000257217   0.0034089835   0.0298109962
10  8   0.0000256948  -0.0000124444  -0.0000312859  -0.0000133400   0.0000447870
10  9   0.0000454769  -0.0000805870  -0.0000604571   0.0000498733   0.0000851338
10 10  -0.0002369646   0.0000889063   0.0002285584  -0.0000155673  -0.0001691420
10 11  -0.0000707364   0.0005190120  -0.0000617719   0.0001194508   0.0000385144
10 12   0.0000374244   0.0000431861  -0.0000504932  -0.0000125253   0.0000545848
10 13  -0.0001527811  -0.0000039324   0.0000521777   0.0000009730   0.0000485585
10 14  -0.0000131894  -0.0000225180   0.0000033476  -0.0000116702   0.0000252148
10 15   0.0000295533  -0.0000439633
11  1   0.0290732581  -0.0497711500  -0.0000043466   0.0223719876   0.0631275408
11  2  -0.0001032549   0.0579446879  -0.1788923494   0.0005769459   0.0310724091
11  3   0.6796764260  -0.0014179969   0.0320330305  -0.3345644202  -0.0003644110
11  4  -0.0044382302  -0.0009228217   0.0000019003   0.0290191365  -0.0121090615
11  5  -0.0000003584  -0.1185051946  -0.1277303514   0.0010362595  -0.0750178320
11  6  -0.0280125325   0.0000359022  -0.0023578669   0.0006956324  -0.0000054652
11  7   0.0009160799  -0.0008061790   0.0000147172  -0.0021422188  -0.0107328420
11  8   0.0000330027  -0.0000022139  -0.0000055147  -0.0000062909   0.0000192818
11  9  -0.0000174739  -0.0000061499  -0.0000498733  -0.0001692528   0.0000153101
11 10   0.0001873179  -0.0000824963  -0.0001440720  -0.0001691420   0.0001842449
11 11  -0.0000430244  -0.0000617719   0.0005918992   0.0000638346   0.0000377387
11 12  -0.0000037052   0.0000253783  -0.0000116240  -0.0000390782   0.0000316684
11 13   0.0000995921  -0.0000933222   0.0000646670  -0.0000485585  -0.0003258462
11 14   0.0002718376  -0.0000263105   0.0000032516  -0.0000073940   0.0000563166
11 15  -0.0000005981  -0.0000686597
12  1  -0.0000030302   0.0000043466  -0.0089261670   0.0000187187  -0.0001032549
12  2   0.0071367933   0.0005729970   0.0002031398  -0.0573027802  -0.0025017153
12  3  -0.0014179969   0.1266741008   0.0004574568   0.0003644110  -0.0573251961
12  4  -0.0000396547   0.0000410122   0.0074501129  -0.0001805104   0.0000959144
12  5   0.0017230650   0.0016735508   0.0009614898  -0.0343748100  -0.0000785594
12  6   0.0000708153   0.0071312090   0.0000154922  -0.0000542226   0.0074492454
12  7   0.0000135989   0.0000080115  -0.0004596460  -0.0000064856  -0.0002013754
12  8   0.0017194129  -0.0000155903   0.0000086444  -0.0000455345   0.0000062066
12  9  -0.0000336730  -0.0000748463   0.0000851338  -0.0000153101   0.0002464499
12 10   0.0002444353  -0.0001249531   0.0004028115  -0.0000707364  -0.0000430244
12 11  -0.0005162454  -0.0001194508  -0.0000638346  -0.0020000676  -0.0000321553
12 12  -0.0000185583   0.0001146613  -0.0000634096  -0.0000358808   0.0004290582
12 13   0.0000363166   0.0000786873   0.0002458783   0.0000131894   0.0002718376
12 14   0.0004229794  -0.0000001058  -0.0000182441  -0.0000456787  -0.0000256922
12 15   0.0000220185  -0.0000748063
13  1  -0.0584080928   0.0223719876  -0.0000187187  -0.0161050635  -0.0290732581
13  2   0.0000030302   0.0326999698   0.0302909794  -0.0001091161  -0.1268071843
13  3   0.0320330305   0.0004574568   0.7153002561  -0.0310724091  -0.0025017153
13  4   0.0002504729  -0.0009164132   0.0000257217  -0.0048491038   0.0035041030
13  5  -0.0000029749   0.0034089835  -0.0298109962   0.0000256948  -0.2825895939
13  6  -0.1220475589  -0.0000718341   0.0047854896   0.0029388281   0.0000410035
13  7  -0.0032288783   0.0032922504  -0.0000088753  -0.2645345306   0.1185139393
13  8   0.0018107218   0.0000385144  -0.0000374244   0.0000431861  -0.0000225180
13  9  -0.0000033476  -0.0000116702  -0.0000155673   0.0001691420  -0.0000707364
13 10  -0.0001527811   0.0000039324   0.0000521777  -0.0000604571  -0.0000498733
13 11   0.0000851338   0.0000009730  -0.0000485585  -0.0000131894  -0.0000124444
13 12   0.0000312859  -0.0000133400   0.0000252148  -0.0000295533  -0.0000439633
13 13  -0.0002369646  -0.0000889063   0.0002285584   0.0005190120   0.0000617719
13 14   0.0001194508   0.0000447870  -0.0000454769  -0.0000805870  -0.0000504932
13 15   0.0000125253   0.0000545848
14  1  -0.0223719876   0.0631275408   0.0001032549  -0.0290732581  -0.0497711500
14  2   0.0000043466   0.0750178320  -0.0280125325  -0.0000359022  -0.0320330305
14  3  -0.3345644202   0.0003644110  -0.0310724091   0.6796764260   0.0014179969
14  4  -0.0009160799  -0.0008061790  -0.0000147172   0.0023578669   0.0006956324
14  5   0.0000054652   0.0021422188  -0.0107328420  -0.0000330027  -0.0579446879
14  6  -0.1788923494  -0.0005769459  -0.0290191365  -0.0121090615   0.0000003584
14  7   0.0044382302  -0.0009228217  -0.0000019003   0.1185051946  -0.1277303514
14  8  -0.0010362595  -0.0000377387  -0.0000037052  -0.0000253783   0.0000263105
14  9   0.0000032516   0.0000073940   0.0001691420   0.0001842449   0.0000430244
14 10  -0.0000995921  -0.0000933222  -0.0000646670   0.0000498733  -0.0001692528
14 11  -0.0000153101   0.0000485585  -0.0003258462  -0.0002718376   0.0000022139
14 12  -0.0000055147   0.0000062909  -0.0000563166  -0.0000005981   0.0000686597
14 13  -0.0001873179  -0.0000824963   0.0001440720   0.0000617719   0.0005918992
14 14  -0.0000638346  -0.0000192818  -0.0000174739   0.0000061499   0.0000116240
14 15  -0.0000390782  -0.0000316684
15  1   0.0000187187   0.0001032549   0.0071367933  -0.0000030302  -0.0000043466
15  2  -0.0089261670  -0.0000785594  -0.0000708153   0.0071312090   0.0004574568
15  3  -0.0003644110  -0.0573251961  -0.0025017153   0.0014179969   0.1266741008
15  4   0.0000135989  -0.0000080115  -0.0004596460   0.0000154922   0.0000542226
15  5   0.0074492454  -0.0000064856   0.0002013754   0.0017194129   0.0005729970
15  6  -0.0002031398  -0.0573027802  -0.0001805104  -0.0000959144   0.0017230650
15  7  -0.0000396547  -0.0000410122   0.0074501129   0.0016735508  -0.0009614898
15  8  -0.0343748100  -0.0000321553   0.0000185583   0.0001146613  -0.0000001058
15  9   0.0000182441  -0.0000456787  -0.0000707364   0.0000430244  -0.0005162454
15 10   0.0000363166  -0.0000786873   0.0002458783   0.0000851338   0.0000153101
15 11   0.0002464499   0.0000131894  -0.0002718376   0.0004229794  -0.0000155903
15 12  -0.0000086444  -0.0000455345  -0.0000256922  -0.0000220185  -0.0000748063
15 13   0.0002444353   0.0001249531   0.0004028115  -0.0001194508   0.0000638346
15 14  -0.0020000676   0.0000062066   0.0000336730  -0.0000748463  -0.0000634096
15 15   0.0000358808   0.0004290582
16  1   0.0034089835  -0.0021422188   0.0000064856  -0.2645345306   0.1185051946
16  2  -0.0016735508  -0.0191806036   0.0167739504  -0.0001734610  -0.0032288783
16  3  -0.0044382302  -0.0000396547   0.0002504729  -0.0009160799   0.0000135989
16  4   0.2805675775  -0.1283321118   0.0018629358   0.0011269553  -0.0003202056
16  5   0.0000335980  -0.0011479117   0.0008763552   0.0000043748   0.0018461956
16  6  -0.0003613824  -0.0000549761   0.0000279550  -0.0001974115  -0.0000110501
16  7   0.0008259026   0.0004938443   0.0000443319  -0.0000236730   0.0001034230
16  8   0.0000031363   0.0000713170  -0.0000180851   0.0000798397  -0.0000249484
16  9  -0.0000168494   0.0000164170  -0.0000504932   0.0000116240  -0.0000634096
16 10  -0.0000295558  -0.0000024510  -0.0000317340   0.0000252148   0.0000563166
16 11  -0.0000256922  -0.0000124444  -0.0000022139   0.0000155903  -0.0000059475
16 12   0.0000058444  -0.0000016040   0.0000227554   0.0000091714  -0.0000221906
16 13   0.0000052398  -0.0000200649   0.0000156971   0.0000385144  -0.0000377387
16 14   0.0000321553   0.0000084454  -0.0000173824  -0.0000124553   0.0000134573
16 15  -0.0000132984  -0.0000183822
17  1   0.0298109962  -0.0107328420   0.0002013754   0.1185139393  -0.1277303514
17  2   0.0009614898  -0.0151864143   0.0118562788  -0.0001076006  -0.0032922504
17  3  -0.0009228217   0.0000410122  -0.0009164132  -0.0008061790  -0.0000080115
17  4  -0.1283321118   0.1324138339  -0.0010685761   0.0006668631   0.0009265764
17  5  -0.0000319949  -0.0008763552   0.0004201773   0.0000154167  -0.0015091940
17  6  -0.0059997230   0.0000133601   0.0015553829  -0.0007558993  -0.0000111947
17  7  -0.0004938443   0.0012277945  -0.0000140036   0.0001034230   0.0000960890
17  8  -0.0000018811  -0.0000180851   0.0000490363  -0.0000455165  -0.0000054288
17  9  -0.0000122449   0.0000113593   0.0000125253  -0.0000390782   0.0000358808
17 10   0.0000241949   0.0000562355   0.0000118245   0.0000295533  -0.0000005981
17 11   0.0000220185  -0.0000312859  -0.0000055147  -0.0000086444  -0.0000058444
17 12  -0.0000313137  -0.0000195303  -0.0000091714   0.0000039149   0.0000015136
17 13   0.0000091571  -0.0000259854  -0.0000090366  -0.0000374244  -0.0000037052
17 14  -0.0000185583   0.0000010865   0.0000180008   0.0000185511  -0.0000132984
17 15  -0.0000016810   0.0000107466
18  1  -0.0000256948  -0.0000330027   0.0017194129  -0.0018107218   0.0010362595
18  2  -0.0343748100   0.0000188683   0.0000368096   0.0017208176  -0.0000088753
18  3   0.0000019003   0.0074501129   0.0000257217  -0.0000147172  -0.0004596460
18  4   0.0018629358  -0.0010685761   0.0246967507   0.0000111181  -0.0000446305
18  5  -0.0037090659  -0.0000043748   0.0000154167   0.0002632477  -0.0000034721
18  6   0.0000064655   0.0074500164  -0.0000152973  -0.0000038589   0.0002632005
18  7   0.0000443319   0.0000140036  -0.0037103768  -0.0000031363   0.0000018811
18  8  -0.0014296009  -0.0000798397   0.0000455165  -0.0002131694   0.0000179121
18  9   0.0000084379   0.0000154068   0.0000545848  -0.0000316684   0.0004290582
18 10   0.0000357665   0.0000718278  -0.0000757665  -0.0000439633  -0.0000686597
18 11  -0.0000748063   0.0000133400   0.0000062909  -0.0000455345   0.0000016040
18 12  -0.0000195303   0.0000159032  -0.0000221906  -0.0000015136   0.0000086947
18 13   0.0000025346  -0.0000147675  -0.0000451083  -0.0000431861   0.0000253783
18 14   0.0001146613  -0.0000095837   0.0000199906   0.0000087132  -0.0000183822
18 15   0.0000107466  -0.0000181115
19  1  -0.0048491038  -0.0023578669  -0.0000154922   0.0047854896  -0.0290191365
19  2   0.0001805104  -0.0592924950   0.0000000000   0.0000000000   0.0047854896
19  3   0.0290191365  -0.0001805104  -0.0048491038   0.0023578669   0.0000154922
19  4   0.0011269553   0.0006668631   0.0000111181   0.0583065696   0.0000000000
19  5   0.0000000000   0.0011269553  -0.0006668631  -0.0000111181  -0.0013365403
19  6   0.0000000000   0.0000000000   0.0001556737   0.0000000000   0.0000000000
19  7   0.0000279550  -0.0015553829  -0.0000152973   0.0000279550   0.0015553829
19  8   0.0000152973  -0.0000249484  -0.0000054288  -0.0000179121   0.0000400290
19  9   0.0000000000   0.0000000000   0.0000447870  -0.0000192818   0.0000062066
19 10  -0.0000309759   0.0000000000   0.0000000000  -0.0000225180  -0.0000263105
19 11  -0.0000001058   0.0000447870   0.0000192818  -0.0000062066   0.0000084454
19 12  -0.0000010865   0.0000095837  -0.0000249484   0.0000054288   0.0000179121
19 13  -0.0000269510   0.0000000000   0.0000000000  -0.0000225180   0.0000263105
19 14   0.0000001058  -0.0000094343   0.0000000000   0.0000000000   0.0000084454
19 15   0.0000010865  -0.0000095837
20  1  -0.0035041030   0.0006956324   0.0000542226   0.0029388281  -0.0121090615
20  2   0.0000959144   0.0000000000  -0.3329521925   0.0019368714  -0.0029388281
20  3  -0.0121090615   0.0000959144   0.0035041030   0.0006956324   0.0000542226
20  4  -0.0003202056   0.0009265764  -0.0000446305   0.0000000000   0.3546535352
20  5  -0.0021538619   0.0003202056   0.0009265764  -0.0000446305   0.0000000000
20  6   0.0007793657  -0.0000162717   0.0000000000  -0.0000833513  -0.0000035071
20  7   0.0001974115  -0.0007558993   0.0000038589  -0.0001974115  -0.0007558993
20  8   0.0000038589  -0.0000168494  -0.0000122449  -0.0000084379   0.0000000000
20  9   0.0000815339  -0.0000921174  -0.0000454769  -0.0000174739   0.0000336730
20 10   0.0000000000  -0.0000582887   0.0000724259   0.0000033476   0.0000032516
20 11  -0.0000182441   0.0000454769  -0.0000174739   0.0000336730   0.0000173824
20 12   0.0000180008   0.0000199906   0.0000168494  -0.0000122449  -0.0000084379
20 13   0.0000000000   0.0000606056  -0.0000376392  -0.0000033476   0.0000032516
20 14  -0.0000182441   0.0000000000   0.0000212290   0.0000214060  -0.0000173824
20 15   0.0000180008   0.0000199906
21  1   0.0000029749   0.0000054652   0.0074492454  -0.0000410035  -0.0000003584
21  2   0.0017230650   0.0000000000   0.0020971154  -0.0343295591   0.0000410035
21  3  -0.0000003584   0.0017230650  -0.0000029749   0.0000054652   0.0074492454
21  4   0.0000335980  -0.0000319949  -0.0037090659   0.0000000000  -0.0021538619
21  5   0.0246477455  -0.0000335980  -0.0000319949  -0.0037090659   0.0000000000
21  6  -0.0000317012  -0.0004602925   0.0000000000   0.0000035071  -0.0014299522
21  7  -0.0000110501   0.0000111947   0.0002632005   0.0000110501   0.0000111947
21  8   0.0002632005  -0.0000164170  -0.0000113593   0.0000154068   0.0000000000
21  9   0.0000921174  -0.0002117761  -0.0000805870   0.0000061499  -0.0000748463
21 10   0.0000000000  -0.0000612165   0.0004289092  -0.0000116702  -0.0000073940
21 11  -0.0000456787   0.0000805870   0.0000061499  -0.0000748463   0.0000124553
21 12   0.0000185511   0.0000087132   0.0000164170  -0.0000113593   0.0000154068
21 13   0.0000000000   0.0000521251   0.0001133103   0.0000116702  -0.0000073940
21 14  -0.0000456787   0.0000000000   0.0000214060  -0.0000184651  -0.0000124553
21 15   0.0000185511   0.0000087132
22  1   0.0002504729   0.0009160799  -0.0000135989  -0.0032288783   0.0044382302
22  2   0.0000396547  -0.0191806036  -0.0167739504   0.0001734610  -0.2645345306
22  3  -0.1185051946   0.0016735508   0.0034089835   0.0021422188  -0.0000064856
22  4  -0.0011479117  -0.0008763552  -0.0000043748   0.0011269553   0.0003202056
22  5  -0.0000335980   0.2805675775   0.1283321118  -0.0018629358   0.0018461956
22  6   0.0003613824   0.0000549761   0.0000279550   0.0001974115   0.0000110501
22  7  -0.0000236730  -0.0001034230  -0.0000031363   0.0008259026  -0.0004938443
22  8  -0.0000443319   0.0000227554  -0.0000091714   0.0000221906  -0.0000249484
22  9   0.0000168494  -0.0000164170  -0.0000124444   0.0000022139  -0.0000155903
22 10  -0.0000295558   0.0000024510   0.0000317340   0.0000385144   0.0000377387
22 11  -0.0000321553  -0.0000504932  -0.0000116240   0.0000634096   0.0000134573
22 12   0.0000132984   0.0000183822   0.0000713170   0.0000180851  -0.0000798397
22 13   0.0000052398   0.0000200649  -0.0000156971   0.0000252148  -0.0000563166
22 14   0.0000256922   0.0000084454   0.0000173824   0.0000124553  -0.0000059475
22 15  -0.0000058444   0.0000016040
23  1   0.0009164132  -0.0008061790  -0.0000080115   0.0032922504  -0.0009228217
23  2   0.0000410122   0.0151864143   0.0118562788  -0.0001076006  -0.1185139393
23  3  -0.1277303514   0.0009614898  -0.0298109962  -0.0107328420   0.0002013754
23  4   0.0008763552   0.0004201773   0.0000154167  -0.0006668631   0.0009265764
23  5  -0.0000319949   0.1283321118   0.1324138339  -0.0010685761   0.0015091940
23  6  -0.0059997230   0.0000133601  -0.0015553829  -0.0007558993  -0.0000111947
23  7  -0.0001034230   0.0000960890  -0.0000018811   0.0004938443   0.0012277945
23  8  -0.0000140036   0.0000091714   0.0000039149   0.0000015136   0.0000054288
23  9  -0.0000122449   0.0000113593   0.0000312859  -0.0000055147  -0.0000086444
23 10  -0.0000241949   0.0000562355   0.0000118245   0.0000374244  -0.0000037052
23 11  -0.0000185583  -0.0000125253  -0.0000390782   0.0000358808   0.0000132984
23 12  -0.0000016810   0.0000107466   0.0000180851   0.0000490363  -0.0000455165
23 13  -0.0000091571  -0.0000259854  -0.0000090366  -0.0000295533  -0.0000005981
23 14   0.0000220185  -0.0000010865   0.0000180008   0.0000185511   0.0000058444
23 15  -0.0000313137  -0.0000195303
24  1  -0.0000257217  -0.0000147172  -0.0004596460   0.0000088753   0.0000019003
24  2   0.0074501129  -0.0000188683   0.0000368096   0.0017208176   0.0018107218
24  3   0.0010362595  -0.0343748100   0.0000256948  -0.0000330027   0.0017194129
24  4   0.0000043748   0.0000154167   0.0002632477  -0.0000111181  -0.0000446305
24  5  -0.0037090659  -0.0018629358  -0.0010685761   0.0246967507   0.0000034721
24  6   0.0000064655   0.0074500164   0.0000152973  -0.0000038589   0.0002632005
24  7   0.0000031363   0.0000018811  -0.0014296009  -0.0000443319   0.0000140036
24  8  -0.0037103768   0.0000221906  -0.0000015136   0.0000086947  -0.0000179121
24  9   0.0000084379   0.0000154068  -0.0000133400   0.0000062909  -0.0000455345
24 10  -0.0000357665   0.0000718278  -0.0000757665   0.0000431861   0.0000253783
24 11   0.0001146613  -0.0000545848  -0.0000316684   0.0004290582   0.0000183822
24 12   0.0000107466  -0.0000181115   0.0000798397   0.0000455165  -0.0002131694
24 13  -0.0000025346  -0.0000147675  -0.0000451083   0.0000439633  -0.0000686597
24 14  -0.0000748063   0.0000095837   0.0000199906   0.0000087132  -0.0000016040
24 15  -0.0000195303   0.0000159032
25  1  -0.2825895939   0.0579446879  -0.0005729970   0.0326999698   0.0750178320
25  2   0.0000785594  -0.0665362231   0.0000000000   0.0000000000   0.0326999698
25  3  -0.0750178320  -0.0000785594  -0.2825895939  -0.0579446879   0.0005729970
25  4   0.0018461956  -0.0015091940  -0.0000034721  -0.0013365403   0.0000000000
25  5   0.0000000000   0.0018461956   0.0015091940   0.0000034721   0.6616004375
25  6   0.0000000000   0.0000000000  -0.0592924950   0.0000000000   0.0000000000
25  7  -0.0191806036   0.0151864143   0.0000188683  -0.0191806036  -0.0151864143
25  8  -0.0000188683   0.0000052398   0.0000091571  -0.0000025346  -0.0000269510
25  9   0.0000000000   0.0000000000  -0.0001527811  -0.0000995921   0.0000363166
25 10   0.0002604873   0.0000000000   0.0000000000  -0.0002369646   0.0001873179
25 11   0.0002444353  -0.0001527811   0.0000995921  -0.0000363166  -0.0000295558
25 12  -0.0000241949  -0.0000357665   0.0000052398  -0.0000091571   0.0000025346
25 13   0.0006384484   0.0000000000   0.0000000000  -0.0002369646  -0.0001873179
25 14  -0.0002444353  -0.0000309759   0.0000000000   0.0000000000  -0.0000295558
25 15   0.0000241949   0.0000357665
26  1   0.1220475589  -0.1788923494  -0.0002031398   0.0302909794  -0.0280125325
26  2   0.0000708153   0.0000000000   0.0006112310   0.0000143128  -0.0302909794
26  3  -0.0280125325   0.0000708153  -0.1220475589  -0.1788923494  -0.0002031398
26  4  -0.0003613824  -0.0059997230   0.0000064655   0.0000000000   0.0007793657
26  5  -0.0000317012   0.0003613824  -0.0059997230   0.0000064655   0.0000000000
26  6   0.7335814245   0.0028468171   0.0000000000  -0.3329521925  -0.0020971154
26  7  -0.0167739504   0.0118562788  -0.0000368096   0.0167739504   0.0118562788
26  8  -0.0000368096  -0.0000200649  -0.0000259854   0.0000147675   0.0000000000
26  9   0.0000606056  -0.0000521251   0.0000039324  -0.0000933222  -0.0000786873
26 10   0.0000000000  -0.0001170431   0.0000834758   0.0000889063  -0.0000824963
26 11  -0.0001249531  -0.0000039324  -0.0000933222  -0.0000786873   0.0000024510
26 12   0.0000562355   0.0000718278   0.0000200649  -0.0000259854   0.0000147675
26 13   0.0000000000   0.0004826863  -0.0001430201  -0.0000889063  -0.0000824963
26 14  -0.0001249531   0.0000000000  -0.0000582887  -0.0000612165  -0.0000024510
26 15   0.0000562355   0.0000718278
27  1   0.0000718341  -0.0005769459  -0.0573027802   0.0001091161   0.0000359022
27  2   0.0071312090   0.0000000000  -0.0000143128  -0.0089411130  -0.0001091161
27  3   0.0000359022   0.0071312090  -0.0000718341  -0.0005769459  -0.0573027802
27  4  -0.0000549761   0.0000133601   0.0074500164   0.0000000000  -0.0000162717
27  5  -0.0004602925   0.0000549761   0.0000133601   0.0074500164   0.0000000000
27  6   0.0028468171   0.1266430940   0.0000000000  -0.0019368714  -0.0343295591
27  7  -0.0001734610   0.0001076006   0.0017208176   0.0001734610   0.0001076006
27  8   0.0017208176  -0.0000156971   0.0000090366  -0.0000451083   0.0000000000
27  9   0.0000376392   0.0001133103   0.0000521777  -0.0000646670   0.0002458783
27 10   0.0000000000   0.0000834758  -0.0005134229   0.0002285584  -0.0001440720
27 11   0.0004028115  -0.0000521777  -0.0000646670   0.0002458783   0.0000317340
27 12   0.0000118245  -0.0000757665   0.0000156971   0.0000090366  -0.0000451083
27 13   0.0000000000   0.0001430201  -0.0019950817  -0.0002285584  -0.0001440720
27 14   0.0004028115   0.0000000000   0.0000724259   0.0004289092  -0.0000317340
27 15   0.0000118245  -0.0000757665
28  1   0.0047854896   0.0290191365   0.0001805104  -0.0048491038   0.0023578669
28  2  -0.0000154922  -0.0013365403   0.0000000000   0.0000000000  -0.0048491038
28  3  -0.0023578669   0.0000154922   0.0047854896  -0.0290191365  -0.0001805104
28  4   0.0000279550   0.0015553829  -0.0000152973   0.0001556737   0.0000000000
28  5   0.0000000000   0.0000279550  -0.0015553829   0.0000152973  -0.0592924950
28  6   0.0000000000   0.0000000000   0.0583065696   0.0000000000   0.0000000000
28  7   0.0011269553  -0.0006668631   0.0000111181   0.0011269553   0.0006668631
28  8  -0.0000111181   0.0000084454   0.0000010865   0.0000095837  -0.0000094343
28  9   0.0000000000   0.0000000000  -0.0000225180   0.0000263105  -0.0000001058
28 10  -0.0000269510   0.0000000000   0.0000000000   0.0000447870   0.0000192818
28 11   0.0000062066  -0.0000225180  -0.0000263105   0.0000001058  -0.0000249484
28 12   0.0000054288  -0.0000179121   0.0000084454  -0.0000010865  -0.0000095837
28 13  -0.0000309759   0.0000000000   0.0000000000   0.0000447870  -0.0000192818
28 14  -0.0000062066   0.0000400290   0.0000000000   0.0000000000  -0.0000249484
28 15  -0.0000054288   0.0000179121
29  1  -0.0029388281  -0.0121090615  -0.0000959144   0.0035041030   0.0006956324
29  2  -0.0000542226   0.0000000000   0.0007793657   0.0000162717  -0.0035041030
29  3   0.0006956324  -0.0000542226   0.0029388281  -0.0121090615  -0.0000959144
29  4  -0.0001974115  -0.0007558993  -0.0000038589   0.0000000000  -0.0000833513
29  5   0.0000035071   0.0001974115  -0.0007558993  -0.0000038589   0.0000000000
29  6  -0.3329521925  -0.0019368714   0.0000000000   0.3546535352   0.0021538619
29  7   0.0003202056   0.0009265764   0.0000446305  -0.0003202056   0.0009265764
29  8   0.0000446305  -0.0000173824   0.0000180008  -0.0000199906   0.0000000000
29  9   0.0000212290  -0.0000214060  -0.0000033476   0.0000032516   0.0000182441
29 10   0.0000000000   0.0000606056   0.0000376392   0.0000454769  -0.0000174739
29 11  -0.0000336730   0.0000033476   0.0000032516   0.0000182441   0.0000168494
29 12  -0.0000122449   0.0000084379   0.0000173824   0.0000180008  -0.0000199906
29 13   0.0000000000  -0.0000582887  -0.0000724259  -0.0000454769  -0.0000174739
29 14  -0.0000336730   0.0000000000   0.0000815339   0.0000921174  -0.0000168494
29 15  -0.0000122449   0.0000084379
30  1  -0.0000410035   0.0000003584   0.0017230650   0.0000029749  -0.0000054652
30  2   0.0074492454   0.0000000000   0.0000317012  -0.0004602925  -0.0000029749
30  3  -0.0000054652   0.0074492454   0.0000410035   0.0000003584   0.0017230650
30  4  -0.0000110501  -0.0000111947   0.0002632005   0.0000000000  -0.0000035071
30  5  -0.0014299522   0.0000110501  -0.0000111947   0.0002632005   0.0000000000
30  6  -0.0020971154  -0.0343295591   0.0000000000   0.0021538619   0.0246477455
30  7   0.0000335980   0.0000319949  -0.0037090659  -0.0000335980   0.0000319949
30  8  -0.0037090659   0.0000124553  -0.0000185511   0.0000087132   0.0000000000
30  9  -0.0000214060  -0.0000184651  -0.0000116702   0.0000073940  -0.0000456787
30 10   0.0000000000  -0.0000521251   0.0001133103  -0.0000805870  -0.0000061499
30 11  -0.0000748463   0.0000116702   0.0000073940  -0.0000456787  -0.0000164170
30 12   0.0000113593   0.0000154068  -0.0000124553  -0.0000185511   0.0000087132
30 13   0.0000000000   0.0000612165   0.0004289092   0.0000805870  -0.0000061499
30 14  -0.0000748463   0.0000000000  -0.0000921174  -0.0002117761   0.0000164170
30 15   0.0000113593   0.0000154068
31  1  -0.2645345306  -0.1185051946  -0.0016735508   0.0034089835   0.0021422188
31  2   0.0000064856   0.0018461956   0.0003613824  -0.0000549761   0.0002504729
31  3   0.0009160799   0.0000135989  -0.0032288783   0.0044382302  -0.0000396547
31  4   0.0008259026  -0.0004938443   0.0000443319   0.0000279550   0.0001974115
31  5  -0.0000110501  -0.0000236730  -0.0001034230   0.0000031363  -0.0191806036
31  6  -0.0167739504  -0.0001734610   0.0011269553   0.0003202056   0.0000335980
31  7   0.2805675775   0.1283321118   0.0018629358  -0.0011479117  -0.0008763552
31  8   0.0000043748  -0.0000059475  -0.0000058444  -0.0000016040   0.0000084454
31  9   0.0000173824  -0.0000124553   0.0000252148  -0.0000563166  -0.0000256922
31 10   0.0000052398   0.0000200649   0.0000156971  -0.0000504932  -0.0000116240
31 11  -0.0000634096   0.0000385144   0.0000377387   0.0000321553   0.0000713170
31 12   0.0000180851   0.0000798397   0.0000134573   0.0000132984  -0.0000183822
31 13  -0.0000295558   0.0000024510  -0.0000317340  -0.0000124444   0.0000022139
31 14   0.0000155903  -0.0000249484   0.0000168494   0.0000164170   0.0000227554
31 15  -0.0000091714  -0.0000221906
32  1  -0.1185139393  -0.1277303514  -0.0009614898  -0.0298109962  -0.0107328420
32  2  -0.0002013754   0.0015091940  -0.0059997230  -0.0000133601   0.0009164132
32  3  -0.0008061790   0.0000080115   0.0032922504  -0.0009228217  -0.0000410122
32  4   0.0004938443   0.0012277945   0.0000140036  -0.0015553829  -0.0007558993
32  5   0.0000111947  -0.0001034230   0.0000960890   0.0000018811   0.0151864143
32  6   0.0118562788   0.0001076006  -0.0006668631   0.0009265764   0.0000319949
32  7   0.1283321118   0.1324138339   0.0010685761   0.0008763552   0.0004201773
32  8  -0.0000154167   0.0000058444  -0.0000313137   0.0000195303  -0.0000010865
32  9   0.0000180008  -0.0000185511  -0.0000295533  -0.0000005981  -0.0000220185
32 10  -0.0000091571  -0.0000259854   0.0000090366  -0.0000125253  -0.0000390782
32 11  -0.0000358808   0.0000374244  -0.0000037052   0.0000185583   0.0000180851
32 12   0.0000490363   0.0000455165   0.0000132984  -0.0000016810  -0.0000107466
32 13  -0.0000241949   0.0000562355  -0.0000118245   0.0000312859  -0.0000055147
32 14   0.0000086444   0.0000054288  -0.0000122449  -0.0000113593   0.0000091714
32 15   0.0000039149  -0.0000015136
33  1  -0.0018107218  -0.0010362595  -0.0343748100  -0.0000256948   0.0000330027
33  2   0.0017194129  -0.0000034721  -0.0000064655   0.0074500164   0.0000257217
33  3   0.0000147172  -0.0004596460  -0.0000088753  -0.0000019003   0.0074501129
33  4   0.0000443319  -0.0000140036  -0.0037103768  -0.0000152973   0.0000038589
33  5   0.0002632005  -0.0000031363  -0.0000018811  -0.0014296009   0.0000188683
33  6  -0.0000368096   0.0017208176   0.0000111181   0.0000446305  -0.0037090659
33  7   0.0018629358   0.0010685761   0.0246967507  -0.0000043748  -0.0000154167
33  8   0.0002632477   0.0000016040   0.0000195303   0.0000159032  -0.0000095837
33  9  -0.0000199906   0.0000087132  -0.0000439633   0.0000686597  -0.0000748063
33 10   0.0000025346   0.0000147675  -0.0000451083   0.0000545848   0.0000316684
33 11   0.0004290582  -0.0000431861  -0.0000253783   0.0001146613  -0.0000798397
33 12  -0.0000455165  -0.0002131694  -0.0000183822  -0.0000107466  -0.0000181115
33 13   0.0000357665  -0.0000718278  -0.0000757665   0.0000133400  -0.0000062909
33 14  -0.0000455345   0.0000179121  -0.0000084379   0.0000154068  -0.0000221906
33 15   0.0000015136   0.0000086947
34  1  -0.0032288783  -0.0044382302   0.0000396547   0.0002504729  -0.0009160799
34  2  -0.0000135989   0.0018461956  -0.0003613824   0.0000549761   0.0034089835
34  3  -0.0021422188  -0.0000064856  -0.2645345306   0.1185051946   0.0016735508
34  4  -0.0000236730   0.0001034230  -0.0000031363   0.0000279550  -0.0001974115
34  5   0.0000110501   0.0008259026   0.0004938443  -0.0000443319  -0.0191806036
34  6   0.0167739504   0.0001734610   0.0011269553  -0.0003202056  -0.0000335980
34  7  -0.0011479117   0.0008763552  -0.0000043748   0.2805675775  -0.1283321118
34  8  -0.0018629358   0.0000134573  -0.0000132984   0.0000183822   0.0000084454
34  9  -0.0000173824   0.0000124553   0.0000385144  -0.0000377387  -0.0000321553
34 10   0.0000052398  -0.0000200649  -0.0000156971  -0.0000124444  -0.0000022139
34 11  -0.0000155903   0.0000252148   0.0000563166   0.0000256922   0.0000227554
34 12   0.0000091714   0.0000221906  -0.0000059475   0.0000058444   0.0000016040
34 13  -0.0000295558  -0.0000024510   0.0000317340  -0.0000504932   0.0000116240
34 14   0.0000634096  -0.0000249484  -0.0000168494  -0.0000164170   0.0000713170
34 15  -0.0000180851  -0.0000798397
35  1  -0.0032922504  -0.0009228217  -0.0000410122  -0.0009164132  -0.0008061790
35  2   0.0000080115  -0.0015091940  -0.0059997230  -0.0000133601   0.0298109962
35  3  -0.0107328420  -0.0002013754   0.1185139393  -0.1277303514  -0.0009614898
35  4   0.0001034230   0.0000960890   0.0000018811   0.0015553829  -0.0007558993
35  5   0.0000111947  -0.0004938443   0.0012277945   0.0000140036  -0.0151864143
35  6   0.0118562788   0.0001076006   0.0006668631   0.0009265764   0.0000319949
35  7  -0.0008763552   0.0004201773  -0.0000154167  -0.1283321118   0.1324138339
35  8   0.0010685761  -0.0000132984  -0.0000016810  -0.0000107466   0.0000010865
35  9   0.0000180008  -0.0000185511  -0.0000374244  -0.0000037052   0.0000185583
35 10   0.0000091571  -0.0000259854   0.0000090366  -0.0000312859  -0.0000055147
35 11   0.0000086444   0.0000295533  -0.0000005981  -0.0000220185  -0.0000091714
35 12   0.0000039149  -0.0000015136  -0.0000058444  -0.0000313137   0.0000195303
35 13   0.0000241949   0.0000562355  -0.0000118245   0.0000125253  -0.0000390782
35 14  -0.0000358808  -0.0000054288  -0.0000122449  -0.0000113593  -0.0000180851
35 15   0.0000490363   0.0000455165
36  1   0.0000088753  -0.0000019003   0.0074501129  -0.0000257217   0.0000147172
36  2  -0.0004596460   0.0000034721  -0.0000064655   0.0074500164   0.0000256948
36  3   0.0000330027   0.0017194129   0.0018107218  -0.0010362595  -0.0343748100
36  4   0.0000031363  -0.0000018811  -0.0014296009   0.0000152973   0.0000038589
36  5   0.0002632005  -0.0000443319  -0.0000140036  -0.0037103768  -0.0000188683
36  6  -0.0000368096   0.0017208176  -0.0000111181   0.0000446305  -0.0037090659
36  7   0.0000043748  -0.0000154167   0.0002632477  -0.0018629358   0.0010685761
36  8   0.0246967507   0.0000183822  -0.0000107466  -0.0000181115   0.0000095837
36  9  -0.0000199906   0.0000087132   0.0000431861  -0.0000253783   0.0001146613
36 10  -0.0000025346   0.0000147675  -0.0000451083  -0.0000133400  -0.0000062909
36 11  -0.0000455345   0.0000439633   0.0000686597  -0.0000748063   0.0000221906
36 12   0.0000015136   0.0000086947  -0.0000016040   0.0000195303   0.0000159032
36 13  -0.0000357665  -0.0000718278  -0.0000757665  -0.0000545848   0.0000316684
36 14   0.0004290582  -0.0000179121  -0.0000084379   0.0000154068   0.0000798397
36 15  -0.0000455165  -0.0002131694
37  1   0.0000252148   0.0000563166   0.0000256922  -0.0000504932   0.0000116240
37  2   0.0000634096  -0.0000295558  -0.0000024510   0.0000317340  -0.0000124444
37  3  -0.0000022139  -0.0000155903   0.0000385144  -0.0000377387  -0.0000321553
37  4   0.0000713170  -0.0000180851  -0.0000798397  -0.0000249484  -0.0000168494
37  5  -0.0000164170   0.0000227554   0.0000091714   0.0000221906   0.0000052398
37  6  -0.0000200649  -0.0000156971   0.0000084454  -0.0000173824   0.0000124553
37  7  -0.0000059475   0.0000058444   0.0000016040   0.0000134573  -0.0000132984
37  8   0.0000183822   0.2805675775  -0.1283321118  -0.0018629358   0.0011269553
37  9  -0.0003202056  -0.0000335980  -0.2645345306   0.1185051946   0.0016735508
37 10  -0.0191806036   0.0167739504   0.0001734610   0.0034089835  -0.0021422188
37 11  -0.0000064856  -0.0032288783  -0.0044382302   0.0000396547   0.0008259026
37 12   0.0004938443  -0.0000443319  -0.0011479117   0.0008763552  -0.0000043748
37 13   0.0018461956  -0.0003613824   0.0000549761   0.0002504729  -0.0009160799
37 14  -0.0000135989   0.0000279550  -0.0001974115   0.0000110501  -0.0000236730
37 15   0.0001034230  -0.0000031363
38  1   0.0000295533  -0.0000005981  -0.0000220185   0.0000125253  -0.0000390782
38  2  -0.0000358808   0.0000241949   0.0000562355  -0.0000118245  -0.0000312859
38  3  -0.0000055147   0.0000086444  -0.0000374244  -0.0000037052   0.0000185583
38  4  -0.0000180851   0.0000490363   0.0000455165  -0.0000054288  -0.0000122449
38  5  -0.0000113593  -0.0000091714   0.0000039149  -0.0000015136   0.0000091571
38  6  -0.0000259854   0.0000090366   0.0000010865   0.0000180008  -0.0000185511
38  7  -0.0000058444  -0.0000313137   0.0000195303  -0.0000132984  -0.0000016810
38  8  -0.0000107466  -0.1283321118   0.1324138339   0.0010685761   0.0006668631
38  9   0.0009265764   0.0000319949   0.1185139393  -0.1277303514  -0.0009614898
38 10  -0.0151864143   0.0118562788   0.0001076006   0.0298109962  -0.0107328420
38 11  -0.0002013754  -0.0032922504  -0.0009228217  -0.0000410122  -0.0004938443
38 12   0.0012277945   0.0000140036  -0.0008763552   0.0004201773  -0.0000154167
38 13  -0.0015091940  -0.0059997230  -0.0000133601  -0.0009164132  -0.0008061790
38 14   0.0000080115   0.0015553829  -0.0007558993   0.0000111947   0.0001034230
38 15   0.0000960890   0.0000018811
39  1   0.0000439633   0.0000686597  -0.0000748063  -0.0000545848   0.0000316684
39  2   0.0004290582  -0.0000357665  -0.0000718278  -0.0000757665  -0.0000133400
39  3  -0.0000062909  -0.0000455345   0.0000431861  -0.0000253783   0.0001146613
39  4   0.0000798397  -0.0000455165  -0.0002131694  -0.0000179121  -0.0000084379
39  5   0.0000154068   0.0000221906   0.0000015136   0.0000086947  -0.0000025346
39  6   0.0000147675  -0.0000451083   0.0000095837  -0.0000199906   0.0000087132
39  7  -0.0000016040   0.0000195303   0.0000159032   0.0000183822  -0.0000107466
39  8  -0.0000181115  -0.0018629358   0.0010685761   0.0246967507  -0.0000111181
39  9   0.0000446305  -0.0037090659   0.0018107218  -0.0010362595  -0.0343748100
39 10  -0.0000188683  -0.0000368096   0.0017208176   0.0000256948   0.0000330027
39 11   0.0017194129   0.0000088753  -0.0000019003   0.0074501129  -0.0000443319
39 12  -0.0000140036  -0.0037103768   0.0000043748  -0.0000154167   0.0002632477
39 13   0.0000034721  -0.0000064655   0.0074500164  -0.0000257217   0.0000147172
39 14  -0.0004596460   0.0000152973   0.0000038589   0.0002632005   0.0000031363
39 15  -0.0000018811  -0.0014296009
40  1  -0.0000225180  -0.0000263105   0.0000001058   0.0000447870  -0.0000192818
40  2  -0.0000062066  -0.0000309759   0.0000000000   0.0000000000   0.0000447870
40  3   0.0000192818   0.0000062066  -0.0000225180   0.0000263105  -0.0000001058
40  4  -0.0000249484  -0.0000054288   0.0000179121   0.0000400290   0.0000000000
40  5   0.0000000000  -0.0000249484   0.0000054288  -0.0000179121  -0.0000269510
40  6   0.0000000000   0.0000000000  -0.0000094343   0.0000000000   0.0000000000
40  7   0.0000084454  -0.0000010865  -0.0000095837   0.0000084454   0.0000010865
40  8   0.0000095837   0.0011269553   0.0006668631  -0.0000111181   0.0583065696
40  9   0.0000000000   0.0000000000   0.0047854896  -0.0290191365  -0.0001805104
40 10  -0.0592924950   0.0000000000   0.0000000000  -0.0048491038  -0.0023578669
40 11   0.0000154922   0.0047854896   0.0290191365   0.0001805104   0.0000279550
40 12  -0.0015553829   0.0000152973   0.0011269553  -0.0006668631   0.0000111181
40 13  -0.0013365403   0.0000000000   0.0000000000  -0.0048491038   0.0023578669
40 14  -0.0000154922   0.0001556737   0.0000000000   0.0000000000   0.0000279550
40 15   0.0015553829  -0.0000152973
41  1   0.0000033476   0.0000032516   0.0000182441  -0.0000454769  -0.0000174739
41  2  -0.0000336730   0.0000000000  -0.0000582887  -0.0000724259   0.0000454769
41  3  -0.0000174739  -0.0000336730  -0.0000033476   0.0000032516   0.0000182441
41  4  -0.0000168494  -0.0000122449   0.0000084379   0.0000000000   0.0000815339
41  5   0.0000921174   0.0000168494  -0.0000122449   0.0000084379   0.0000000000
41  6   0.0000606056   0.0000376392   0.0000000000   0.0000212290  -0.0000214060
41  7   0.0000173824   0.0000180008  -0.0000199906  -0.0000173824   0.0000180008
41  8  -0.0000199906  -0.0003202056   0.0009265764   0.0000446305   0.0000000000
41  9   0.3546535352   0.0021538619   0.0029388281  -0.0121090615  -0.0000959144
41 10   0.0000000000  -0.3329521925  -0.0019368714  -0.0035041030   0.0006956324
41 11  -0.0000542226  -0.0029388281  -0.0121090615  -0.0000959144   0.0001974115
41 12  -0.0007558993  -0.0000038589   0.0003202056   0.0009265764   0.0000446305
41 13   0.0000000000   0.0007793657   0.0000162717   0.0035041030   0.0006956324
41 14  -0.0000542226   0.0000000000  -0.0000833513   0.0000035071  -0.0001974115
41 15  -0.0007558993  -0.0000038589
42  1   0.0000116702   0.0000073940  -0.0000456787   0.0000805870  -0.0000061499
42  2  -0.0000748463   0.0000000000   0.0000612165   0.0004289092  -0.0000805870
42  3  -0.0000061499  -0.0000748463  -0.0000116702   0.0000073940  -0.0000456787
42  4   0.0000164170   0.0000113593   0.0000154068   0.0000000000  -0.0000921174
42  5  -0.0002117761  -0.0000164170   0.0000113593   0.0000154068   0.0000000000
42  6  -0.0000521251   0.0001133103   0.0000000000  -0.0000214060  -0.0000184651
42  7  -0.0000124553  -0.0000185511   0.0000087132   0.0000124553  -0.0000185511
42  8   0.0000087132  -0.0000335980   0.0000319949  -0.0037090659   0.0000000000
42  9   0.0021538619   0.0246477455   0.0000410035   0.0000003584   0.0017230650
42 10   0.0000000000  -0.0020971154  -0.0343295591  -0.0000029749  -0.0000054652
42 11   0.0074492454  -0.0000410035   0.0000003584   0.0017230650   0.0000110501
42 12  -0.0000111947   0.0002632005   0.0000335980   0.0000319949  -0.0037090659
42 13   0.0000000000   0.0000317012  -0.0004602925   0.0000029749  -0.0000054652
42 14   0.0074492454   0.0000000000  -0.0000035071  -0.0014299522  -0.0000110501
42 15  -0.0000111947   0.0002632005
43  1   0.0000009730  -0.0000485585  -0.0000131894   0.0005190120   0.0000617719
43  2   0.0001194508  -0.0002369646  -0.0000889063   0.0002285584  -0.0000604571
43  3  -0.0000498733   0.0000851338  -0.0000155673   0.0001691420  -0.0000707364
43  4  -0.0000504932   0.0000125253   0.0000545848   0.0000447870  -0.0000454769
43  5  -0.0000805870  -0.0000124444   0.0000312859  -0.0000133400  -0.0001527811
43  6   0.0000039324   0.0000521777  -0.0000225180  -0.0000033476  -0.0000116702
43  7   0.0000252148  -0.0000295533  -0.0000439633   0.0000385144  -0.0000374244
43  8   0.0000431861  -0.2645345306   0.1185139393   0.0018107218   0.0047854896
43  9   0.0029388281   0.0000410035   0.7153002561  -0.0310724091  -0.0025017153
43 10  -0.2825895939  -0.1220475589  -0.0000718341  -0.1268071843   0.0320330305
43 11   0.0004574568  -0.0584080928   0.0223719876  -0.0000187187   0.0034089835
43 12  -0.0298109962   0.0000256948  -0.0032288783   0.0032922504  -0.0000088753
43 13   0.0326999698   0.0302909794  -0.0001091161  -0.0161050635  -0.0290732581
43 14   0.0000030302  -0.0048491038   0.0035041030  -0.0000029749   0.0002504729
43 15  -0.0009164132   0.0000257217
44  1   0.0000485585  -0.0003258462  -0.0002718376   0.0000617719   0.0005918992
44  2  -0.0000638346  -0.0001873179  -0.0000824963   0.0001440720   0.0000498733
44  3  -0.0001692528  -0.0000153101   0.0001691420   0.0001842449   0.0000430244
44  4   0.0000116240  -0.0000390782  -0.0000316684  -0.0000192818  -0.0000174739
44  5   0.0000061499   0.0000022139  -0.0000055147   0.0000062909  -0.0000995921
44  6  -0.0000933222  -0.0000646670   0.0000263105   0.0000032516   0.0000073940
44  7  -0.0000563166  -0.0000005981   0.0000686597  -0.0000377387  -0.0000037052
44  8  -0.0000253783   0.1185051946  -0.1277303514  -0.0010362595  -0.0290191365
44  9  -0.0121090615   0.0000003584  -0.0310724091   0.6796764260   0.0014179969
44 10  -0.0579446879  -0.1788923494  -0.0005769459  -0.0320330305  -0.3345644202
44 11   0.0003644110  -0.0223719876   0.0631275408   0.0001032549   0.0021422188
44 12  -0.0107328420  -0.0000330027   0.0044382302  -0.0009228217  -0.0000019003
44 13   0.0750178320  -0.0280125325  -0.0000359022  -0.0290732581  -0.0497711500
44 14   0.0000043466   0.0023578669   0.0006956324   0.0000054652  -0.0009160799
44 15  -0.0008061790  -0.0000147172
45  1   0.0000131894  -0.0002718376   0.0004229794  -0.0001194508   0.0000638346
45  2  -0.0020000676   0.0002444353   0.0001249531   0.0004028115   0.0000851338
45  3   0.0000153101   0.0002464499  -0.0000707364   0.0000430244  -0.0005162454
45  4  -0.0000634096   0.0000358808   0.0004290582   0.0000062066   0.0000336730
45  5  -0.0000748463  -0.0000155903  -0.0000086444  -0.0000455345   0.0000363166
45  6  -0.0000786873   0.0002458783  -0.0000001058   0.0000182441  -0.0000456787
45  7  -0.0000256922  -0.0000220185  -0.0000748063  -0.0000321553   0.0000185583
45  8   0.0001146613   0.0016735508  -0.0009614898  -0.0343748100  -0.0001805104
45  9  -0.0000959144   0.0017230650  -0.0025017153   0.0014179969   0.1266741008
45 10   0.0005729970  -0.0002031398  -0.0573027802   0.0004574568  -0.0003644110
45 11  -0.0573251961   0.0000187187   0.0001032549   0.0071367933  -0.0000064856
45 12   0.0002013754   0.0017194129  -0.0000396547  -0.0000410122   0.0074501129
45 13  -0.0000785594  -0.0000708153   0.0071312090  -0.0000030302  -0.0000043466
45 14  -0.0089261670   0.0000154922   0.0000542226   0.0074492454   0.0000135989
45 15  -0.0000080115  -0.0004596460
46  1  -0.0001527811   0.0000995921  -0.0000363166  -0.0002369646  -0.0001873179
46  2  -0.0002444353   0.0006384484   0.0000000000   0.0000000000  -0.0002369646
46  3   0.0001873179   0.0002444353  -0.0001527811  -0.0000995921   0.0000363166
46  4  -0.0000295558   0.0000241949   0.0000357665  -0.0000309759   0.0000000000
46  5   0.0000000000  -0.0000295558  -0.0000241949  -0.0000357665   0.0002604873
46  6   0.0000000000   0.0000000000  -0.0000269510   0.0000000000   0.0000000000
46  7   0.0000052398  -0.0000091571   0.0000025346   0.0000052398   0.0000091571
46  8  -0.0000025346  -0.0191806036  -0.0151864143  -0.0000188683  -0.0592924950
46  9   0.0000000000   0.0000000000  -0.2825895939  -0.0579446879   0.0005729970
46 10   0.6616004375   0.0000000000   0.0000000000   0.0326999698  -0.0750178320
46 11  -0.0000785594  -0.2825895939   0.0579446879  -0.0005729970   0.0018461956
46 12   0.0015091940   0.0000034721  -0.0191806036   0.0151864143   0.0000188683
46 13  -0.0665362231   0.0000000000   0.0000000000   0.0326999698   0.0750178320
46 14   0.0000785594  -0.0013365403   0.0000000000   0.0000000000   0.0018461956
46 15  -0.0015091940  -0.0000034721
47  1  -0.0000039324  -0.0000933222  -0.0000786873  -0.0000889063  -0.0000824963
47  2  -0.0001249531   0.0000000000   0.0004826863  -0.0001430201   0.0000889063
47  3  -0.0000824963  -0.0001249531   0.0000039324  -0.0000933222  -0.0000786873
47  4  -0.0000024510   0.0000562355   0.0000718278   0.0000000000  -0.0000582887
47  5  -0.0000612165   0.0000024510   0.0000562355   0.0000718278   0.0000000000
47  6  -0.0001170431   0.0000834758   0.0000000000   0.0000606056  -0.0000521251
47  7   0.0000200649  -0.0000259854   0.0000147675  -0.0000200649  -0.0000259854
47  8   0.0000147675   0.0167739504   0.0118562788  -0.0000368096   0.0000000000
47  9  -0.3329521925  -0.0020971154  -0.1220475589  -0.1788923494  -0.0002031398
47 10   0.0000000000   0.7335814245   0.0028468171  -0.0302909794  -0.0280125325
47 11   0.0000708153   0.1220475589  -0.1788923494  -0.0002031398   0.0003613824
47 12  -0.0059997230   0.0000064655  -0.0167739504   0.0118562788  -0.0000368096
47 13   0.0000000000   0.0006112310   0.0000143128   0.0302909794  -0.0280125325
47 14   0.0000708153   0.0000000000   0.0007793657  -0.0000317012  -0.0003613824
47 15  -0.0059997230   0.0000064655
48  1  -0.0000521777  -0.0000646670   0.0002458783  -0.0002285584  -0.0001440720
48  2   0.0004028115   0.0000000000   0.0001430201  -0.0019950817   0.0002285584
48  3  -0.0001440720   0.0004028115   0.0000521777  -0.0000646670   0.0002458783
48  4  -0.0000317340   0.0000118245  -0.0000757665   0.0000000000   0.0000724259
48  5   0.0004289092   0.0000317340   0.0000118245  -0.0000757665   0.0000000000
48  6   0.0000834758  -0.0005134229   0.0000000000   0.0000376392   0.0001133103
48  7   0.0000156971   0.0000090366  -0.0000451083  -0.0000156971   0.0000090366
48  8  -0.0000451083   0.0001734610   0.0001076006   0.0017208176   0.0000000000
48  9  -0.0019368714  -0.0343295591  -0.0000718341  -0.0005769459  -0.0573027802
48 10   0.0000000000   0.0028468171   0.1266430940  -0.0001091161   0.0000359022
48 11   0.0071312090   0.0000718341  -0.0005769459  -0.0573027802   0.0000549761
48 12   0.0000133601   0.0074500164  -0.0001734610   0.0001076006   0.0017208176
48 13   0.0000000000  -0.0000143128  -0.0089411130   0.0001091161   0.0000359022
48 14   0.0071312090   0.0000000000  -0.0000162717  -0.0004602925  -0.0000549761
48 15   0.0000133601   0.0074500164
49  1   0.0005190120  -0.0000617719   0.0001194508   0.0000009730   0.0000485585
49  2  -0.0000131894  -0.0001527811  -0.0000039324   0.0000521777  -0.0000155673
49  3  -0.0001691420  -0.0000707364  -0.0000604571   0.0000498733   0.0000851338
49  4   0.0000252148   0.0000295533  -0.0000439633  -0.0000225180   0.0000033476
49  5  -0.0000116702   0.0000385144   0.0000374244   0.0000431861  -0.0002369646
49  6   0.0000889063   0.0002285584   0.0000447870   0.0000454769  -0.0000805870
49  7  -0.0000504932  -0.0000125253   0.0000545848  -0.0000124444  -0.0000312859
49  8  -0.0000133400   0.0034089835   0.0298109962   0.0000256948  -0.0048491038
49  9  -0.0035041030  -0.0000029749  -0.1268071843  -0.0320330305   0.0004574568
49 10   0.0326999698  -0.0302909794  -0.0001091161   0.7153002561   0.0310724091
49 11  -0.0025017153  -0.0161050635   0.0290732581   0.0000030302  -0.2645345306
49 12  -0.1185139393   0.0018107218   0.0002504729   0.0009164132   0.0000257217
49 13  -0.2825895939   0.1220475589  -0.0000718341  -0.0584080928  -0.0223719876
49 14  -0.0000187187   0.0047854896  -0.0029388281   0.0000410035  -0.0032288783
49 15  -0.0032922504  -0.0000088753
50  1  -0.0000617719   0.0005918992   0.0000638346  -0.0000485585  -0.0003258462
50  2   0.0002718376   0.0000995921  -0.0000933222   0.0000646670  -0.0001691420
50  3   0.0001842449  -0.0000430244  -0.0000498733  -0.0001692528   0.0000153101
50  4   0.0000563166  -0.0000005981  -0.0000686597  -0.0000263105   0.0000032516
50  5  -0.0000073940   0.0000377387  -0.0000037052   0.0000253783   0.0001873179
50  6  -0.0000824963  -0.0001440720   0.0000192818  -0.0000174739  -0.0000061499
50  7  -0.0000116240  -0.0000390782   0.0000316684  -0.0000022139  -0.0000055147
50  8  -0.0000062909  -0.0021422188  -0.0107328420   0.0000330027  -0.0023578669
50  9   0.0006956324  -0.0000054652   0.0320330305  -0.3345644202  -0.0003644110
50 10  -0.0750178320  -0.0280125325   0.0000359022   0.0310724091   0.6796764260
50 11  -0.0014179969   0.0290732581  -0.0497711500  -0.0000043466  -0.1185051946
50 12  -0.1277303514   0.0010362595   0.0009160799  -0.0008061790   0.0000147172
50 13   0.0579446879  -0.1788923494   0.0005769459   0.0223719876   0.0631275408
50 14  -0.0001032549   0.0290191365  -0.0121090615  -0.0000003584  -0.0044382302
50 15  -0.0009228217   0.0000019003
51  1  -0.0001194508  -0.0000638346  -0.0020000676   0.0000131894   0.0002718376
51  2   0.0004229794   0.0000363166   0.0000786873   0.0002458783  -0.0000707364
51  3  -0.0000430244  -0.0005162454   0.0000851338  -0.0000153101   0.0002464499
51  4  -0.0000256922   0.0000220185  -0.0000748063  -0.0000001058  -0.0000182441
51  5  -0.0000456787  -0.0000321553  -0.0000185583   0.0001146613   0.0002444353
51  6  -0.0001249531   0.0004028115   0.0000062066  -0.0000336730  -0.0000748463
51  7  -0.0000634096  -0.0000358808   0.0004290582  -0.0000155903   0.0000086444
51  8  -0.0000455345  -0.0000064856  -0.0002013754   0.0017194129   0.0000154922
51  9  -0.0000542226   0.0074492454   0.0004574568   0.0003644110  -0.0573251961
51 10  -0.0000785594   0.0000708153   0.0071312090  -0.0025017153  -0.0014179969
51 11   0.1266741008  -0.0000030302   0.0000043466  -0.0089261670   0.0016735508
51 12   0.0009614898  -0.0343748100   0.0000135989   0.0000080115  -0.0004596460
51 13   0.0005729970   0.0002031398  -0.0573027802   0.0000187187  -0.0001032549
51 14   0.0071367933  -0.0001805104   0.0000959144   0.0017230650  -0.0000396547
51 15   0.0000410122   0.0074501129
52  1  -0.0000155673  -0.0001691420   0.0000707364  -0.0000604571   0.0000498733
52  2  -0.0000851338  -0.0002369646   0.0000889063  -0.0002285584   0.0005190120
52  3  -0.0000617719  -0.0001194508   0.0000009730   0.0000485585   0.0000131894
52  4  -0.0000124444  -0.0000312859   0.0000133400   0.0000447870   0.0000454769
52  5   0.0000805870  -0.0000504932  -0.0000125253  -0.0000545848  -0.0001527811
52  6  -0.0000039324  -0.0000521777  -0.0000225180   0.0000033476   0.0000116702
52  7   0.0000385144   0.0000374244  -0.0000431861   0.0000252148   0.0000295533
52  8   0.0000439633  -0.0032288783  -0.0032922504   0.0000088753   0.0047854896
52  9  -0.0029388281  -0.0000410035  -0.0584080928  -0.0223719876   0.0000187187
52 10  -0.2825895939   0.1220475589   0.0000718341  -0.0161050635   0.0290732581
52 11  -0.0000030302   0.7153002561   0.0310724091   0.0025017153   0.0002504729
52 12   0.0009164132  -0.0000257217  -0.2645345306  -0.1185139393  -0.0018107218
52 13   0.0326999698  -0.0302909794   0.0001091161  -0.1268071843  -0.0320330305
52 14  -0.0004574568  -0.0048491038  -0.0035041030   0.0000029749   0.0034089835
52 15   0.0298109962  -0.0000256948
53  1  -0.0001691420   0.0001842449   0.0000430244  -0.0000498733  -0.0001692528
53  2  -0.0000153101   0.0001873179  -0.0000824963   0.0001440720  -0.0000617719
53  3   0.0005918992  -0.0000638346  -0.0000485585  -0.0003258462  -0.0002718376
53  4  -0.0000022139  -0.0000055147   0.0000062909   0.0000192818  -0.0000174739
53  5   0.0000061499  -0.0000116240  -0.0000390782  -0.0000316684   0.0000995921
53  6  -0.0000933222  -0.0000646670  -0.0000263105   0.0000032516   0.0000073940
53  7   0.0000377387  -0.0000037052  -0.0000253783   0.0000563166  -0.0000005981
53  8   0.0000686597  -0.0044382302  -0.0009228217  -0.0000019003   0.0290191365
53  9  -0.0121090615   0.0000003584   0.0223719876   0.0631275408   0.0001032549
53 10   0.0579446879  -0.1788923494  -0.0005769459   0.0290732581  -0.0497711500
53 11   0.0000043466   0.0310724091   0.6796764260   0.0014179969   0.0009160799
53 12  -0.0008061790  -0.0000147172  -0.1185051946  -0.1277303514  -0.0010362595
53 13  -0.0750178320  -0.0280125325  -0.0000359022   0.0320330305  -0.3345644202
53 14   0.0003644110  -0.0023578669   0.0006956324   0.0000054652  -0.0021422188
53 15  -0.0107328420  -0.0000330027
54  1   0.0000707364   0.0000430244  -0.0005162454  -0.0000851338   0.0000153101
54  2   0.0002464499  -0.0002444353   0.0001249531   0.0004028115   0.0001194508
54  3   0.0000638346  -0.0020000676  -0.0000131894  -0.0002718376   0.0004229794
54  4   0.0000155903  -0.0000086444  -0.0000455345  -0.0000062066   0.0000336730
54  5  -0.0000748463   0.0000634096   0.0000358808   0.0004290582  -0.0000363166
54  6  -0.0000786873   0.0002458783   0.0000001058   0.0000182441  -0.0000456787
54  7   0.0000321553   0.0000185583   0.0001146613   0.0000256922  -0.0000220185
54  8  -0.0000748063   0.0000396547  -0.0000410122   0.0074501129   0.0001805104
54  9  -0.0000959144   0.0017230650  -0.0000187187   0.0001032549   0.0071367933
54 10  -0.0005729970  -0.0002031398  -0.0573027802   0.0000030302  -0.0000043466
54 11  -0.0089261670   0.0025017153   0.0014179969   0.1266741008  -0.0000135989
54 12  -0.0000080115  -0.0004596460  -0.0016735508  -0.0009614898  -0.0343748100
54 13   0.0000785594  -0.0000708153   0.0071312090  -0.0004574568  -0.0003644110
54 14  -0.0573251961  -0.0000154922   0.0000542226   0.0074492454   0.0000064856
54 15   0.0002013754   0.0017194129
55  1  -0.0000504932  -0.0000116240   0.0000634096   0.0000252148  -0.0000563166
55  2   0.0000256922   0.0000052398   0.0000200649  -0.0000156971   0.0000385144
55  3   0.0000377387  -0.0000321553  -0.0000124444   0.0000022139  -0.0000155903
55  4  -0.0000059475  -0.0000058444   0.0000016040   0.0000084454   0.0000173824
55  5   0.0000124553   0.0000134573   0.0000132984   0.0000183822  -0.0000295558
55  6   0.0000024510   0.0000317340  -0.0000249484   0.0000168494  -0.0000164170
55  7   0.0000713170   0.0000180851  -0.0000798397   0.0000227554  -0.0000091714
55  8   0.0000221906   0.0008259026  -0.0004938443  -0.0000443319   0.0000279550
55  9   0.0001974115   0.0000110501   0.0034089835   0.0021422188  -0.0000064856
55 10   0.0018461956   0.0003613824   0.0000549761  -0.2645345306  -0.1185051946
55 11   0.0016735508   0.0002504729   0.0009160799  -0.0000135989   0.2805675775
55 12   0.1283321118  -0.0018629358  -0.0000236730  -0.0001034230  -0.0000031363
55 13  -0.0191806036  -0.0167739504   0.0001734610  -0.0032288783   0.0044382302
55 14   0.0000396547   0.0011269553   0.0003202056  -0.0000335980  -0.0011479117
55 15  -0.0008763552  -0.0000043748
56  1  -0.0000125253  -0.0000390782   0.0000358808  -0.0000295533  -0.0000005981
56  2   0.0000220185  -0.0000091571  -0.0000259854  -0.0000090366   0.0000374244
56  3  -0.0000037052  -0.0000185583   0.0000312859  -0.0000055147  -0.0000086444
56  4   0.0000058444  -0.0000313137  -0.0000195303  -0.0000010865   0.0000180008
56  5   0.0000185511   0.0000132984  -0.0000016810   0.0000107466  -0.0000241949
56  6   0.0000562355   0.0000118245   0.0000054288  -0.0000122449   0.0000113593
56  7   0.0000180851   0.0000490363  -0.0000455165   0.0000091714   0.0000039149
56  8   0.0000015136   0.0004938443   0.0012277945  -0.0000140036  -0.0015553829
56  9  -0.0007558993  -0.0000111947  -0.0298109962  -0.0107328420   0.0002013754
56 10   0.0015091940  -0.0059997230   0.0000133601  -0.1185139393  -0.1277303514
56 11   0.0009614898   0.0009164132  -0.0008061790  -0.0000080115   0.1283321118
56 12   0.1324138339  -0.0010685761  -0.0001034230   0.0000960890  -0.0000018811
56 13   0.0151864143   0.0118562788  -0.0001076006   0.0032922504  -0.0009228217
56 14   0.0000410122  -0.0006668631   0.0009265764  -0.0000319949   0.0008763552
56 15   0.0004201773   0.0000154167
57  1  -0.0000545848  -0.0000316684   0.0004290582   0.0000439633  -0.0000686597
57  2  -0.0000748063  -0.0000025346  -0.0000147675  -0.0000451083   0.0000431861
57  3   0.0000253783   0.0001146613  -0.0000133400   0.0000062909  -0.0000455345
57  4  -0.0000016040  -0.0000195303   0.0000159032   0.0000095837   0.0000199906
57  5   0.0000087132   0.0000183822   0.0000107466  -0.0000181115  -0.0000357665
57  6   0.0000718278  -0.0000757665  -0.0000179121   0.0000084379   0.0000154068
57  7   0.0000798397   0.0000455165  -0.0002131694   0.0000221906  -0.0000015136
57  8   0.0000086947  -0.0000443319   0.0000140036  -0.0037103768   0.0000152973
57  9  -0.0000038589   0.0002632005   0.0000256948  -0.0000330027   0.0017194129
57 10   0.0000034721   0.0000064655   0.0074500164   0.0018107218   0.0010362595
57 11  -0.0343748100  -0.0000257217  -0.0000147172  -0.0004596460  -0.0018629358
57 12  -0.0010685761   0.0246967507   0.0000031363   0.0000018811  -0.0014296009
57 13  -0.0000188683   0.0000368096   0.0017208176   0.0000088753   0.0000019003
57 14   0.0074501129  -0.0000111181  -0.0000446305  -0.0037090659   0.0000043748
57 15   0.0000154167   0.0002632477
58  1   0.0000385144   0.0000377387   0.0000321553  -0.0000124444   0.0000022139
58  2   0.0000155903  -0.0000295558   0.0000024510  -0.0000317340  -0.0000504932
58  3  -0.0000116240  -0.0000634096   0.0000252148  -0.0000563166  -0.0000256922
58  4   0.0000227554  -0.0000091714  -0.0000221906  -0.0000249484   0.0000168494
58  5   0.0000164170   0.0000713170   0.0000180851   0.0000798397   0.0000052398
58  6   0.0000200649   0.0000156971   0.0000084454   0.0000173824  -0.0000124553
58  7   0.0000134573   0.0000132984  -0.0000183822  -0.0000059475  -0.0000058444
58  8  -0.0000016040  -0.0011479117  -0.0008763552   0.0000043748   0.0011269553
58  9   0.0003202056   0.0000335980  -0.0032288783   0.0044382302  -0.0000396547
58 10  -0.0191806036  -0.0167739504  -0.0001734610   0.0002504729   0.0009160799
58 11   0.0000135989  -0.2645345306  -0.1185051946  -0.0016735508  -0.0000236730
58 12  -0.0001034230   0.0000031363   0.2805675775   0.1283321118   0.0018629358
58 13   0.0018461956   0.0003613824  -0.0000549761   0.0034089835   0.0021422188
58 14   0.0000064856   0.0000279550   0.0001974115  -0.0000110501   0.0008259026
58 15  -0.0004938443   0.0000443319
59  1   0.0000374244  -0.0000037052   0.0000185583   0.0000312859  -0.0000055147
59  2   0.0000086444  -0.0000241949   0.0000562355  -0.0000118245  -0.0000125253
59  3  -0.0000390782  -0.0000358808  -0.0000295533  -0.0000005981  -0.0000220185
59  4   0.0000091714   0.0000039149  -0.0000015136   0.0000054288  -0.0000122449
59  5  -0.0000113593   0.0000180851   0.0000490363   0.0000455165  -0.0000091571
59  6  -0.0000259854   0.0000090366  -0.0000010865   0.0000180008  -0.0000185511
59  7   0.0000132984  -0.0000016810  -0.0000107466   0.0000058444  -0.0000313137
59  8   0.0000195303   0.0008763552   0.0004201773  -0.0000154167  -0.0006668631
59  9   0.0009265764   0.0000319949   0.0032922504  -0.0009228217  -0.0000410122
59 10   0.0151864143   0.0118562788   0.0001076006   0.0009164132  -0.0008061790
59 11   0.0000080115  -0.1185139393  -0.1277303514  -0.0009614898  -0.0001034230
59 12   0.0000960890   0.0000018811   0.1283321118   0.1324138339   0.0010685761
59 13   0.0015091940  -0.0059997230  -0.0000133601  -0.0298109962  -0.0107328420
59 14  -0.0002013754  -0.0015553829  -0.0007558993   0.0000111947   0.0004938443
59 15   0.0012277945   0.0000140036
60  1  -0.0000431861  -0.0000253783   0.0001146613   0.0000133400  -0.0000062909
60  2  -0.0000455345   0.0000357665  -0.0000718278  -0.0000757665   0.0000545848
60  3   0.0000316684   0.0004290582  -0.0000439633   0.0000686597  -0.0000748063
60  4  -0.0000221906   0.0000015136   0.0000086947   0.0000179121  -0.0000084379
60  5   0.0000154068  -0.0000798397  -0.0000455165  -0.0002131694   0.0000025346
60  6   0.0000147675  -0.0000451083  -0.0000095837  -0.0000199906   0.0000087132
60  7  -0.0000183822  -0.0000107466  -0.0000181115   0.0000016040   0.0000195303
60  8   0.0000159032  -0.0000043748  -0.0000154167   0.0002632477   0.0000111181
60  9   0.0000446305  -0.0037090659  -0.0000088753  -0.0000019003   0.0074501129
60 10   0.0000188683  -0.0000368096   0.0017208176   0.0000257217   0.0000147172
60 11  -0.0004596460  -0.0018107218  -0.0010362595  -0.0343748100  -0.0000031363
60 12  -0.0000018811  -0.0014296009   0.0018629358   0.0010685761   0.0246967507
60 13  -0.0000034721  -0.0000064655   0.0074500164  -0.0000256948   0.0000330027
60 14   0.0017194129  -0.0000152973   0.0000038589   0.0002632005   0.0000443319
60 15  -0.0000140036  -0.0037103768
61  1  -0.0002369646   0.0001873179  -0.0002444353  -0.0001527811  -0.0000995921
61  2  -0.0000363166   0.0002604873   0.0000000000   0.0000000000  -0.0001527811
61  3   0.0000995921   0.0000363166  -0.0002369646  -0.0001873179   0.0002444353
61  4   0.0000052398   0.0000091571   0.0000025346  -0.0000269510   0.0000000000
61  5   0.0000000000   0.0000052398  -0.0000091571  -0.0000025346   0.0006384484
61  6   0.0000000000   0.0000000000  -0.0000309759   0.0000000000   0.0000000000
61  7  -0.0000295558  -0.0000241949   0.0000357665  -0.0000295558   0.0000241949
61  8  -0.0000357665   0.0018461956  -0.0015091940   0.0000034721  -0.0013365403
61  9   0.0000000000   0.0000000000   0.0326999698   0.0750178320  -0.0000785594
61 10  -0.0665362231   0.0000000000   0.0000000000  -0.2825895939   0.0579446879
61 11   0.0005729970   0.0326999698  -0.0750178320   0.0000785594  -0.0191806036
61 12   0.0151864143  -0.0000188683   0.0018461956   0.0015091940  -0.0000034721
61 13   0.6616004375   0.0000000000   0.0000000000  -0.2825895939  -0.0579446879
61 14  -0.0005729970  -0.0592924950   0.0000000000   0.0000000000  -0.0191806036
61 15  -0.0151864143   0.0000188683
62  1   0.0000889063  -0.0000824963   0.0001249531   0.0000039324  -0.0000933222
62  2   0.0000786873   0.0000000000  -0.0001170431  -0.0000834758  -0.0000039324
62  3  -0.0000933222   0.0000786873  -0.0000889063  -0.0000824963   0.0001249531
62  4  -0.0000200649  -0.0000259854  -0.0000147675   0.0000000000   0.0000606056
62  5   0.0000521251   0.0000200649  -0.0000259854  -0.0000147675   0.0000000000
62  6   0.0004826863   0.0001430201   0.0000000000  -0.0000582887   0.0000612165
62  7   0.0000024510   0.0000562355  -0.0000718278  -0.0000024510   0.0000562355
62  8  -0.0000718278  -0.0003613824  -0.0059997230  -0.0000064655   0.0000000000
62  9   0.0007793657   0.0000317012   0.0302909794  -0.0280125325  -0.0000708153
62 10   0.0000000000   0.0006112310  -0.0000143128   0.1220475589  -0.1788923494
62 11   0.0002031398  -0.0302909794  -0.0280125325  -0.0000708153  -0.0167739504
62 12   0.0118562788   0.0000368096   0.0003613824  -0.0059997230  -0.0000064655
62 13   0.0000000000   0.7335814245  -0.0028468171  -0.1220475589  -0.1788923494
62 14   0.0002031398   0.0000000000  -0.3329521925   0.0020971154   0.0167739504
62 15   0.0118562788   0.0000368096
63  1  -0.0002285584   0.0001440720   0.0004028115  -0.0000521777   0.0000646670
63  2   0.0002458783   0.0000000000  -0.0000834758  -0.0005134229   0.0000521777
63  3   0.0000646670   0.0002458783   0.0002285584   0.0001440720   0.0004028115
63  4   0.0000156971  -0.0000090366  -0.0000451083   0.0000000000  -0.0000376392
63  5   0.0001133103  -0.0000156971  -0.0000090366  -0.0000451083   0.0000000000
63  6  -0.0001430201  -0.0019950817   0.0000000000  -0.0000724259   0.0004289092
63  7  -0.0000317340  -0.0000118245  -0.0000757665   0.0000317340  -0.0000118245
63  8  -0.0000757665   0.0000549761  -0.0000133601   0.0074500164   0.0000000000
63  9   0.0000162717  -0.0004602925  -0.0001091161  -0.0000359022   0.0071312090
63 10   0.0000000000   0.0000143128  -0.0089411130  -0.0000718341   0.0005769459
63 11  -0.0573027802   0.0001091161  -0.0000359022   0.0071312090   0.0001734610
63 12  -0.0001076006   0.0017208176  -0.0000549761  -0.0000133601   0.0074500164
63 13   0.0000000000  -0.0028468171   0.1266430940   0.0000718341   0.0005769459
63 14  -0.0573027802   0.0000000000   0.0019368714  -0.0343295591  -0.0001734610
63 15  -0.0001076006   0.0017208176
64  1  -0.0000604571  -0.0000498733  -0.0000851338  -0.0000155673   0.0001691420
64  2   0.0000707364  -0.0001527811   0.0000039324  -0.0000521777   0.0000009730
64  3  -0.0000485585   0.0000131894   0.0005190120   0.0000617719  -0.0001194508
64  4   0.0000385144  -0.0000374244  -0.0000431861  -0.0000225180  -0.0000033476
64  5   0.0000116702   0.0000252148  -0.0000295533   0.0000439633  -0.0002369646
64  6  -0.0000889063  -0.0002285584   0.0000447870  -0.0000454769   0.0000805870
64  7  -0.0000124444   0.0000312859   0.0000133400  -0.0000504932   0.0000125253
64  8  -0.0000545848   0.0002504729  -0.0009164132  -0.0000257217  -0.0048491038
64  9   0.0035041030   0.0000029749  -0.0161050635  -0.0290732581  -0.0000030302
64 10   0.0326999698   0.0302909794   0.0001091161  -0.0584080928   0.0223719876
64 11   0.0000187187  -0.1268071843   0.0320330305  -0.0004574568  -0.0032288783
64 12   0.0032922504   0.0000088753   0.0034089835  -0.0298109962  -0.0000256948
64 13  -0.2825895939  -0.1220475589   0.0000718341   0.7153002561  -0.0310724091
64 14   0.0025017153   0.0047854896   0.0029388281  -0.0000410035  -0.2645345306
64 15   0.1185139393  -0.0018107218
65  1   0.0000498733  -0.0001692528   0.0000153101   0.0001691420   0.0001842449
65  2  -0.0000430244  -0.0000995921  -0.0000933222   0.0000646670   0.0000485585
65  3  -0.0003258462   0.0002718376   0.0000617719   0.0005918992   0.0000638346
65  4  -0.0000377387  -0.0000037052   0.0000253783   0.0000263105   0.0000032516
65  5  -0.0000073940  -0.0000563166  -0.0000005981  -0.0000686597  -0.0001873179
65  6  -0.0000824963  -0.0001440720  -0.0000192818  -0.0000174739  -0.0000061499
65  7   0.0000022139  -0.0000055147  -0.0000062909   0.0000116240  -0.0000390782
65  8   0.0000316684  -0.0009160799  -0.0008061790   0.0000147172   0.0023578669
65  9   0.0006956324  -0.0000054652  -0.0290732581  -0.0497711500  -0.0000043466
65 10   0.0750178320  -0.0280125325   0.0000359022  -0.0223719876   0.0631275408
65 11  -0.0001032549  -0.0320330305  -0.3345644202  -0.0003644110   0.0044382302
65 12  -0.0009228217   0.0000019003   0.0021422188  -0.0107328420   0.0000330027
65 13  -0.0579446879  -0.1788923494   0.0005769459  -0.0310724091   0.6796764260
65 14  -0.0014179969  -0.0290191365  -0.0121090615  -0.0000003584   0.1185051946
65 15  -0.1277303514   0.0010362595
66  1  -0.0000851338  -0.0000153101   0.0002464499   0.0000707364  -0.0000430244
66  2  -0.0005162454  -0.0000363166   0.0000786873   0.0002458783  -0.0000131894
66  3   0.0002718376   0.0004229794   0.0001194508  -0.0000638346  -0.0020000676
66  4   0.0000321553  -0.0000185583   0.0001146613   0.0000001058  -0.0000182441
66  5  -0.0000456787   0.0000256922   0.0000220185  -0.0000748063  -0.0002444353
66  6  -0.0001249531   0.0004028115  -0.0000062066  -0.0000336730  -0.0000748463
66  7   0.0000155903   0.0000086444  -0.0000455345   0.0000634096  -0.0000358808
66  8   0.0004290582  -0.0000135989   0.0000080115  -0.0004596460  -0.0000154922
66  9  -0.0000542226   0.0074492454   0.0000030302   0.0000043466  -0.0089261670
66 10   0.0000785594   0.0000708153   0.0071312090  -0.0000187187  -0.0001032549
66 11   0.0071367933  -0.0004574568   0.0003644110  -0.0573251961   0.0000396547
66 12   0.0000410122   0.0074501129   0.0000064856  -0.0002013754   0.0017194129
66 13  -0.0005729970   0.0002031398  -0.0573027802   0.0025017153  -0.0014179969
66 14   0.1266741008   0.0001805104   0.0000959144   0.0017230650  -0.0016735508
66 15   0.0009614898  -0.0343748100
67  1   0.0000447870   0.0000192818  -0.0000062066  -0.0000225180   0.0000263105
67  2   0.0000001058  -0.0000269510   0.0000000000   0.0000000000  -0.0000225180
67  3  -0.0000263105  -0.0000001058   0.0000447870  -0.0000192818   0.0000062066
67  4   0.0000084454   0.0000010865  -0.0000095837  -0.0000094343   0.0000000000
67  5   0.0000000000   0.0000084454  -0.0000010865   0.0000095837  -0.0000309759
67  6   0.0000000000   0.0000000000   0.0000400290   0.0000000000   0.0000000000
67  7  -0.0000249484   0.0000054288   0.0000179121  -0.0000249484  -0.0000054288
67  8  -0.0000179121   0.0000279550   0.0015553829   0.0000152973   0.0001556737
67  9   0.0000000000   0.0000000000  -0.0048491038   0.0023578669   0.0000154922
67 10  -0.0013365403   0.0000000000   0.0000000000   0.0047854896   0.0290191365
67 11  -0.0001805104  -0.0048491038  -0.0023578669  -0.0000154922   0.0011269553
67 12  -0.0006668631  -0.0000111181   0.0000279550  -0.0015553829  -0.0000152973
67 13  -0.0592924950   0.0000000000   0.0000000000   0.0047854896  -0.0290191365
67 14   0.0001805104   0.0583065696   0.0000000000   0.0000000000   0.0011269553
67 15   0.0006668631   0.0000111181
68  1   0.0000454769  -0.0000174739   0.0000336730  -0.0000033476   0.0000032516
68  2  -0.0000182441   0.0000000000   0.0000606056  -0.0000376392   0.0000033476
68  3   0.0000032516  -0.0000182441  -0.0000454769  -0.0000174739   0.0000336730
68  4  -0.0000173824   0.0000180008   0.0000199906   0.0000000000   0.0000212290
68  5   0.0000214060   0.0000173824   0.0000180008   0.0000199906   0.0000000000
68  6  -0.0000582887   0.0000724259   0.0000000000   0.0000815339  -0.0000921174
68  7   0.0000168494  -0.0000122449  -0.0000084379  -0.0000168494  -0.0000122449
68  8  -0.0000084379  -0.0001974115  -0.0007558993   0.0000038589   0.0000000000
68  9  -0.0000833513  -0.0000035071   0.0035041030   0.0006956324   0.0000542226
68 10   0.0000000000   0.0007793657  -0.0000162717  -0.0029388281  -0.0121090615
68 11   0.0000959144  -0.0035041030   0.0006956324   0.0000542226   0.0003202056
68 12   0.0009265764  -0.0000446305   0.0001974115  -0.0007558993   0.0000038589
68 13   0.0000000000  -0.3329521925   0.0019368714   0.0029388281  -0.0121090615
68 14   0.0000959144   0.0000000000   0.3546535352  -0.0021538619  -0.0003202056
68 15   0.0009265764  -0.0000446305
69  1   0.0000805870   0.0000061499  -0.0000748463   0.0000116702  -0.0000073940
69  2  -0.0000456787   0.0000000000   0.0000521251   0.0001133103  -0.0000116702
69  3  -0.0000073940  -0.0000456787  -0.0000805870   0.0000061499  -0.0000748463
69  4  -0.0000124553   0.0000185511   0.0000087132   0.0000000000   0.0000214060
69  5  -0.0000184651   0.0000124553   0.0000185511   0.0000087132   0.0000000000
69  6  -0.0000612165   0.0004289092   0.0000000000   0.0000921174  -0.0002117761
69  7   0.0000164170  -0.0000113593   0.0000154068  -0.0000164170  -0.0000113593
69  8   0.0000154068   0.0000110501   0.0000111947   0.0002632005   0.0000000000
69  9   0.0000035071  -0.0014299522  -0.0000029749   0.0000054652   0.0074492454
69 10   0.0000000000  -0.0000317012  -0.0004602925   0.0000410035  -0.0000003584
69 11   0.0017230650   0.0000029749   0.0000054652   0.0074492454  -0.0000335980
69 12  -0.0000319949  -0.0037090659  -0.0000110501   0.0000111947   0.0002632005
69 13   0.0000000000   0.0020971154  -0.0343295591  -0.0000410035  -0.0000003584
69 14   0.0017230650   0.0000000000  -0.0021538619   0.0246477455   0.0000335980
69 15  -0.0000319949  -0.0037090659
70  1  -0.0000124444  -0.0000022139   0.0000155903   0.0000385144  -0.0000377387
70  2   0.0000321553   0.0000052398  -0.0000200649   0.0000156971   0.0000252148
70  3   0.0000563166  -0.0000256922  -0.0000504932   0.0000116240  -0.0000634096
70  4   0.0000134573  -0.0000132984  -0.0000183822   0.0000084454  -0.0000173824
70  5  -0.0000124553  -0.0000059475   0.0000058444  -0.0000016040  -0.0000295558
70  6  -0.0000024510  -0.0000317340  -0.0000249484  -0.0000168494   0.0000164170
70  7   0.0000227554   0.0000091714  -0.0000221906   0.0000713170  -0.0000180851
70  8   0.0000798397  -0.0000236730   0.0001034230   0.0000031363   0.0000279550
70  9  -0.0001974115  -0.0000110501   0.0002504729  -0.0009160799   0.0000135989
70 10   0.0018461956  -0.0003613824  -0.0000549761  -0.0032288783  -0.0044382302
70 11  -0.0000396547   0.0034089835  -0.0021422188   0.0000064856  -0.0011479117
70 12   0.0008763552   0.0000043748   0.0008259026   0.0004938443   0.0000443319
70 13  -0.0191806036   0.0167739504  -0.0001734610  -0.2645345306   0.1185051946
70 14  -0.0016735508   0.0011269553  -0.0003202056   0.0000335980   0.2805675775
70 15  -0.1283321118   0.0018629358
71  1  -0.0000312859  -0.0000055147  -0.0000086444  -0.0000374244  -0.0000037052
71  2  -0.0000185583   0.0000091571  -0.0000259854  -0.0000090366   0.0000295533
71  3  -0.0000005981   0.0000220185   0.0000125253  -0.0000390782   0.0000358808
71  4  -0.0000132984  -0.0000016810   0.0000107466   0.0000010865   0.0000180008
71  5   0.0000185511  -0.0000058444  -0.0000313137  -0.0000195303   0.0000241949
71  6   0.0000562355   0.0000118245  -0.0000054288  -0.0000122449   0.0000113593
71  7  -0.0000091714   0.0000039149   0.0000015136  -0.0000180851   0.0000490363
71  8  -0.0000455165   0.0001034230   0.0000960890  -0.0000018811   0.0015553829
71  9  -0.0007558993  -0.0000111947  -0.0009164132  -0.0008061790  -0.0000080115
71 10  -0.0015091940  -0.0059997230   0.0000133601  -0.0032922504  -0.0009228217
71 11   0.0000410122   0.0298109962  -0.0107328420   0.0002013754  -0.0008763552
71 12   0.0004201773   0.0000154167  -0.0004938443   0.0012277945  -0.0000140036
71 13  -0.0151864143   0.0118562788  -0.0001076006   0.1185139393  -0.1277303514
71 14   0.0009614898   0.0006668631   0.0009265764  -0.0000319949  -0.1283321118
71 15   0.1324138339  -0.0010685761
72  1   0.0000133400   0.0000062909  -0.0000455345  -0.0000431861   0.0000253783
72  2   0.0001146613   0.0000025346  -0.0000147675  -0.0000451083  -0.0000439633
72  3  -0.0000686597  -0.0000748063   0.0000545848  -0.0000316684   0.0004290582
72  4  -0.0000183822   0.0000107466  -0.0000181115  -0.0000095837   0.0000199906
72  5   0.0000087132   0.0000016040  -0.0000195303   0.0000159032   0.0000357665
72  6   0.0000718278  -0.0000757665   0.0000179121   0.0000084379   0.0000154068
72  7  -0.0000221906  -0.0000015136   0.0000086947  -0.0000798397   0.0000455165
72  8  -0.0002131694  -0.0000031363   0.0000018811  -0.0014296009  -0.0000152973
72  9  -0.0000038589   0.0002632005   0.0000257217  -0.0000147172  -0.0004596460
72 10  -0.0000034721   0.0000064655   0.0074500164  -0.0000088753   0.0000019003
72 11   0.0074501129  -0.0000256948  -0.0000330027   0.0017194129  -0.0000043748
72 12   0.0000154167   0.0002632477   0.0000443319   0.0000140036  -0.0037103768
72 13   0.0000188683   0.0000368096   0.0017208176  -0.0018107218   0.0010362595
72 14  -0.0343748100   0.0000111181  -0.0000446305  -0.0037090659   0.0018629358
72 15  -0.0010685761   0.0246967507
$end
