$vibrational normal modes
 1  1  -0.0772116496   0.0000694118   0.0707756102  -0.0668923256   0.0961579469
 1  2   0.1767623011  -0.0605378405  -0.0533771032  -0.1222160939  -0.0000251934
 1  3  -0.0001553220  -0.0002880664  -0.0004521627   0.0005706623   0.0004068630
 1  4  -0.0005519643   0.1565578924  -0.1629459735   0.1564181550  -0.1628524999
 1  5  -0.0002156059  -0.0000596073  -0.0007159285  -0.0009721571   0.0003060858
 1  6  -0.0000137542   0.0001928560  -0.0002446429   0.0000824593   0.0000087924
 1  7   0.0000560347   0.0003153426  -0.0013295048   0.0008101728   0.1690249938
 1  8   0.1689752788  -0.1781791033  -0.1782357900  -0.0482816899   0.0620186846
 1  9  -0.0482653417   0.0619039658  -0.0108198935  -0.0108222801  -0.0089404000
 1 10  -0.0206039010  -0.0089488410  -0.0206714199   0.1074727406  -0.1074814513
 1 11  -0.0212971577  -0.0213052365   0.0229424089   0.0732371213  -0.0230348244
 1 12   0.0733893120  -0.1376951776  -0.0551152437   0.1375379704   0.0550120825
 1 13   0.0206231023  -0.0206306477  -0.0144054777   0.0262393848  -0.0144190045
 1 14  -0.0262510255  -0.0167267327  -0.0265702219   0.0167102195   0.0265521392
 1 15  -0.0227624000  -0.0227741286
 2  1  -0.0000728515   0.0771032432  -0.1224866058  -0.0902960072   0.1457102875
 2  2  -0.0622550991   0.2326742827   0.0005894097   0.0501460752  -0.0001549382
 2  3   0.0001573928  -0.0001651363  -0.0000274242   0.0004677944   0.0000764419
 2  4  -0.0004120298  -0.0177113857  -0.1564683849  -0.0176712629  -0.1562798154
 2  5  -0.0001115911  -0.0000422248  -0.0003948969  -0.0005396567  -0.0003442833
 2  6   0.0002893944  -0.0000129280  -0.0002076567  -0.0000913071  -0.0000831214
 2  7   0.0002440842   0.0000582598  -0.0007767385   0.0004836458   0.0976664079
 2  8   0.0976395732  -0.1024627007  -0.1025001199  -0.0622924951  -0.0238211335
 2  9  -0.0621710349  -0.0236962897   0.0187689022   0.0187588308   0.0206286332
 2 10   0.0327322293   0.0206902201   0.0328157668  -0.1861219114   0.1861453357
 2 11   0.0369048146   0.0369189492   0.0732750106  -0.0616481485  -0.0734292160
 2 12  -0.0617390981   0.0551404451   0.2013569267  -0.0550345137  -0.2010917413
 2 13   0.0119119902  -0.0119164099  -0.0095733453   0.0144291841  -0.0095699784
 2 14  -0.0144428050  -0.0072930311  -0.0167072512   0.0072926844   0.0166914496
 2 15  -0.0131439797  -0.0131507067
 3  1   0.1593808098  -0.0919798143   0.0000140571  -0.0860340998   0.1676892030
 3  2  -0.0027596056  -0.1090832652   0.0177370838   0.0713913380   0.1721762837
 3  3   0.0993408927   0.2019223937   0.0867705363  -0.1503525349  -0.0857521129
 3  4   0.1486131632   0.0003126123  -0.0006420621   0.0005288698  -0.0009814912
 3  5  -0.0240625453   0.0245875607   0.1592996074   0.1575343307   0.0301720232
 3  6   0.0524822064  -0.0302519838   0.0526196468   0.0359558859  -0.0621615031
 3  7  -0.0364469491  -0.0630198177   0.0363924378  -0.0369749797  -0.0002622408
 3  8   0.0002803434  -0.0023574917  -0.0021319562   0.0004184993  -0.0002627504
 3  9  -0.0001371700   0.0000590841   0.0000059470   0.0000029893   0.0002453922
 3 10  -0.0001336302   0.0000077022   0.0000009158   0.0000207693  -0.0000268740
 3 11  -0.0000030350  -0.0000038058   0.0000895854   0.0000585060  -0.0002456254
 3 12   0.0001480253  -0.0003357330   0.0001819460   0.0004408815  -0.0002416280
 3 13   0.0001547610  -0.0001551211  -0.0001089169   0.0001891094  -0.0001053430
 3 14  -0.0001828523  -0.0001188036  -0.0002050476   0.0001053534   0.0001819472
 3 15  -0.0001612320  -0.0001582651
 4  1  -0.0772116496  -0.0000694118  -0.0707756102  -0.0971527970   0.1269839079
 4  2   0.0644200560  -0.0080021602  -0.1532064200  -0.1270084079  -0.0000251934
 4  3   0.0001553220  -0.0002880664  -0.0004521627  -0.0005706623   0.0004068630
 4  4   0.0005519643   0.1565578924   0.1629459735   0.1564181550   0.1628524999
 4  5  -0.0002156059  -0.0000596073   0.0007159285   0.0009721571  -0.0003060858
 4  6  -0.0000137542  -0.0001928560  -0.0002446429   0.0000824593  -0.0000087924
 4  7   0.0000560347  -0.0003153426   0.0013295048  -0.0008101728   0.1690249938
 4  8   0.1689752788   0.1781791033   0.1782357900  -0.0482816899  -0.0620186846
 4  9  -0.0482653417  -0.0619039658  -0.0108198935  -0.0108222801   0.0089404000
 4 10  -0.0206039010   0.0089488410  -0.0206714199   0.1074727406  -0.1074814513
 4 11   0.0212971577   0.0213052365   0.0229424089  -0.0732371213  -0.0230348244
 4 12  -0.0733893120   0.1376951776  -0.0551152437  -0.1375379704   0.0550120825
 4 13  -0.0206231023   0.0206306477  -0.0144054777  -0.0262393848  -0.0144190045
 4 14   0.0262510255   0.0167267327  -0.0265702219  -0.0167102195   0.0265521392
 4 15  -0.0227624000  -0.0227741286
 5  1   0.0000728515   0.0771032432  -0.1224866058  -0.0902960072   0.1457102875
 5  2  -0.0622550991   0.2326742827   0.0005894097   0.0501460752   0.0001549382
 5  3   0.0001573928   0.0001651363   0.0000274242   0.0004677944  -0.0000764419
 5  4  -0.0004120298   0.0177113857  -0.1564683849   0.0176712629  -0.1562798154
 5  5   0.0001115911   0.0000422248  -0.0003948969  -0.0005396567  -0.0003442833
 5  6  -0.0002893944  -0.0000129280   0.0002076567   0.0000913071  -0.0000831214
 5  7  -0.0002440842   0.0000582598  -0.0007767385   0.0004836458  -0.0976664079
 5  8  -0.0976395732  -0.1024627007  -0.1025001199   0.0622924951  -0.0238211335
 5  9   0.0621710349  -0.0236962897  -0.0187689022  -0.0187588308   0.0206286332
 5 10  -0.0327322293   0.0206902201  -0.0328157668   0.1861219114  -0.1861453357
 5 11   0.0369048146   0.0369189492  -0.0732750106  -0.0616481485   0.0734292160
 5 12  -0.0617390981   0.0551404451  -0.2013569267  -0.0550345137   0.2010917413
 5 13   0.0119119902  -0.0119164099   0.0095733453   0.0144291841   0.0095699784
 5 14  -0.0144428050  -0.0072930311   0.0167072512   0.0072926844  -0.0166914496
 5 15   0.0131439797   0.0131507067
 6  1   0.1593808099   0.0919798142  -0.0000140571   0.0135285277   0.1660371267
 6  2  -0.0096103847  -0.1524259175  -0.0194204121   0.0409161914   0.1721762837
 6  3  -0.0993408927   0.2019223937   0.0867705363   0.1503525349  -0.0857521129
 6  4  -0.1486131632   0.0003126123   0.0006420621   0.0005288698   0.0009814912
 6  5  -0.0240625453   0.0245875607  -0.1592996074  -0.1575343307  -0.0301720232
 6  6   0.0524822064   0.0302519838   0.0526196468   0.0359558859   0.0621615031
 6  7  -0.0364469491   0.0630198177  -0.0363924378   0.0369749797  -0.0002622408
 6  8   0.0002803434   0.0023574917   0.0021319562   0.0004184993   0.0002627504
 6  9  -0.0001371700  -0.0000590841   0.0000059470   0.0000029893  -0.0002453922
 6 10  -0.0001336302  -0.0000077022   0.0000009158   0.0000207693  -0.0000268740
 6 11   0.0000030350   0.0000038058   0.0000895854  -0.0000585060  -0.0002456254
 6 12  -0.0001480253   0.0003357330   0.0001819460  -0.0004408815  -0.0002416280
 6 13  -0.0001547610   0.0001551211  -0.0001089169  -0.0001891094  -0.0001053430
 6 14   0.0001828523   0.0001188036  -0.0002050476  -0.0001053534   0.0001819472
 6 15  -0.0001612320  -0.0001582651
 7  1  -0.0770748726   0.0000000000  -0.1415117244  -0.1122832106   0.1423973092
 7  2   0.0082491241   0.0182653315  -0.2031208183  -0.1294051349   0.0002632666
 7  3   0.0000000000   0.0000000000  -0.0000000000  -0.0002451586  -0.0000000000
 7  4   0.0001532475   0.0000000000   0.1079236720   0.0000000000   0.1078583402
 7  5  -0.0000000000   0.0000000000   0.0000000000  -0.0000000000  -0.0000000000
 7  6  -0.0004893624   0.0000000000   0.0001458032   0.0000000000   0.0001170983
 7  7  -0.0000000000   0.0001967917  -0.0000000000  -0.0000000000   0.0000000000
 7  8   0.0000000000   0.0000000000  -0.0000000000   0.0596500626  -0.0000000000
 7  9   0.0594568633   0.0000000000   0.0216441700   0.0216451143  -0.0446395007
 7 10   0.0000000000  -0.0447669539   0.0000000000  -0.2149785541   0.2149920255
 7 11   0.0426236990   0.0426322080  -0.1039025055   0.0000000000   0.1040793339
 7 12   0.0000000000  -0.2331799934  -0.0000000000   0.2328559323  -0.0000000000
 7 13   0.0000000000  -0.0000000000   0.0000000000   0.0012506263   0.0000000000
 7 14  -0.0012396364  -0.0000000000   0.0023641028   0.0000000000  -0.0023546650
 7 15  -0.0000000000  -0.0000000000
 8  1   0.0000000000   0.0772152055   0.0000000000  -0.0640903482   0.1190142380
 8  2   0.0350361686   0.1871773500   0.0870443706   0.0542965463  -0.0000000000
 8  3  -0.0001045955   0.0003333941  -0.0007878411   0.0000000000   0.0007610139
 8  4   0.0000000000   0.2532254574  -0.0000000000   0.2530130349  -0.0000000000
 8  5   0.0001887920   0.0001092096   0.0007777351   0.0010694945   0.0001527754
 8  6   0.0000000000   0.0003554700   0.0000000000   0.0000675340  -0.0000000000
 8  7   0.0003153741   0.0000000000   0.0015883754  -0.0009868258  -0.1953407629
 8  8  -0.1952924844   0.2047346582   0.2048116997   0.0000000000   0.0845578780
 8  9  -0.0000000000   0.0844650627  -0.0000000000  -0.0000000000  -0.0000000000
 8 10  -0.0029348132  -0.0000000000  -0.0029627528  -0.0000000000   0.0000000000
 8 11  -0.0000000000  -0.0000000000   0.0000000000   0.0652900115  -0.0000000000
 8 12   0.0654700508  -0.0000000000   0.1059606991  -0.0000000000  -0.1058692791
 8 13  -0.0238734696   0.0238803867  -0.0345966899   0.0000000000  -0.0346160428
 8 14  -0.0000000000  -0.0361935397  -0.0000000000   0.0361669468   0.0000000000
 8 15   0.0262403721   0.0262544962
 9  1   0.0000000000   0.1839370000   0.0000000000   0.0926669129   0.1046404732
 9  2  -0.0130031114  -0.1409217959  -0.0495900334   0.0996910983  -0.0000000000
 9  3  -0.1987054083   0.2018535453  -0.1734656719   0.0000000000   0.1714982790
 9  4   0.0000000000  -0.0006768978   0.0000000000  -0.0010916681   0.0000000000
 9  5  -0.0242943707   0.0248212915   0.1592031843   0.1574071908  -0.0607809254
 9  6   0.0000000000   0.0609550113   0.0000000000  -0.0717998709  -0.0000000000
 9  7   0.0727838210  -0.0000000000   0.0361792436  -0.0367519037  -0.0002970976
 9  8   0.0002415705  -0.0023715672  -0.0021440245   0.0000000000   0.0005074258
 9  9   0.0000000000  -0.0001370848  -0.0000000000   0.0000000000   0.0000000000
 9 10   0.0002755931   0.0000000000   0.0000060055   0.0000000000   0.0000000000
 9 11  -0.0000000000   0.0000000000  -0.0000000000  -0.0000953590   0.0000000000
 9 12  -0.0002744154   0.0000000000  -0.0003725397   0.0000000000   0.0004945019
 9 13   0.0001555097  -0.0001558272   0.0002188231  -0.0000000000   0.0002118878
 9 14   0.0000000000   0.0002368668   0.0000000000  -0.0002103178  -0.0000000000
 9 15  -0.0001611629  -0.0001584163
10  1  -0.0772116496   0.0000694118  -0.0707756102  -0.0971527970   0.1269839079
10  2   0.0644200560  -0.0080021602  -0.1532064200  -0.1270084079  -0.0000251934
10  3  -0.0001553220   0.0002880664   0.0004521627  -0.0005706623  -0.0004068630
10  4   0.0005519643  -0.1565578924   0.1629459735  -0.1564181550   0.1628524999
10  5   0.0002156059   0.0000596073  -0.0007159285  -0.0009721571   0.0003060858
10  6  -0.0000137542   0.0001928560  -0.0002446429  -0.0000824593  -0.0000087924
10  7  -0.0000560347  -0.0003153426  -0.0013295048   0.0008101728  -0.1690249938
10  8  -0.1689752788  -0.1781791033  -0.1782357900  -0.0482816899   0.0620186846
10  9  -0.0482653417   0.0619039658  -0.0108198935  -0.0108222801   0.0089404000
10 10   0.0206039010   0.0089488410   0.0206714199   0.1074727406  -0.1074814513
10 11   0.0212971577   0.0213052365   0.0229424089   0.0732371213  -0.0230348244
10 12   0.0733893120   0.1376951776   0.0551152437  -0.1375379704  -0.0550120825
10 13   0.0206231023  -0.0206306477   0.0144054777  -0.0262393848   0.0144190045
10 14   0.0262510255  -0.0167267327  -0.0265702219   0.0167102195   0.0265521392
10 15   0.0227624000   0.0227741286
11  1  -0.0000728515   0.0771032432   0.1224866058  -0.0378833422   0.0923181661
11  2   0.1323273435   0.1416798309   0.1734988287   0.0584466052  -0.0001549382
11  3   0.0001573928   0.0001651363   0.0000274242  -0.0004677944  -0.0000764419
11  4   0.0004120298   0.0177113857   0.1564683849   0.0176712629   0.1562798154
11  5   0.0001115911   0.0000422248  -0.0003948969  -0.0005396567  -0.0003442833
11  6   0.0002893944  -0.0000129280  -0.0002076567   0.0000913071   0.0000831214
11  7  -0.0002440842  -0.0000582598  -0.0007767385   0.0004836458  -0.0976664079
11  8  -0.0976395732  -0.1024627007  -0.1025001199  -0.0622924951  -0.0238211335
11  9  -0.0621710349  -0.0236962897   0.0187689022   0.0187588308  -0.0206286332
11 10  -0.0327322293  -0.0206902201  -0.0328157668  -0.1861219114   0.1861453357
11 11  -0.0369048146  -0.0369189492   0.0732750106  -0.0616481485  -0.0734292160
11 12  -0.0617390981  -0.0551404451  -0.2013569267   0.0550345137   0.2010917413
11 13   0.0119119902  -0.0119164099   0.0095733453  -0.0144291841   0.0095699784
11 14   0.0144428050  -0.0072930311  -0.0167072512   0.0072926844   0.0166914496
11 15   0.0131439797   0.0131507067
12  1  -0.1593808098   0.0919798143   0.0000140571   0.0722430089   0.0448958904
12  2  -0.0095450823  -0.0860751693  -0.0426022850   0.1889410481  -0.1721762837
12  3  -0.0993408927   0.2019223937   0.0867705363  -0.1503525349  -0.0857521129
12  4   0.1486131632   0.0003126123  -0.0006420621   0.0005288698  -0.0009814912
12  5  -0.0240625453   0.0245875607  -0.1592996074  -0.1575343307  -0.0301720232
12  6  -0.0524822064   0.0302519838  -0.0526196468   0.0359558859  -0.0621615031
12  7  -0.0364469491  -0.0630198177  -0.0363924378   0.0369749797  -0.0002622408
12  8   0.0002803434   0.0023574917   0.0021319562  -0.0004184993   0.0002627504
12  9   0.0001371700  -0.0000590841  -0.0000059470  -0.0000029893   0.0002453922
12 10  -0.0001336302   0.0000077022   0.0000009158  -0.0000207693   0.0000268740
12 11  -0.0000030350  -0.0000038058  -0.0000895854  -0.0000585060   0.0002456254
12 12  -0.0001480253  -0.0003357330   0.0001819460   0.0004408815  -0.0002416280
12 13  -0.0001547610   0.0001551211  -0.0001089169   0.0001891094  -0.0001053430
12 14  -0.0001828523   0.0001188036   0.0002050476  -0.0001053534  -0.0001819472
12 15  -0.0001612320  -0.0001582651
13  1  -0.0772116496  -0.0000694118   0.0707756102  -0.0668923256   0.0961579469
13  2   0.1767623011  -0.0605378405  -0.0533771032  -0.1222160939  -0.0000251934
13  3   0.0001553220   0.0002880664   0.0004521627   0.0005706623  -0.0004068630
13  4  -0.0005519643  -0.1565578924  -0.1629459735  -0.1564181550  -0.1628524999
13  5   0.0002156059   0.0000596073   0.0007159285   0.0009721571  -0.0003060858
13  6  -0.0000137542  -0.0001928560  -0.0002446429  -0.0000824593   0.0000087924
13  7  -0.0000560347   0.0003153426   0.0013295048  -0.0008101728  -0.1690249938
13  8  -0.1689752788   0.1781791033   0.1782357900  -0.0482816899  -0.0620186846
13  9  -0.0482653417  -0.0619039658  -0.0108198935  -0.0108222801  -0.0089404000
13 10   0.0206039010  -0.0089488410   0.0206714199   0.1074727406  -0.1074814513
13 11  -0.0212971577  -0.0213052365   0.0229424089  -0.0732371213  -0.0230348244
13 12  -0.0733893120  -0.1376951776   0.0551152437   0.1375379704  -0.0550120825
13 13  -0.0206231023   0.0206306477   0.0144054777   0.0262393848   0.0144190045
13 14  -0.0262510255   0.0167267327  -0.0265702219  -0.0167102195   0.0265521392
13 15   0.0227624000   0.0227741286
14  1   0.0000728515   0.0771032432   0.1224866058  -0.0378833422   0.0923181661
14  2   0.1323273435   0.1416798309   0.1734988287   0.0584466052   0.0001549382
14  3   0.0001573928  -0.0001651363  -0.0000274242  -0.0004677944   0.0000764419
14  4   0.0004120298  -0.0177113857   0.1564683849  -0.0176712629   0.1562798154
14  5  -0.0001115911  -0.0000422248  -0.0003948969  -0.0005396567  -0.0003442833
14  6  -0.0002893944  -0.0000129280   0.0002076567  -0.0000913071   0.0000831214
14  7   0.0002440842  -0.0000582598  -0.0007767385   0.0004836458   0.0976664079
14  8   0.0976395732  -0.1024627007  -0.1025001199   0.0622924951  -0.0238211335
14  9   0.0621710349  -0.0236962897  -0.0187689022  -0.0187588308  -0.0206286332
14 10   0.0327322293  -0.0206902201   0.0328157668   0.1861219114  -0.1861453357
14 11  -0.0369048146  -0.0369189492  -0.0732750106  -0.0616481485   0.0734292160
14 12  -0.0617390981  -0.0551404451   0.2013569267   0.0550345137  -0.2010917413
14 13   0.0119119902  -0.0119164099  -0.0095733453  -0.0144291841  -0.0095699784
14 14   0.0144428050  -0.0072930311   0.0167072512   0.0072926844  -0.0166914496
14 15  -0.0131439797  -0.0131507067
15  1  -0.1593808099  -0.0919798142  -0.0000140571  -0.0273196186   0.0465479667
15  2  -0.0026943032  -0.0427325170  -0.0054447891   0.2194161946  -0.1721762837
15  3   0.0993408927   0.2019223937   0.0867705363   0.1503525349  -0.0857521129
15  4  -0.1486131632   0.0003126123   0.0006420621   0.0005288698   0.0009814912
15  5  -0.0240625453   0.0245875607   0.1592996074   0.1575343307   0.0301720232
15  6  -0.0524822064  -0.0302519838  -0.0526196468   0.0359558859   0.0621615031
15  7  -0.0364469491   0.0630198177   0.0363924378  -0.0369749797  -0.0002622408
15  8   0.0002803434  -0.0023574917  -0.0021319562  -0.0004184993  -0.0002627504
15  9   0.0001371700   0.0000590841  -0.0000059470  -0.0000029893  -0.0002453922
15 10  -0.0001336302  -0.0000077022   0.0000009158  -0.0000207693   0.0000268740
15 11   0.0000030350   0.0000038058  -0.0000895854   0.0000585060   0.0002456254
15 12   0.0001480253   0.0003357330   0.0001819460  -0.0004408815  -0.0002416280
15 13   0.0001547610  -0.0001551211  -0.0001089169  -0.0001891094  -0.0001053430
15 14   0.0001828523  -0.0001188036   0.0002050476   0.0001053534  -0.0001819472
15 15  -0.0001612320  -0.0001582651
16  1  -0.0781692512  -0.0002854038  -0.1258653911  -0.1087728270   0.1386450094
16  2   0.0206549746   0.0126547043  -0.1921635713  -0.1284503755  -0.0009953014
16  3   0.0002597237  -0.0003174115  -0.0012062079  -0.0015662449   0.0013814907
16  4   0.0012689739   0.0375701746   0.2302278593   0.0373083341   0.2303647951
16  5  -0.0020426501   0.0016874902   0.0012322022   0.0014259798  -0.0024735858
16  6   0.0020684218   0.0010515121   0.0019499848   0.0008609634   0.0027646649
16  7  -0.0016809826   0.0016714265  -0.0006078822   0.0010330876   0.1840810747
16  8   0.1841332699   0.1767393370   0.1767989333   0.0283692667  -0.2053366839
16  9   0.0285737375  -0.2052991244  -0.1439340669  -0.1439341542   0.0992934358
16 10  -0.1769469986   0.0991645250  -0.1770137289  -0.0962970720   0.0962855034
16 11  -0.1427966720  -0.1427937550   0.1550406362   0.1305983840  -0.1551394588
16 12   0.1304754083   0.0136695613   0.1786409824  -0.0135841359  -0.1787625859
16 13   0.2489537357  -0.2489595078   0.1752734264   0.3054361228   0.1752139237
16 14  -0.3054718549  -0.1777844874   0.3041002943   0.1778014094  -0.3040907583
16 15   0.2491063344   0.2491043993
17  1   0.0002750927   0.0778008998  -0.2178955332  -0.1102186973   0.1665014135
17  2  -0.1380903612   0.2679063915  -0.0669536537   0.0467609913   0.0002523632
17  3  -0.0006852662   0.0001915685   0.0001211263   0.0011687940   0.0003557591
17  4  -0.0013463076  -0.1869958969  -0.0375884191  -0.1873967354  -0.0372562247
17  5   0.0011472797  -0.0009510050  -0.0006235726  -0.0007210649  -0.0008417127
17  6  -0.0023436923  -0.0007046868  -0.0009436829  -0.0017440318  -0.0007821990
17  7  -0.0002996319  -0.0016038245   0.0001785487  -0.0004076227  -0.1062616963
17  8  -0.1063097775  -0.0999227961  -0.1000157876   0.2055586161  -0.2659554449
17  9   0.2055494158  -0.2660896304  -0.2493077988  -0.2492940156   0.1768992765
17 10  -0.3036204320   0.1769660548  -0.3035643341  -0.1667848051   0.1667551273
17 11  -0.2472806455  -0.2472765554   0.1306023436   0.3057349914  -0.1304686414
17 12   0.3056909207  -0.1786433708   0.1924829324   0.1787542741  -0.1927061186
17 13  -0.1437546796   0.1437571843  -0.1026827880  -0.1755119558  -0.1027905899
17 14   0.1754488614   0.0992675693  -0.1775479408  -0.0992244885   0.1775715520
17 15  -0.1438386294  -0.1438365105
18  1   0.2855498933   0.1648276376   0.0000267512   0.0294425193   0.2125850934
18  2  -0.0123046879  -0.1951584344  -0.0248652012  -0.0286203423   0.3087945346
18  3  -0.1782112194   0.2063636973   0.1844716865   0.3199837047  -0.1849136670
18  4  -0.3207952496   0.0026378075   0.0042086863   0.0009843285   0.0013976489
18  5   0.2874740885  -0.2874337141  -0.2405530937  -0.2417511068   0.2011401403
18  6  -0.3496187921  -0.2010865221  -0.3496088494  -0.2013757922  -0.3480327496
18  7   0.2012927013  -0.3478825443   0.2869064795  -0.2868690971   0.0032497322
18  8   0.0009845329  -0.0092506844  -0.0040946659  -0.0027413763  -0.0018616297
18  9   0.0004549465  -0.0000214639  -0.0000511029  -0.0000338188   0.0004931176
18 10   0.0001998875  -0.0012765454  -0.0008048465  -0.0001051821   0.0000984113
18 11  -0.0000529341  -0.0000530140   0.0006006674  -0.0002823948  -0.0000884328
18 12   0.0000095817  -0.0000059199   0.0000592130  -0.0002014328  -0.0001668224
18 13   0.0019050531  -0.0017956901   0.0013792994   0.0023904254   0.0012670527
18 14  -0.0021955143  -0.0014218576   0.0024609815   0.0012669643  -0.0021935349
18 15   0.0019203498   0.0018570352
19  1  -0.0776736282   0.0000000000  -0.2516127953  -0.1356915800   0.1660672521
19  2  -0.0792795219   0.0593875453  -0.2809669723  -0.1327144793  -0.0005461106
19  3   0.0000000000   0.0000000000  -0.0000000000  -0.0005481339  -0.0000000000
19  4   0.0011194373  -0.0000000000  -0.1655693993  -0.0000000000  -0.1660125896
19  5   0.0000000000  -0.0000000000   0.0000000000   0.0000000000  -0.0000000000
19  6  -0.0021648401   0.0000000000   0.0001930298   0.0000000000  -0.0013294558
19  7  -0.0000000000   0.0012246136  -0.0000000000  -0.0000000000   0.0000000000
19  8   0.0000000000  -0.0000000000  -0.0000000000   0.3845584696  -0.0000000000
19  9   0.3846307666   0.0000000000   0.2878368508   0.2878617060  -0.4058210009
19 10   0.0000000000  -0.4058018624   0.0000000001   0.1929250941  -0.1929180401
19 11  -0.2854381400  -0.2854420129   0.3810816540  -0.0000000000  -0.3809748207
19 12  -0.0000000000   0.2956778353   0.0000000000  -0.2959922709   0.0000000000
19 13  -0.0000000000   0.0000000000  -0.0000000000  -0.0014762644  -0.0000000000
19 14   0.0016185443   0.0000000000  -0.0033875649  -0.0000000000   0.0034400874
19 15   0.0000000000   0.0000000000
20  1   0.0000000000   0.0782937794   0.0000000000  -0.0635958389   0.1190060324
20  2   0.0350021420   0.1869620750   0.0868598161   0.0541451819  -0.0000000000
20  3  -0.0011341304   0.0003704187  -0.0021977288   0.0000000000   0.0020250820
20  4   0.0000000000   0.2518620316  -0.0000000000   0.2517965905  -0.0000000000
20  5   0.0022991144  -0.0019100967   0.0013476636   0.0015591335   0.0034357784
20  6  -0.0000000000  -0.0025183659   0.0000000000   0.0032516913   0.0000000000
20  7  -0.0026391233   0.0000000000  -0.0005587963   0.0010480178  -0.2126938620
20  8  -0.2127713097   0.2021686732   0.2022782515   0.0000000000   0.0906328988
20  9  -0.0000000000   0.0904169482  -0.0000000000  -0.0000000000  -0.0000000000
20 10  -0.0028094604  -0.0000000000  -0.0029772401  -0.0000000000   0.0000000000
20 11  -0.0000000000  -0.0000000000   0.0000000000   0.0796781589  -0.0000000000
20 12   0.0798535476  -0.0000000000   0.1169741607  -0.0000000000  -0.1169587860
20 13   0.2880935661  -0.2880811838   0.4070185820  -0.0000000000   0.4070151595
20 14   0.0000000000   0.4063115821   0.0000000000  -0.4063246522  -0.0000000000
20 15  -0.2871088259  -0.2871117942
21  1   0.0000000000   0.3298821769   0.0000000000   0.1702388060   0.1033532966
21  2  -0.0183407358  -0.1746912099  -0.0785404274   0.0759471005  -0.0000000000
21  3  -0.3567323762   0.2062453520  -0.3698418610   0.0000000000   0.3707914091
21  4   0.0000000000  -0.0046598695   0.0000000000  -0.0015717229   0.0000000000
21  5   0.2880150195  -0.2879710959   0.2411689494   0.2422612150   0.4044061801
21  6  -0.0000000000  -0.4044413369  -0.0000000000   0.4014181531   0.0000000000
21  7  -0.4012421105   0.0000000000  -0.2853124734   0.2851682345   0.0032906212
21  8   0.0010673520   0.0093885255   0.0042276154  -0.0000000000  -0.0031438674
21  9  -0.0000000000   0.0005727298  -0.0000000000   0.0000000000  -0.0000000000
21 10  -0.0004990698   0.0000000000   0.0015388043   0.0000000000   0.0000000000
21 11  -0.0000000000  -0.0000000000  -0.0000000000  -0.0006662879   0.0000000000
21 12  -0.0000835283   0.0000000000  -0.0000153776   0.0000000000   0.0002556601
21 13  -0.0019150703   0.0018053351  -0.0027703874   0.0000000000  -0.0025452736
21 14  -0.0000000000  -0.0028470863  -0.0000000000   0.0025381502   0.0000000000
21 15   0.0019222843   0.0018589379
22  1  -0.0781692512   0.0002854039  -0.1258653911  -0.1087728270   0.1386450094
22  2   0.0206549746   0.0126547043  -0.1921635713  -0.1284503755  -0.0009953014
22  3  -0.0002597237   0.0003174115   0.0012062079  -0.0015662449  -0.0013814907
22  4   0.0012689739  -0.0375701746   0.2302278593  -0.0373083341   0.2303647951
22  5   0.0020426501  -0.0016874902  -0.0012322022  -0.0014259798   0.0024735858
22  6   0.0020684218  -0.0010515121   0.0019499848  -0.0008609634   0.0027646649
22  7   0.0016809826   0.0016714265   0.0006078822  -0.0010330876  -0.1840810747
22  8  -0.1841332699  -0.1767393370  -0.1767989333   0.0283692667   0.2053366839
22  9   0.0285737375   0.2052991244  -0.1439340669  -0.1439341542   0.0992934359
22 10   0.1769469985   0.0991645250   0.1770137289  -0.0962970720   0.0962855034
22 11  -0.1427966720  -0.1427937550   0.1550406362  -0.1305983840  -0.1551394588
22 12  -0.1304754083   0.0136695613  -0.1786409824  -0.0135841359   0.1787625859
22 13  -0.2489537357   0.2489595078  -0.1752734264   0.3054361228  -0.1752139236
22 14  -0.3054718549   0.1777844874   0.3041002943  -0.1778014094  -0.3040907583
22 15  -0.2491063344  -0.2491043993
23  1  -0.0002750927   0.0778008998   0.2178955332  -0.0169704607   0.0715106096
23  2   0.2080944718   0.1060166616   0.2406723455   0.0615286011  -0.0002523632
23  3  -0.0006852662   0.0001915685   0.0001211263  -0.0011687940   0.0003557591
23  4   0.0013463076  -0.1869958969   0.0375884191  -0.1873967354   0.0372562247
23  5   0.0011472797  -0.0009510050  -0.0006235726  -0.0007210649  -0.0008417127
23  6   0.0023436923  -0.0007046868   0.0009436829  -0.0017440318   0.0007821990
23  7  -0.0002996319   0.0016038245   0.0001785487  -0.0004076227  -0.1062616963
23  8  -0.1063097775  -0.0999227961  -0.1000157876  -0.2055586161  -0.2659554449
23  9  -0.2055494158  -0.2660896304   0.2493077988   0.2492940156  -0.1768992766
23 10  -0.3036204319  -0.1769660549  -0.3035643341   0.1667848051  -0.1667551273
23 11   0.2472806455   0.2472765554  -0.1306023436   0.3057349914   0.1304686414
23 12   0.3056909207   0.1786433708   0.1924829324  -0.1787542741  -0.1927061186
23 13  -0.1437546796   0.1437571843  -0.1026827880   0.1755119558  -0.1027905899
23 14  -0.1754488614   0.0992675693   0.1775479409  -0.0992244885  -0.1775715520
23 15  -0.1438386294  -0.1438365105
24  1  -0.2855498933   0.1648276377  -0.0000267512   0.1339024212  -0.0029392780
24  2  -0.0121885074  -0.0771127240  -0.0661084537   0.2347331217  -0.3087945346
24  3  -0.1782112194   0.2063636973   0.1844716865  -0.3199837047  -0.1849136670
24  4   0.3207952496   0.0026378075  -0.0042086863   0.0009843285  -0.0013976489
24  5   0.2874740885  -0.2874337141  -0.2405530937  -0.2417511068   0.2011401403
24  6   0.3496187921  -0.2010865221   0.3496088494  -0.2013757922   0.3480327496
24  7   0.2012927013   0.3478825443   0.2869064795  -0.2868690971   0.0032497322
24  8   0.0009845329  -0.0092506844  -0.0040946659   0.0027413763  -0.0018616297
24  9  -0.0004549465  -0.0000214639   0.0000511029   0.0000338188  -0.0004931176
24 10   0.0001998875   0.0012765454  -0.0008048465   0.0001051821  -0.0000984113
24 11   0.0000529341   0.0000530140  -0.0006006674  -0.0002823948   0.0000884328
24 12   0.0000095817   0.0000059199   0.0000592130   0.0002014328  -0.0001668224
24 13   0.0019050531  -0.0017956901   0.0013792994  -0.0023904254   0.0012670527
24 14   0.0021955143  -0.0014218576  -0.0024609815   0.0012669643   0.0021935349
24 15   0.0019203498   0.0018570352
25  1  -0.0770748726   0.0000000000   0.1415117244  -0.0517623706   0.0807454919
25  2   0.2329332325  -0.0868058506  -0.0034625238  -0.1198205231   0.0002632666
25  3   0.0000000000  -0.0000000000   0.0000000000   0.0002451586   0.0000000000
25  4  -0.0001532475  -0.0000000000  -0.1079236720  -0.0000000000  -0.1078583402
25  5   0.0000000000  -0.0000000000  -0.0000000000   0.0000000000  -0.0000000000
25  6  -0.0004893624  -0.0000000000   0.0001458032   0.0000000000  -0.0001170983
25  7   0.0000000000  -0.0001967917  -0.0000000000   0.0000000000   0.0000000000
25  8   0.0000000000  -0.0000000000   0.0000000000   0.0596500626  -0.0000000000
25  9   0.0594568633   0.0000000000   0.0216441700   0.0216451143   0.0446395007
25 10  -0.0000000000   0.0447669539  -0.0000000000  -0.2149785541   0.2149920255
25 11  -0.0426236990  -0.0426322080  -0.1039025055   0.0000000000   0.1040793339
25 12   0.0000000000   0.2331799934   0.0000000000  -0.2328559323   0.0000000000
25 13   0.0000000000   0.0000000000  -0.0000000000  -0.0012506263  -0.0000000000
25 14   0.0012396364  -0.0000000000   0.0023641028   0.0000000000  -0.0023546650
25 15  -0.0000000000  -0.0000000000
26  1   0.0000000000   0.0772152055   0.0000000000  -0.0640903482   0.1190142380
26  2   0.0350361686   0.1871773500   0.0870443706   0.0542965463  -0.0000000000
26  3  -0.0001045955  -0.0003333941   0.0007878411  -0.0000000000  -0.0007610139
26  4  -0.0000000000  -0.2532254574   0.0000000000  -0.2530130349   0.0000000000
26  5  -0.0001887920  -0.0001092096   0.0007777351   0.0010694945   0.0001527754
26  6  -0.0000000000   0.0003554700  -0.0000000000  -0.0000675340   0.0000000000
26  7  -0.0003153741   0.0000000000   0.0015883754  -0.0009868258   0.1953407629
26  8   0.1952924844   0.2047346582   0.2048116997   0.0000000000   0.0845578780
26  9  -0.0000000000   0.0844650627   0.0000000000   0.0000000000   0.0000000000
26 10   0.0029348132   0.0000000000   0.0029627528   0.0000000000  -0.0000000000
26 11  -0.0000000000  -0.0000000000   0.0000000000   0.0652900115  -0.0000000000
26 12   0.0654700508   0.0000000000  -0.1059606991   0.0000000000   0.1058692791
26 13  -0.0238734696   0.0238803867   0.0345966899  -0.0000000000   0.0346160428
26 14   0.0000000000  -0.0361935397  -0.0000000000   0.0361669468   0.0000000000
26 15  -0.0262403721  -0.0262544962
27  1  -0.0000000000  -0.1839370000   0.0000000000  -0.1064580038   0.1079446202
27  2   0.0006984235  -0.0542366386   0.0247248321   0.1606412878   0.0000000000
27  3   0.1987054083   0.2018535453  -0.1734656719   0.0000000000   0.1714982790
27  4   0.0000000000  -0.0006768978   0.0000000000  -0.0010916681   0.0000000000
27  5  -0.0242943707   0.0248212915  -0.1592031843  -0.1574071908   0.0607809254
27  6  -0.0000000000  -0.0609550113  -0.0000000000  -0.0717998709  -0.0000000000
27  7   0.0727838210  -0.0000000000  -0.0361792436   0.0367519037  -0.0002970976
27  8   0.0002415705   0.0023715672   0.0021440245  -0.0000000000  -0.0005074258
27  9  -0.0000000000   0.0001370848  -0.0000000000   0.0000000000   0.0000000000
27 10   0.0002755931   0.0000000000   0.0000060055   0.0000000000   0.0000000000
27 11  -0.0000000000   0.0000000000   0.0000000000   0.0000953590  -0.0000000000
27 12   0.0002744154  -0.0000000000  -0.0003725397   0.0000000000   0.0004945019
27 13  -0.0001555097   0.0001558272   0.0002188231  -0.0000000000   0.0002118878
27 14   0.0000000000  -0.0002368668  -0.0000000000   0.0002103178   0.0000000000
27 15  -0.0001611629  -0.0001584163
28  1  -0.0776736282   0.0000000000   0.2516127953  -0.0280172626   0.0563807814
28  2   0.3204622530  -0.1275475304   0.0742506778  -0.1156622286  -0.0005461106
28  3   0.0000000000  -0.0000000000   0.0000000000   0.0005481339   0.0000000000
28  4  -0.0011194373   0.0000000000   0.1655693993   0.0000000000   0.1660125896
28  5  -0.0000000000  -0.0000000000  -0.0000000000  -0.0000000000  -0.0000000000
28  6  -0.0021648401  -0.0000000000   0.0001930298   0.0000000000   0.0013294558
28  7   0.0000000000  -0.0012246136  -0.0000000000   0.0000000000   0.0000000000
28  8   0.0000000000  -0.0000000000   0.0000000000   0.3845584696  -0.0000000000
28  9   0.3846307666   0.0000000000   0.2878368508   0.2878617060   0.4058210009
28 10  -0.0000000000   0.4058018624  -0.0000000001   0.1929250941  -0.1929180401
28 11   0.2854381400   0.2854420129   0.3810816540  -0.0000000000  -0.3809748207
28 12  -0.0000000000  -0.2956778353  -0.0000000000   0.2959922709  -0.0000000000
28 13  -0.0000000000   0.0000000000   0.0000000000   0.0014762644   0.0000000000
28 14  -0.0016185443   0.0000000000  -0.0033875649  -0.0000000000   0.0034400874
28 15   0.0000000000   0.0000000000
29  1   0.0000000000   0.0782937794   0.0000000000  -0.0635958389   0.1190060324
29  2   0.0350021420   0.1869620750   0.0868598161   0.0541451819  -0.0000000000
29  3  -0.0011341304  -0.0003704187   0.0021977288  -0.0000000000  -0.0020250820
29  4  -0.0000000000  -0.2518620316   0.0000000000  -0.2517965905   0.0000000000
29  5  -0.0022991144   0.0019100967   0.0013476636   0.0015591335   0.0034357784
29  6  -0.0000000000  -0.0025183659   0.0000000000  -0.0032516913  -0.0000000000
29  7   0.0026391233  -0.0000000000  -0.0005587963   0.0010480178   0.2126938620
29  8   0.2127713097   0.2021686732   0.2022782515   0.0000000000   0.0906328988
29  9  -0.0000000000   0.0904169482   0.0000000000   0.0000000000   0.0000000000
29 10   0.0028094604   0.0000000000   0.0029772401   0.0000000000  -0.0000000000
29 11  -0.0000000000  -0.0000000000   0.0000000000   0.0796781589  -0.0000000000
29 12   0.0798535476   0.0000000000  -0.1169741607   0.0000000000   0.1169587860
29 13   0.2880935661  -0.2880811838  -0.4070185820   0.0000000000  -0.4070151595
29 14  -0.0000000000   0.4063115821   0.0000000000  -0.4063246522  -0.0000000000
29 15   0.2871088259   0.2871117942
30  1  -0.0000000000  -0.3298821769   0.0000000000  -0.1840298969   0.1092317968
30  2   0.0060360479  -0.0204672245   0.0536752262   0.1843852855   0.0000000000
30  3   0.3567323762   0.2062453520  -0.3698418610   0.0000000000   0.3707914091
30  4   0.0000000000  -0.0046598695   0.0000000000  -0.0015717229   0.0000000000
30  5   0.2880150195  -0.2879710959  -0.2411689494  -0.2422612150  -0.4044061801
30  6   0.0000000000   0.4044413369   0.0000000000   0.4014181531   0.0000000000
30  7  -0.4012421105   0.0000000000   0.2853124734  -0.2851682345   0.0032906212
30  8   0.0010673520  -0.0093885255  -0.0042276154   0.0000000000   0.0031438674
30  9   0.0000000000  -0.0005727298  -0.0000000000  -0.0000000000  -0.0000000000
30 10  -0.0004990698   0.0000000000   0.0015388043   0.0000000000   0.0000000000
30 11  -0.0000000000   0.0000000000   0.0000000000   0.0006662879   0.0000000000
30 12   0.0000835283  -0.0000000000  -0.0000153776   0.0000000000   0.0002556601
30 13   0.0019150703  -0.0018053351  -0.0027703874   0.0000000000  -0.0025452736
30 14  -0.0000000000   0.0028470863   0.0000000000  -0.0025381502  -0.0000000000
30 15   0.0019222843   0.0018589379
31  1  -0.0781692512   0.0002854039   0.1258653911  -0.0549351577   0.0838012539
31  2   0.2205277575  -0.0808137199  -0.0145530619  -0.1199241693  -0.0009953014
31  3  -0.0002597237  -0.0003174115  -0.0012062079   0.0015662449   0.0013814907
31  4  -0.0012689739   0.0375701746  -0.2302278593   0.0373083341  -0.2303647951
31  5  -0.0020426501   0.0016874902  -0.0012322022  -0.0014259798   0.0024735858
31  6   0.0020684218  -0.0010515121   0.0019499848   0.0008609634  -0.0027646649
31  7  -0.0016809826  -0.0016714265   0.0006078822  -0.0010330876   0.1840810747
31  8   0.1841332699  -0.1767393370  -0.1767989333   0.0283692667   0.2053366839
31  9   0.0285737375   0.2052991244  -0.1439340669  -0.1439341542  -0.0992934359
31 10  -0.1769469985  -0.0991645250  -0.1770137289  -0.0962970720   0.0962855034
31 11   0.1427966720   0.1427937550   0.1550406362  -0.1305983840  -0.1551394588
31 12  -0.1304754083  -0.0136695613   0.1786409824   0.0135841359  -0.1787625859
31 13  -0.2489537357   0.2489595078   0.1752734264  -0.3054361228   0.1752139236
31 14   0.3054718549   0.1777844874   0.3041002943  -0.1778014094  -0.3040907583
31 15   0.2491063344   0.2491043993
32  1  -0.0002750927   0.0778008998  -0.2178955332  -0.1102186973   0.1665014135
32  2  -0.1380903612   0.2679063915  -0.0669536537   0.0467609913  -0.0002523632
32  3  -0.0006852662  -0.0001915685  -0.0001211263   0.0011687940  -0.0003557591
32  4  -0.0013463076   0.1869958969  -0.0375884191   0.1873967354  -0.0372562247
32  5  -0.0011472797   0.0009510050  -0.0006235726  -0.0007210649  -0.0008417127
32  6   0.0023436923  -0.0007046868   0.0009436829   0.0017440318  -0.0007821990
32  7   0.0002996319  -0.0016038245   0.0001785487  -0.0004076227   0.1062616963
32  8   0.1063097775  -0.0999227961  -0.1000157876  -0.2055586161  -0.2659554449
32  9  -0.2055494158  -0.2660896304   0.2493077988   0.2492940156   0.1768992766
32 10   0.3036204319   0.1769660549   0.3035643341   0.1667848051  -0.1667551273
32 11  -0.2472806455  -0.2472765554  -0.1306023436   0.3057349914   0.1304686414
32 12   0.3056909207  -0.1786433708  -0.1924829324   0.1787542741   0.1927061186
32 13  -0.1437546796   0.1437571843   0.1026827880  -0.1755119558   0.1027905899
32 14   0.1754488614   0.0992675693   0.1775479409  -0.0992244885  -0.1775715520
32 15   0.1438386294   0.1438365105
33  1   0.2855498933  -0.1648276377  -0.0000267512  -0.1476935120   0.2155243714
33  2  -0.0001161805  -0.1180457104   0.0412432525   0.0255992644   0.3087945346
33  3   0.1782112194   0.2063636973   0.1844716865  -0.3199837047  -0.1849136670
33  4   0.3207952496   0.0026378075  -0.0042086863   0.0009843285  -0.0013976489
33  5   0.2874740885  -0.2874337141   0.2405530937   0.2417511068  -0.2011401403
33  6  -0.3496187921   0.2010865221  -0.3496088494  -0.2013757922   0.3480327496
33  7   0.2012927013   0.3478825443  -0.2869064795   0.2868690971   0.0032497322
33  8   0.0009845329   0.0092506844   0.0040946659  -0.0027413763   0.0018616297
33  9   0.0004549465   0.0000214639  -0.0000511029  -0.0000338188  -0.0004931176
33 10   0.0001998875   0.0012765454  -0.0008048465  -0.0001051821   0.0000984113
33 11   0.0000529341   0.0000530140   0.0006006674   0.0002823948  -0.0000884328
33 12  -0.0000095817   0.0000059199   0.0000592130   0.0002014328  -0.0001668224
33 13  -0.0019050531   0.0017956901   0.0013792994  -0.0023904254   0.0012670527
33 14   0.0021955143   0.0014218576   0.0024609815  -0.0012669643  -0.0021935349
33 15   0.0019203498   0.0018570352
34  1  -0.0781692512  -0.0002854038   0.1258653911  -0.0549351577   0.0838012539
34  2   0.2205277575  -0.0808137199  -0.0145530619  -0.1199241693  -0.0009953014
34  3   0.0002597237   0.0003174115   0.0012062079   0.0015662449  -0.0013814907
34  4  -0.0012689739  -0.0375701746  -0.2302278593  -0.0373083341  -0.2303647951
34  5   0.0020426501  -0.0016874902   0.0012322022   0.0014259798  -0.0024735858
34  6   0.0020684218   0.0010515121   0.0019499848  -0.0008609634  -0.0027646649
34  7   0.0016809826  -0.0016714265  -0.0006078822   0.0010330876  -0.1840810747
34  8  -0.1841332699   0.1767393370   0.1767989333   0.0283692667  -0.2053366839
34  9   0.0285737375  -0.2052991244  -0.1439340669  -0.1439341542  -0.0992934358
34 10   0.1769469986  -0.0991645250   0.1770137289  -0.0962970720   0.0962855034
34 11   0.1427966720   0.1427937550   0.1550406362   0.1305983840  -0.1551394588
34 12   0.1304754083  -0.0136695613  -0.1786409824   0.0135841359   0.1787625859
34 13   0.2489537357  -0.2489595078  -0.1752734264  -0.3054361228  -0.1752139237
34 14   0.3054718549  -0.1777844874   0.3041002943   0.1778014094  -0.3040907583
34 15  -0.2491063344  -0.2491043993
35  1   0.0002750927   0.0778008998   0.2178955332  -0.0169704607   0.0715106096
35  2   0.2080944718   0.1060166616   0.2406723455   0.0615286011   0.0002523632
35  3  -0.0006852662  -0.0001915685  -0.0001211263  -0.0011687940  -0.0003557591
35  4   0.0013463076   0.1869958969   0.0375884191   0.1873967354   0.0372562247
35  5  -0.0011472797   0.0009510050  -0.0006235726  -0.0007210649  -0.0008417127
35  6  -0.0023436923  -0.0007046868  -0.0009436829   0.0017440318   0.0007821990
35  7   0.0002996319   0.0016038245   0.0001785487  -0.0004076227   0.1062616963
35  8   0.1063097775  -0.0999227961  -0.1000157876   0.2055586161  -0.2659554449
35  9   0.2055494158  -0.2660896304  -0.2493077988  -0.2492940156  -0.1768992765
35 10   0.3036204320  -0.1769660548   0.3035643341  -0.1667848051   0.1667551273
35 11   0.2472806455   0.2472765554   0.1306023436   0.3057349914  -0.1304686414
35 12   0.3056909207   0.1786433708  -0.1924829324  -0.1787542741   0.1927061186
35 13  -0.1437546796   0.1437571843   0.1026827880   0.1755119558   0.1027905899
35 14  -0.1754488614   0.0992675693  -0.1775479408  -0.0992244885   0.1775715520
35 15   0.1438386294   0.1438365105
36  1  -0.2855498933  -0.1648276376   0.0000267512  -0.0432336101   0.0000000000
36  2  -0.0000000000   0.0000000000  -0.0000000000   0.2889527284  -0.3087945346
36  3   0.1782112194   0.2063636973   0.1844716865   0.3199837047  -0.1849136670
36  4  -0.3207952496   0.0026378075   0.0042086863   0.0009843285   0.0013976489
36  5   0.2874740885  -0.2874337141   0.2405530937   0.2417511068  -0.2011401403
36  6   0.3496187921   0.2010865221   0.3496088494  -0.2013757922  -0.3480327496
36  7   0.2012927013  -0.3478825443  -0.2869064795   0.2868690971   0.0032497322
36  8   0.0009845329   0.0092506844   0.0040946659   0.0027413763   0.0018616297
36  9  -0.0004549465   0.0000214639   0.0000511029   0.0000338188   0.0004931176
36 10   0.0001998875  -0.0012765454  -0.0008048465   0.0001051821  -0.0000984113
36 11  -0.0000529341  -0.0000530140  -0.0006006674   0.0002823948   0.0000884328
36 12  -0.0000095817  -0.0000059199   0.0000592130  -0.0002014328  -0.0001668224
36 13  -0.0019050531   0.0017956901   0.0013792994   0.0023904254   0.0012670527
36 14  -0.0021955143   0.0014218576  -0.0024609815  -0.0012669643   0.0021935349
36 15   0.0019203498   0.0018570352
37  1   0.0781692512   0.0002854038   0.1258653911  -0.0146238757  -0.0556055421
37  2   0.0207596872   0.1190484463  -0.2293358154   0.1089081898  -0.0009953014
37  3   0.0002597237  -0.0003174115   0.0012062079   0.0015662449   0.0013814907
37  4   0.0012689739  -0.0375701746  -0.2302278593   0.0373083341   0.2303647951
37  5   0.0020426501   0.0016874902  -0.0012322022   0.0014259798   0.0024735858
37  6  -0.0020684218   0.0010515121   0.0019499848  -0.0008609634  -0.0027646649
37  7  -0.0016809826   0.0016714265   0.0006078822   0.0010330876  -0.1840810747
37  8   0.1841332699  -0.1767393370   0.1767989333  -0.0283692667   0.2053366839
37  9   0.0285737375  -0.2052991244   0.1439340669  -0.1439341542  -0.0992934358
37 10   0.1769469986   0.0991645250  -0.1770137289   0.0962970720   0.0962855034
37 11   0.1427966720  -0.1427937550  -0.1550406362  -0.1305983840  -0.1551394588
37 12   0.1304754083  -0.0136695613  -0.1786409824  -0.0135841359  -0.1787625859
37 13  -0.2489537357  -0.2489595078  -0.1752734264  -0.3054361228   0.1752139237
37 14  -0.3054718549   0.1777844874  -0.3041002943   0.1778014094  -0.3040907583
37 15  -0.2491063344   0.2491043993
38  1  -0.0002750927  -0.0778008998   0.2178955332   0.1663016928   0.1619130172
38  2  -0.1571173813   0.1475286210  -0.1701530721  -0.0378791956   0.0002523632
38  3  -0.0006852662   0.0001915685  -0.0001211263  -0.0011687940   0.0003557591
38  4  -0.0013463076   0.1869958969   0.0375884191  -0.1873967354  -0.0372562247
38  5  -0.0011472797  -0.0009510050   0.0006235726  -0.0007210649   0.0008417127
38  6   0.0023436923  -0.0007046868  -0.0009436829   0.0017440318   0.0007821990
38  7  -0.0002996319  -0.0016038245  -0.0001785487  -0.0004076227   0.1062616963
38  8  -0.1063097775   0.0999227961  -0.1000157876  -0.2055586161   0.2659554449
38  9   0.2055494158  -0.2660896304   0.2493077988  -0.2492940156  -0.1768992765
38 10   0.3036204320   0.1769660548  -0.3035643341   0.1667848051   0.1667551273
38 11   0.2472806455  -0.2472765554  -0.1306023436  -0.3057349914  -0.1304686414
38 12   0.3056909207   0.1786433708  -0.1924829324   0.1787542741  -0.1927061186
38 13   0.1437546796   0.1437571843   0.1026827880   0.1755119558  -0.1027905899
38 14   0.1754488614  -0.0992675693   0.1775479408  -0.0992244885   0.1775715520
38 15   0.1438386294  -0.1438365105
39  1   0.2855498933   0.1648276376   0.0000267512   0.0294425193   0.2125850934
39  2  -0.0123046879  -0.1951584344  -0.0248652012  -0.0286203423  -0.3087945346
39  3   0.1782112194  -0.2063636973   0.1844716865   0.3199837047   0.1849136670
39  4   0.3207952496   0.0026378075   0.0042086863  -0.0009843285  -0.0013976489
39  5   0.2874740885   0.2874337141  -0.2405530937   0.2417511068   0.2011401403
39  6  -0.3496187921   0.2010865221   0.3496088494  -0.2013757922  -0.3480327496
39  7  -0.2012927013   0.3478825443   0.2869064795   0.2868690971   0.0032497322
39  8  -0.0009845329  -0.0092506844   0.0040946659  -0.0027413763  -0.0018616297
39  9  -0.0004549465   0.0000214639  -0.0000511029   0.0000338188   0.0004931176
39 10   0.0001998875   0.0012765454   0.0008048465  -0.0001051821  -0.0000984113
39 11  -0.0000529341   0.0000530140   0.0006006674  -0.0002823948   0.0000884328
39 12  -0.0000095817  -0.0000059199   0.0000592130   0.0002014328   0.0001668224
39 13   0.0019050531   0.0017956901   0.0013792994   0.0023904254  -0.0012670527
39 14   0.0021955143  -0.0014218576   0.0024609815  -0.0012669643   0.0021935349
39 15   0.0019203498  -0.0018570352
40  1   0.0776736282  -0.0000000000   0.2516127953  -0.0415417708  -0.0281850695
40  2  -0.0791748083   0.1657822568  -0.3181395551   0.1046462491  -0.0005461106
40  3  -0.0000000000   0.0000000000   0.0000000000   0.0005481339  -0.0000000000
40  4   0.0011194373   0.0000000000   0.1655693993  -0.0000000000  -0.1660125895
40  5  -0.0000000000   0.0000000000  -0.0000000000  -0.0000000000   0.0000000000
40  6   0.0021648401  -0.0000000000   0.0001930298   0.0000000000   0.0013294558
40  7   0.0000000000   0.0012246136  -0.0000000000   0.0000000000  -0.0000000000
40  8  -0.0000000000  -0.0000000000   0.0000000000  -0.3845584696   0.0000000000
40  9   0.3846307666   0.0000000000  -0.2878368508   0.2878617060   0.4058210009
40 10  -0.0000000000  -0.4058018624   0.0000000001  -0.1929250941  -0.1929180401
40 11   0.2854381400  -0.2854420129  -0.3810816540   0.0000000000  -0.3809748207
40 12  -0.0000000000  -0.2956778353   0.0000000000  -0.2959922709   0.0000000000
40 13  -0.0000000000   0.0000000000   0.0000000000   0.0014762644  -0.0000000000
40 14   0.0016185443  -0.0000000000   0.0033875649  -0.0000000000   0.0034400874
40 15  -0.0000000000   0.0000000000
41  1  -0.0000000000  -0.0782937794   0.0000000000   0.2129270710   0.1144175944
41  2   0.0159749485   0.0665832076  -0.0163405428  -0.0304957763   0.0000000000
41  3  -0.0011341304   0.0003704187   0.0021977288  -0.0000000000   0.0020250820
41  4   0.0000000000  -0.2518620316   0.0000000000   0.2517965905   0.0000000000
41  5  -0.0022991144  -0.0019100967  -0.0013476636   0.0015591335  -0.0034357784
41  6   0.0000000000  -0.0025183659  -0.0000000000  -0.0032516913  -0.0000000000
41  7  -0.0026391233  -0.0000000000   0.0005587963   0.0010480178   0.2126938620
41  8  -0.2127713097  -0.2021686732   0.2022782515  -0.0000000000  -0.0906328988
41  9  -0.0000000000   0.0904169482   0.0000000000   0.0000000000   0.0000000000
41 10   0.0028094604  -0.0000000000  -0.0029772401   0.0000000000   0.0000000000
41 11   0.0000000000  -0.0000000000  -0.0000000000  -0.0796781589  -0.0000000000
41 12   0.0798535476   0.0000000000  -0.1169741607  -0.0000000000  -0.1169587860
41 13  -0.2880935661  -0.2880811837  -0.4070185820   0.0000000000   0.4070151595
41 14   0.0000000000  -0.4063115821  -0.0000000000  -0.4063246522  -0.0000000000
41 15   0.2871088259  -0.2871117942
42  1   0.0000000000   0.3298821769  -0.0000000000   0.1702388060   0.1033532966
42  2  -0.0183407358  -0.1746912099  -0.0785404274   0.0759471005   0.0000000000
42  3   0.3567323762  -0.2062453520  -0.3698418610   0.0000000000  -0.3707914091
42  4  -0.0000000000  -0.0046598695   0.0000000000   0.0015717229   0.0000000000
42  5   0.2880150195   0.2879710959   0.2411689494  -0.2422612150   0.4044061801
42  6  -0.0000000000   0.4044413369   0.0000000000   0.4014181531   0.0000000000
42  7   0.4012421105  -0.0000000000  -0.2853124734  -0.2851682345   0.0032906212
42  8  -0.0010673520   0.0093885255  -0.0042276154  -0.0000000000  -0.0031438674
42  9  -0.0000000000  -0.0005727298   0.0000000000  -0.0000000000  -0.0000000000
42 10  -0.0004990698  -0.0000000000  -0.0015388043  -0.0000000000  -0.0000000000
42 11   0.0000000000  -0.0000000000  -0.0000000000  -0.0006662879  -0.0000000000
42 12   0.0000835283  -0.0000000000  -0.0000153776  -0.0000000000  -0.0002556601
42 13  -0.0019150703  -0.0018053351  -0.0027703874   0.0000000000   0.0025452736
42 14   0.0000000000  -0.0028470863  -0.0000000000  -0.0025381502  -0.0000000000
42 15   0.0019222843  -0.0018589379
43  1   0.0772116496   0.0000694118   0.0707756102  -0.0026667078  -0.0679622350
43  2   0.0645251436   0.0987725669  -0.1905117741   0.1112001144  -0.0000251934
43  3   0.0001553220  -0.0002880664   0.0004521627   0.0005706623   0.0004068630
43  4   0.0005519643  -0.1565578924  -0.1629459735   0.1564181550   0.1628524999
43  5   0.0002156059  -0.0000596073  -0.0007159285   0.0009721571   0.0003060858
43  6   0.0000137542  -0.0001928560  -0.0002446429  -0.0000824593   0.0000087924
43  7   0.0000560347  -0.0003153426  -0.0013295048  -0.0008101728  -0.1690249938
43  8   0.1689752788  -0.1781791033   0.1782357900   0.0482816899   0.0620186846
43  9  -0.0482653417  -0.0619039658   0.0108198935  -0.0108222801  -0.0089404000
43 10   0.0206039010   0.0089488410  -0.0206714199  -0.1074727406  -0.1074814513
43 11  -0.0212971577   0.0213052365  -0.0229424089   0.0732371213  -0.0230348244
43 12  -0.0733893120  -0.1376951776   0.0551152437  -0.1375379704   0.0550120825
43 13   0.0206231023   0.0206306477   0.0144054777   0.0262393848  -0.0144190045
43 14   0.0262510255  -0.0167267327   0.0265702219  -0.0167102195   0.0265521392
43 15   0.0227624000  -0.0227741286
44  1  -0.0000728515  -0.0771032432   0.1224866058   0.1872145744   0.1411054607
44  2  -0.0813502530   0.1118654516  -0.1029795553  -0.0347971996   0.0001549382
44  3   0.0001573928   0.0001651363  -0.0000274242  -0.0004677944  -0.0000764419
44  4  -0.0004120298  -0.0177113857   0.1564683849   0.0176712629  -0.1562798154
44  5  -0.0001115911   0.0000422248   0.0003948969  -0.0005396567   0.0003442833
44  6   0.0002893944  -0.0000129280   0.0002076567  -0.0000913071   0.0000831214
44  7  -0.0002440842   0.0000582598   0.0007767385   0.0004836458   0.0976664079
44  8  -0.0976395732   0.1024627007  -0.1025001199  -0.0622924951   0.0238211335
44  9   0.0621710349  -0.0236962897   0.0187689022  -0.0187588308  -0.0206286332
44 10   0.0327322293   0.0206902201  -0.0328157668  -0.1861219114  -0.1861453357
44 11  -0.0369048146   0.0369189492   0.0732750106   0.0616481485   0.0734292160
44 12  -0.0617390981  -0.0551404451   0.2013569267  -0.0550345137   0.2010917413
44 13  -0.0119119902  -0.0119164099  -0.0095733453  -0.0144291841   0.0095699784
44 14  -0.0144428050   0.0072930311  -0.0167072512   0.0072926844  -0.0166914496
44 15  -0.0131439797   0.0131507067
45  1   0.1593808099   0.0919798142  -0.0000140571   0.0135285277   0.1660371267
45  2  -0.0096103847  -0.1524259175  -0.0194204121   0.0409161914  -0.1721762837
45  3   0.0993408927  -0.2019223937   0.0867705363   0.1503525349   0.0857521129
45  4   0.1486131632   0.0003126123   0.0006420621  -0.0005288698  -0.0009814912
45  5  -0.0240625453  -0.0245875607  -0.1592996074   0.1575343307  -0.0301720232
45  6   0.0524822064  -0.0302519838  -0.0526196468   0.0359558859   0.0621615031
45  7   0.0364469491  -0.0630198177  -0.0363924378  -0.0369749797  -0.0002622408
45  8  -0.0002803434   0.0023574917  -0.0021319562   0.0004184993   0.0002627504
45  9   0.0001371700   0.0000590841   0.0000059470  -0.0000029893  -0.0002453922
45 10  -0.0001336302   0.0000077022  -0.0000009158   0.0000207693   0.0000268740
45 11   0.0000030350  -0.0000038058   0.0000895854  -0.0000585060   0.0002456254
45 12   0.0001480253   0.0003357330   0.0001819460   0.0004408815   0.0002416280
45 13  -0.0001547610  -0.0001551211  -0.0001089169  -0.0001891094   0.0001053430
45 14  -0.0001828523   0.0001188036  -0.0002050476   0.0001053534  -0.0001819472
45 15  -0.0001612320   0.0001582651
46  1   0.0770748726  -0.0000000000   0.1415117244  -0.0177966628  -0.0525497800
46  2   0.0083542122   0.1250405769  -0.2404263535   0.1088045436   0.0002632666
46  3  -0.0000000000   0.0000000000   0.0000000000   0.0002451586  -0.0000000000
46  4   0.0001532475  -0.0000000000  -0.1079236720   0.0000000000   0.1078583402
46  5  -0.0000000000   0.0000000000  -0.0000000000   0.0000000000   0.0000000000
46  6   0.0004893624   0.0000000000   0.0001458032   0.0000000000  -0.0001170983
46  7   0.0000000000   0.0001967917   0.0000000000   0.0000000000  -0.0000000000
46  8  -0.0000000000  -0.0000000000   0.0000000000  -0.0596500626   0.0000000000
46  9   0.0594568633   0.0000000000  -0.0216441700   0.0216451143   0.0446395007
46 10  -0.0000000000  -0.0447669539   0.0000000000   0.2149785541   0.2149920255
46 11  -0.0426236990   0.0426322081   0.1039025055  -0.0000000000   0.1040793339
46 12   0.0000000000   0.2331799934  -0.0000000000   0.2328559323  -0.0000000000
46 13   0.0000000000  -0.0000000000  -0.0000000000  -0.0012506263   0.0000000000
46 14  -0.0012396364   0.0000000000  -0.0023641028   0.0000000000  -0.0023546650
46 15   0.0000000000  -0.0000000000
47  1  -0.0000000000  -0.0772152055   0.0000000000   0.2134215803   0.1144093888
47  2   0.0159409220   0.0663679326  -0.0165250972  -0.0306471408   0.0000000000
47  3  -0.0001045955   0.0003333941   0.0007878411  -0.0000000000   0.0007610139
47  4   0.0000000000  -0.2532254574   0.0000000000   0.2530130349   0.0000000000
47  5  -0.0001887920   0.0001092096  -0.0007777351   0.0010694945  -0.0001527754
47  6  -0.0000000000   0.0003554700   0.0000000000  -0.0000675340  -0.0000000000
47  7   0.0003153741  -0.0000000000  -0.0015883754  -0.0009868258   0.1953407629
47  8  -0.1952924844  -0.2047346582   0.2048116997  -0.0000000000  -0.0845578780
47  9  -0.0000000000   0.0844650627   0.0000000000  -0.0000000000   0.0000000000
47 10   0.0029348132  -0.0000000000  -0.0029627528   0.0000000000   0.0000000000
47 11   0.0000000000  -0.0000000000  -0.0000000000  -0.0652900115  -0.0000000000
47 12   0.0654700508   0.0000000000  -0.1059606991  -0.0000000000  -0.1058692791
47 13   0.0238734696   0.0238803867   0.0345966899  -0.0000000000  -0.0346160428
47 14  -0.0000000000   0.0361935397   0.0000000000   0.0361669468   0.0000000000
47 15  -0.0262403721   0.0262544962
48  1   0.0000000000   0.1839370000  -0.0000000000   0.0926669129   0.1046404732
48  2  -0.0130031114  -0.1409217959  -0.0495900334   0.0996910983   0.0000000000
48  3   0.1987054083  -0.2018535453  -0.1734656719   0.0000000000  -0.1714982790
48  4  -0.0000000000  -0.0006768978   0.0000000000   0.0010916681   0.0000000000
48  5  -0.0242943707  -0.0248212915   0.1592031843  -0.1574071908  -0.0607809254
48  6   0.0000000000  -0.0609550113  -0.0000000000  -0.0717998709  -0.0000000000
48  7  -0.0727838210   0.0000000000   0.0361792436   0.0367519037  -0.0002970976
48  8  -0.0002415705  -0.0023715672   0.0021440245   0.0000000000   0.0005074258
48  9  -0.0000000000   0.0001370848   0.0000000000   0.0000000000   0.0000000000
48 10   0.0002755931  -0.0000000000  -0.0000060055  -0.0000000000  -0.0000000000
48 11   0.0000000000  -0.0000000000  -0.0000000000  -0.0000953590  -0.0000000000
48 12   0.0002744154   0.0000000000  -0.0003725397  -0.0000000000  -0.0004945019
48 13   0.0001555097   0.0001558272   0.0002188231  -0.0000000000  -0.0002118878
48 14  -0.0000000000   0.0002368668   0.0000000000   0.0002103178   0.0000000000
48 15  -0.0001611629   0.0001584163
49  1   0.0772116496  -0.0000694118  -0.0707756102   0.0275937636  -0.0987881961
49  2   0.1768673887   0.0462368866  -0.0906824573   0.1159924284  -0.0000251934
49  3  -0.0001553220  -0.0002880664   0.0004521627  -0.0005706623   0.0004068630
49  4  -0.0005519643  -0.1565578924   0.1629459735   0.1564181550  -0.1628524999
49  5   0.0002156059  -0.0000596073   0.0007159285  -0.0009721571  -0.0003060858
49  6   0.0000137542   0.0001928560  -0.0002446429  -0.0000824593  -0.0000087924
49  7   0.0000560347   0.0003153426   0.0013295048   0.0008101728  -0.1690249938
49  8   0.1689752788   0.1781791033  -0.1782357900   0.0482816899  -0.0620186846
49  9  -0.0482653417   0.0619039658   0.0108198935  -0.0108222801   0.0089404000
49 10   0.0206039010  -0.0089488410  -0.0206714199  -0.1074727406  -0.1074814513
49 11   0.0212971577  -0.0213052365  -0.0229424089  -0.0732371213  -0.0230348244
49 12   0.0733893120   0.1376951776   0.0551152437   0.1375379704   0.0550120825
49 13  -0.0206231023  -0.0206306477   0.0144054777  -0.0262393848  -0.0144190045
49 14  -0.0262510255   0.0167267327   0.0265702219   0.0167102195   0.0265521392
49 15   0.0227624000  -0.0227741286
50  1   0.0000728515  -0.0771032432   0.1224866058   0.1872145744   0.1411054607
50  2  -0.0813502530   0.1118654516  -0.1029795553  -0.0347971996  -0.0001549382
50  3   0.0001573928  -0.0001651363   0.0000274242  -0.0004677944   0.0000764419
50  4  -0.0004120298   0.0177113857   0.1564683849  -0.0176712629  -0.1562798154
50  5   0.0001115911  -0.0000422248   0.0003948969  -0.0005396567   0.0003442833
50  6  -0.0002893944  -0.0000129280  -0.0002076567   0.0000913071   0.0000831214
50  7   0.0002440842   0.0000582598   0.0007767385   0.0004836458  -0.0976664079
50  8   0.0976395732   0.1024627007  -0.1025001199   0.0622924951   0.0238211335
50  9  -0.0621710349  -0.0236962897  -0.0187689022   0.0187588308  -0.0206286332
50 10  -0.0327322293   0.0206902201   0.0328157668   0.1861219114   0.1861453357
50 11  -0.0369048146   0.0369189492  -0.0732750106   0.0616481485  -0.0734292160
50 12  -0.0617390981  -0.0551404451  -0.2013569267  -0.0550345137  -0.2010917413
50 13  -0.0119119902  -0.0119164099   0.0095733453  -0.0144291841  -0.0095699784
50 14  -0.0144428050   0.0072930311   0.0167072512   0.0072926844   0.0166914496
50 15   0.0131439797  -0.0131507067
51  1   0.1593808098  -0.0919798143   0.0000140571  -0.0860340998   0.1676892030
51  2  -0.0027596056  -0.1090832652   0.0177370838   0.0713913380  -0.1721762837
51  3  -0.0993408927  -0.2019223937   0.0867705363  -0.1503525349   0.0857521129
51  4  -0.1486131632   0.0003126123  -0.0006420621  -0.0005288698   0.0009814912
51  5  -0.0240625453  -0.0245875607   0.1592996074  -0.1575343307   0.0301720232
51  6   0.0524822064   0.0302519838  -0.0526196468   0.0359558859  -0.0621615031
51  7   0.0364469491   0.0630198177   0.0363924378   0.0369749797  -0.0002622408
51  8  -0.0002803434  -0.0023574917   0.0021319562   0.0004184993  -0.0002627504
51  9   0.0001371700  -0.0000590841   0.0000059470  -0.0000029893   0.0002453922
51 10  -0.0001336302  -0.0000077022  -0.0000009158   0.0000207693   0.0000268740
51 11  -0.0000030350   0.0000038058   0.0000895854   0.0000585060   0.0002456254
51 12  -0.0001480253  -0.0003357330   0.0001819460  -0.0004408815   0.0002416280
51 13   0.0001547610   0.0001551211  -0.0001089169   0.0001891094   0.0001053430
51 14   0.0001828523  -0.0001188036  -0.0002050476  -0.0001053534  -0.0001819472
51 15  -0.0001612320   0.0001582651
52  1   0.0772116496  -0.0000694118   0.0707756102  -0.0026667078  -0.0679622350
52  2   0.0645251436   0.0987725669  -0.1905117741   0.1112001144  -0.0000251934
52  3  -0.0001553220   0.0002880664  -0.0004521627   0.0005706623  -0.0004068630
52  4   0.0005519643   0.1565578924  -0.1629459735  -0.1564181550   0.1628524999
52  5  -0.0002156059   0.0000596073   0.0007159285  -0.0009721571  -0.0003060858
52  6   0.0000137542   0.0001928560  -0.0002446429   0.0000824593   0.0000087924
52  7  -0.0000560347  -0.0003153426   0.0013295048   0.0008101728   0.1690249938
52  8  -0.1689752788   0.1781791033  -0.1782357900   0.0482816899  -0.0620186846
52  9  -0.0482653417   0.0619039658   0.0108198935  -0.0108222801  -0.0089404000
52 10  -0.0206039010   0.0089488410   0.0206714199  -0.1074727406  -0.1074814513
52 11  -0.0212971577   0.0213052365  -0.0229424089  -0.0732371213  -0.0230348244
52 12   0.0733893120  -0.1376951776  -0.0551152437  -0.1375379704  -0.0550120825
52 13  -0.0206231023  -0.0206306477  -0.0144054777   0.0262393848   0.0144190045
52 14   0.0262510255   0.0167267327   0.0265702219   0.0167102195   0.0265521392
52 15  -0.0227624000   0.0227741286
53  1   0.0000728515  -0.0771032432  -0.1224866058   0.2396272393   0.0877133393
53  2   0.1132321897   0.0208709999   0.0699298636  -0.0264966696  -0.0001549382
53  3   0.0001573928   0.0001651363  -0.0000274242   0.0004677944  -0.0000764419
53  4   0.0004120298  -0.0177113857  -0.1564683849   0.0176712629   0.1562798154
53  5  -0.0001115911   0.0000422248   0.0003948969  -0.0005396567   0.0003442833
53  6  -0.0002893944  -0.0000129280  -0.0002076567  -0.0000913071  -0.0000831214
53  7  -0.0002440842  -0.0000582598   0.0007767385   0.0004836458   0.0976664079
53  8  -0.0976395732   0.1024627007  -0.1025001199   0.0622924951   0.0238211335
53  9  -0.0621710349  -0.0236962897  -0.0187689022   0.0187588308   0.0206286332
53 10   0.0327322293  -0.0206902201  -0.0328157668   0.1861219114   0.1861453357
53 11   0.0369048146  -0.0369189492  -0.0732750106   0.0616481485  -0.0734292160
53 12  -0.0617390981   0.0551404451   0.2013569267   0.0550345137   0.2010917413
53 13  -0.0119119902  -0.0119164099  -0.0095733453   0.0144291841   0.0095699784
53 14   0.0144428050   0.0072930311   0.0167072512   0.0072926844   0.0166914496
53 15  -0.0131439797   0.0131507067
54  1  -0.1593808098   0.0919798143   0.0000140571   0.0722430089   0.0448958904
54  2  -0.0095450823  -0.0860751693  -0.0426022850   0.1889410481   0.1721762837
54  3   0.0993408927  -0.2019223937   0.0867705363  -0.1503525349   0.0857521129
54  4  -0.1486131632   0.0003126123  -0.0006420621  -0.0005288698   0.0009814912
54  5  -0.0240625453  -0.0245875607  -0.1592996074   0.1575343307  -0.0301720232
54  6  -0.0524822064  -0.0302519838   0.0526196468   0.0359558859  -0.0621615031
54  7   0.0364469491   0.0630198177  -0.0363924378  -0.0369749797  -0.0002622408
54  8  -0.0002803434   0.0023574917  -0.0021319562  -0.0004184993   0.0002627504
54  9  -0.0001371700   0.0000590841  -0.0000059470   0.0000029893   0.0002453922
54 10  -0.0001336302  -0.0000077022  -0.0000009158  -0.0000207693  -0.0000268740
54 11  -0.0000030350   0.0000038058  -0.0000895854  -0.0000585060  -0.0002456254
54 12   0.0001480253  -0.0003357330   0.0001819460  -0.0004408815   0.0002416280
54 13  -0.0001547610  -0.0001551211  -0.0001089169   0.0001891094   0.0001053430
54 14   0.0001828523   0.0001188036   0.0002050476   0.0001053534   0.0001819472
54 15  -0.0001612320   0.0001582651
55  1   0.0781692512  -0.0002854039  -0.1258653911   0.0392137936  -0.1104492975
55  2   0.2206324701   0.0255800220  -0.0517253060   0.1174343960  -0.0009953014
55  3  -0.0002597237  -0.0003174115   0.0012062079  -0.0015662449   0.0013814907
55  4  -0.0012689739  -0.0375701746   0.2302278593   0.0373083341  -0.2303647951
55  5   0.0020426501   0.0016874902   0.0012322022  -0.0014259798  -0.0024735858
55  6  -0.0020684218  -0.0010515121   0.0019499848  -0.0008609634   0.0027646649
55  7  -0.0016809826  -0.0016714265  -0.0006078822  -0.0010330876  -0.1840810747
55  8   0.1841332699   0.1767393370  -0.1767989333  -0.0283692667  -0.2053366839
55  9   0.0285737375   0.2052991244   0.1439340669  -0.1439341542   0.0992934359
55 10   0.1769469985  -0.0991645250  -0.1770137289   0.0962970720   0.0962855034
55 11  -0.1427966720   0.1427937550  -0.1550406362   0.1305983840  -0.1551394588
55 12  -0.1304754083   0.0136695613  -0.1786409824   0.0135841359  -0.1787625859
55 13   0.2489537357   0.2489595078  -0.1752734264   0.3054361228   0.1752139236
55 14   0.3054718549  -0.1777844874  -0.3041002943  -0.1778014094  -0.3040907583
55 15  -0.2491063344   0.2491043993
56  1   0.0002750927  -0.0778008998   0.2178955332   0.1663016928   0.1619130172
56  2  -0.1571173813   0.1475286210  -0.1701530721  -0.0378791956  -0.0002523632
56  3  -0.0006852662  -0.0001915685   0.0001211263  -0.0011687940  -0.0003557591
56  4  -0.0013463076  -0.1869958969   0.0375884191   0.1873967354  -0.0372562247
56  5   0.0011472797   0.0009510050   0.0006235726  -0.0007210649   0.0008417127
56  6  -0.0023436923  -0.0007046868   0.0009436829  -0.0017440318   0.0007821990
56  7   0.0002996319  -0.0016038245  -0.0001785487  -0.0004076227  -0.1062616963
56  8   0.1063097775   0.0999227961  -0.1000157876   0.2055586161   0.2659554449
56  9  -0.2055494158  -0.2660896304  -0.2493077988   0.2492940156  -0.1768992766
56 10  -0.3036204319   0.1769660549   0.3035643341  -0.1667848051  -0.1667551273
56 11   0.2472806455  -0.2472765554   0.1306023436  -0.3057349914   0.1304686414
56 12   0.3056909207   0.1786433708   0.1924829324   0.1787542741   0.1927061186
56 13   0.1437546796   0.1437571843  -0.1026827880   0.1755119558   0.1027905899
56 14   0.1754488614  -0.0992675693  -0.1775479409  -0.0992244885  -0.1775715520
56 15  -0.1438386294   0.1438365105
57  1   0.2855498932  -0.1648276377  -0.0000267512  -0.1476935120   0.2155243714
57  2  -0.0001161805  -0.1180457104   0.0412432525   0.0255992644  -0.3087945346
57  3  -0.1782112194  -0.2063636973   0.1844716865  -0.3199837047   0.1849136670
57  4  -0.3207952496   0.0026378075  -0.0042086863  -0.0009843285   0.0013976489
57  5   0.2874740885   0.2874337141   0.2405530937  -0.2417511068  -0.2011401403
57  6  -0.3496187921  -0.2010865221   0.3496088494  -0.2013757922   0.3480327496
57  7  -0.2012927013  -0.3478825443  -0.2869064795  -0.2868690971   0.0032497322
57  8  -0.0009845329   0.0092506844  -0.0040946659  -0.0027413763   0.0018616297
57  9  -0.0004549465  -0.0000214639  -0.0000511029   0.0000338188  -0.0004931176
57 10   0.0001998875  -0.0012765454   0.0008048465  -0.0001051821  -0.0000984113
57 11   0.0000529341  -0.0000530140   0.0006006674   0.0002823948   0.0000884328
57 12   0.0000095817   0.0000059199   0.0000592130  -0.0002014328   0.0001668224
57 13  -0.0019050531  -0.0017956901   0.0013792994  -0.0023904254  -0.0012670527
57 14  -0.0021955143   0.0014218576   0.0024609815   0.0012669643   0.0021935349
57 15   0.0019203498  -0.0018570352
58  1   0.0781692512  -0.0002854039   0.1258653911  -0.0146238757  -0.0556055421
58  2   0.0207596872   0.1190484463  -0.2293358154   0.1089081898  -0.0009953014
58  3  -0.0002597237   0.0003174115  -0.0012062079   0.0015662449  -0.0013814907
58  4   0.0012689739   0.0375701746  -0.2302278593  -0.0373083341   0.2303647951
58  5  -0.0020426501  -0.0016874902   0.0012322022  -0.0014259798  -0.0024735858
58  6  -0.0020684218  -0.0010515121   0.0019499848   0.0008609634  -0.0027646649
58  7   0.0016809826   0.0016714265  -0.0006078822  -0.0010330876   0.1840810747
58  8  -0.1841332699   0.1767393370  -0.1767989333  -0.0283692667  -0.2053366839
58  9   0.0285737375   0.2052991244   0.1439340669  -0.1439341542  -0.0992934359
58 10  -0.1769469985   0.0991645250   0.1770137289   0.0962970720   0.0962855034
58 11   0.1427966720  -0.1427937550  -0.1550406362   0.1305983840  -0.1551394588
58 12  -0.1304754083  -0.0136695613   0.1786409824  -0.0135841359   0.1787625859
58 13   0.2489537357   0.2489595078   0.1752734264  -0.3054361228  -0.1752139236
58 14  -0.3054718549  -0.1777844874  -0.3041002943  -0.1778014094  -0.3040907583
58 15   0.2491063344  -0.2491043993
59  1   0.0002750927  -0.0778008998  -0.2178955332   0.2595499294   0.0669222133
59  2   0.1890674518  -0.0143611089   0.1374729271  -0.0231115858  -0.0002523632
59  3  -0.0006852662   0.0001915685  -0.0001211263   0.0011687940   0.0003557591
59  4   0.0013463076   0.1869958969  -0.0375884191  -0.1873967354   0.0372562247
59  5  -0.0011472797  -0.0009510050   0.0006235726  -0.0007210649   0.0008417127
59  6  -0.0023436923  -0.0007046868   0.0009436829   0.0017440318  -0.0007821990
59  7  -0.0002996319   0.0016038245  -0.0001785487  -0.0004076227   0.1062616963
59  8  -0.1063097775   0.0999227961  -0.1000157876   0.2055586161   0.2659554449
59  9  -0.2055494158  -0.2660896304  -0.2493077988   0.2492940156   0.1768992766
59 10   0.3036204319  -0.1769660549  -0.3035643341  -0.1667848051  -0.1667551273
59 11  -0.2472806455   0.2472765554   0.1306023436  -0.3057349914   0.1304686414
59 12   0.3056909207  -0.1786433708  -0.1924829324  -0.1787542741  -0.1927061186
59 13   0.1437546796   0.1437571843   0.1026827880  -0.1755119558  -0.1027905899
59 14  -0.1754488614  -0.0992675693  -0.1775479409  -0.0992244885  -0.1775715520
59 15   0.1438386294  -0.1438365105
60  1  -0.2855498932   0.1648276377  -0.0000267512   0.1339024212  -0.0029392780
60  2  -0.0121885074  -0.0771127240  -0.0661084537   0.2347331217   0.3087945346
60  3   0.1782112194  -0.2063636973   0.1844716865  -0.3199837047   0.1849136670
60  4  -0.3207952496   0.0026378075  -0.0042086863  -0.0009843285   0.0013976489
60  5   0.2874740885   0.2874337141  -0.2405530937   0.2417511068   0.2011401403
60  6   0.3496187921   0.2010865221  -0.3496088494  -0.2013757922   0.3480327496
60  7  -0.2012927013  -0.3478825443   0.2869064795   0.2868690971   0.0032497322
60  8  -0.0009845329  -0.0092506844   0.0040946659   0.0027413763  -0.0018616297
60  9   0.0004549465   0.0000214639   0.0000511029  -0.0000338188  -0.0004931176
60 10   0.0001998875  -0.0012765454   0.0008048465   0.0001051821   0.0000984113
60 11   0.0000529341  -0.0000530140  -0.0006006674  -0.0002823948  -0.0000884328
60 12  -0.0000095817   0.0000059199   0.0000592130  -0.0002014328   0.0001668224
60 13   0.0019050531   0.0017956901   0.0013792994  -0.0023904254  -0.0012670527
60 14  -0.0021955143  -0.0014218576  -0.0024609815  -0.0012669643  -0.0021935349
60 15   0.0019203498  -0.0018570352
61  1   0.0770748726  -0.0000000000  -0.1415117244   0.0427241772  -0.1142015973
61  2   0.2330383206   0.0199693949  -0.0407680590   0.1183891555   0.0002632666
61  3  -0.0000000000   0.0000000000  -0.0000000000  -0.0002451586   0.0000000000
61  4  -0.0001532475   0.0000000000   0.1079236720  -0.0000000000  -0.1078583402
61  5  -0.0000000000   0.0000000000   0.0000000000  -0.0000000000   0.0000000000
61  6   0.0004893624   0.0000000000   0.0001458032   0.0000000000   0.0001170983
61  7  -0.0000000000  -0.0001967917  -0.0000000000  -0.0000000000  -0.0000000000
61  8   0.0000000000   0.0000000000  -0.0000000000  -0.0596500626   0.0000000000
61  9   0.0594568633   0.0000000000  -0.0216441700   0.0216451143  -0.0446395007
61 10   0.0000000000   0.0447669539  -0.0000000000   0.2149785541   0.2149920255
61 11   0.0426236990  -0.0426322081   0.1039025055  -0.0000000000   0.1040793339
61 12   0.0000000000  -0.2331799934   0.0000000000  -0.2328559323   0.0000000000
61 13   0.0000000000   0.0000000000   0.0000000000   0.0012506263  -0.0000000000
61 14   0.0012396364   0.0000000000  -0.0023641028   0.0000000000  -0.0023546650
61 15   0.0000000000  -0.0000000000
62  1  -0.0000000000  -0.0772152055   0.0000000000   0.2134215803   0.1144093888
62  2   0.0159409220   0.0663679326  -0.0165250972  -0.0306471408   0.0000000000
62  3  -0.0001045955  -0.0003333941  -0.0007878411   0.0000000000  -0.0007610139
62  4  -0.0000000000   0.2532254574  -0.0000000000  -0.2530130349  -0.0000000000
62  5   0.0001887920  -0.0001092096  -0.0007777351   0.0010694945  -0.0001527754
62  6   0.0000000000   0.0003554700  -0.0000000000   0.0000675340  -0.0000000000
62  7  -0.0003153741  -0.0000000000  -0.0015883754  -0.0009868258  -0.1953407629
62  8   0.1952924844  -0.2047346582   0.2048116997  -0.0000000000  -0.0845578780
62  9  -0.0000000000   0.0844650627  -0.0000000000   0.0000000000  -0.0000000000
62 10  -0.0029348132   0.0000000000   0.0029627528   0.0000000000  -0.0000000000
62 11   0.0000000000  -0.0000000000  -0.0000000000  -0.0652900115  -0.0000000000
62 12   0.0654700508  -0.0000000000   0.1059606991   0.0000000000   0.1058692791
62 13   0.0238734696   0.0238803867  -0.0345966899   0.0000000000   0.0346160428
62 14   0.0000000000   0.0361935397   0.0000000000   0.0361669468   0.0000000000
62 15   0.0262403721  -0.0262544962
63  1  -0.0000000000  -0.1839370000   0.0000000000  -0.1064580038   0.1079446202
63  2   0.0006984235  -0.0542366386   0.0247248321   0.1606412878  -0.0000000000
63  3  -0.1987054083  -0.2018535453  -0.1734656719   0.0000000000  -0.1714982790
63  4  -0.0000000000  -0.0006768978   0.0000000000   0.0010916681   0.0000000000
63  5  -0.0242943707  -0.0248212915  -0.1592031843   0.1574071908   0.0607809254
63  6  -0.0000000000   0.0609550113   0.0000000000  -0.0717998709  -0.0000000000
63  7  -0.0727838210   0.0000000000  -0.0361792436  -0.0367519037  -0.0002970976
63  8  -0.0002415705   0.0023715672  -0.0021440245  -0.0000000000  -0.0005074258
63  9   0.0000000000  -0.0001370848  -0.0000000000  -0.0000000000   0.0000000000
63 10   0.0002755931  -0.0000000000  -0.0000060055  -0.0000000000  -0.0000000000
63 11   0.0000000000  -0.0000000000  -0.0000000000   0.0000953590   0.0000000000
63 12  -0.0002744154   0.0000000000  -0.0003725397  -0.0000000000  -0.0004945019
63 13  -0.0001555097  -0.0001558272   0.0002188231  -0.0000000000  -0.0002118878
63 14  -0.0000000000  -0.0002368668  -0.0000000000  -0.0002103178  -0.0000000000
63 15  -0.0001611629   0.0001584163
64  1   0.0772116496   0.0000694118  -0.0707756102   0.0275937636  -0.0987881961
64  2   0.1768673887   0.0462368866  -0.0906824573   0.1159924284  -0.0000251934
64  3   0.0001553220   0.0002880664  -0.0004521627  -0.0005706623  -0.0004068630
64  4  -0.0005519643   0.1565578924   0.1629459735  -0.1564181550  -0.1628524999
64  5  -0.0002156059   0.0000596073  -0.0007159285   0.0009721571   0.0003060858
64  6   0.0000137542  -0.0001928560  -0.0002446429   0.0000824593  -0.0000087924
64  7  -0.0000560347   0.0003153426  -0.0013295048  -0.0008101728   0.1690249938
64  8  -0.1689752788  -0.1781791033   0.1782357900   0.0482816899   0.0620186846
64  9  -0.0482653417  -0.0619039658   0.0108198935  -0.0108222801   0.0089404000
64 10  -0.0206039010  -0.0089488410   0.0206714199  -0.1074727406  -0.1074814513
64 11   0.0212971577  -0.0213052365  -0.0229424089   0.0732371213  -0.0230348244
64 12  -0.0733893120   0.1376951776  -0.0551152437   0.1375379704  -0.0550120825
64 13   0.0206231023   0.0206306477  -0.0144054777  -0.0262393848   0.0144190045
64 14  -0.0262510255  -0.0167267327   0.0265702219  -0.0167102195   0.0265521392
64 15  -0.0227624000   0.0227741286
65  1  -0.0000728515  -0.0771032432  -0.1224866058   0.2396272393   0.0877133393
65  2   0.1132321897   0.0208709999   0.0699298636  -0.0264966696   0.0001549382
65  3   0.0001573928  -0.0001651363   0.0000274242   0.0004677944   0.0000764419
65  4   0.0004120298   0.0177113857  -0.1564683849  -0.0176712629   0.1562798154
65  5   0.0001115911  -0.0000422248   0.0003948969  -0.0005396567   0.0003442833
65  6   0.0002893944  -0.0000129280   0.0002076567   0.0000913071  -0.0000831214
65  7   0.0002440842  -0.0000582598   0.0007767385   0.0004836458  -0.0976664079
65  8   0.0976395732   0.1024627007  -0.1025001199  -0.0622924951   0.0238211335
65  9   0.0621710349  -0.0236962897   0.0187689022  -0.0187588308   0.0206286332
65 10  -0.0327322293  -0.0206902201   0.0328157668  -0.1861219114  -0.1861453357
65 11   0.0369048146  -0.0369189492   0.0732750106   0.0616481485   0.0734292160
65 12  -0.0617390981   0.0551404451  -0.2013569267   0.0550345137  -0.2010917413
65 13  -0.0119119902  -0.0119164099   0.0095733453   0.0144291841  -0.0095699784
65 14   0.0144428050   0.0072930311  -0.0167072512   0.0072926844  -0.0166914496
65 15   0.0131439797  -0.0131507067
66  1  -0.1593808099  -0.0919798142  -0.0000140571  -0.0273196186   0.0465479667
66  2  -0.0026943032  -0.0427325170  -0.0054447891   0.2194161946   0.1721762837
66  3  -0.0993408927  -0.2019223937   0.0867705363   0.1503525349   0.0857521129
66  4   0.1486131632   0.0003126123   0.0006420621  -0.0005288698  -0.0009814912
66  5  -0.0240625453  -0.0245875607   0.1592996074  -0.1575343307   0.0301720232
66  6  -0.0524822064   0.0302519838   0.0526196468   0.0359558859   0.0621615031
66  7   0.0364469491  -0.0630198177   0.0363924378   0.0369749797  -0.0002622408
66  8  -0.0002803434  -0.0023574917   0.0021319562  -0.0004184993  -0.0002627504
66  9  -0.0001371700  -0.0000590841  -0.0000059470   0.0000029893  -0.0002453922
66 10  -0.0001336302   0.0000077022  -0.0000009158  -0.0000207693  -0.0000268740
66 11   0.0000030350  -0.0000038058  -0.0000895854   0.0000585060  -0.0002456254
66 12  -0.0001480253   0.0003357330   0.0001819460   0.0004408815   0.0002416280
66 13   0.0001547610   0.0001551211  -0.0001089169  -0.0001891094   0.0001053430
66 14  -0.0001828523  -0.0001188036   0.0002050476  -0.0001053534   0.0001819472
66 15  -0.0001612320   0.0001582651
67  1   0.0776736282  -0.0000000000  -0.2516127953   0.0661325466  -0.1378715402
67  2   0.3205669666  -0.0211528189   0.0370780950   0.1216984998  -0.0005461106
67  3  -0.0000000000  -0.0000000000  -0.0000000000  -0.0005481339   0.0000000000
67  4  -0.0011194373  -0.0000000000  -0.1655693993   0.0000000000   0.1660125895
67  5   0.0000000000   0.0000000000  -0.0000000000   0.0000000000   0.0000000000
67  6   0.0021648401  -0.0000000000   0.0001930298   0.0000000000  -0.0013294558
67  7   0.0000000000  -0.0012246136   0.0000000000  -0.0000000000  -0.0000000000
67  8  -0.0000000000   0.0000000000  -0.0000000000  -0.3845584696   0.0000000000
67  9   0.3846307666   0.0000000000  -0.2878368508   0.2878617060  -0.4058210009
67 10   0.0000000000   0.4058018624  -0.0000000001  -0.1929250941  -0.1929180401
67 11  -0.2854381400   0.2854420129  -0.3810816540   0.0000000000  -0.3809748207
67 12  -0.0000000000   0.2956778353  -0.0000000000   0.2959922709  -0.0000000000
67 13  -0.0000000000  -0.0000000000  -0.0000000000  -0.0014762644   0.0000000000
67 14  -0.0016185443  -0.0000000000   0.0033875649  -0.0000000000   0.0034400874
67 15  -0.0000000000   0.0000000000
68  1  -0.0000000000  -0.0782937794   0.0000000000   0.2129270710   0.1144175944
68  2   0.0159749485   0.0665832076  -0.0163405428  -0.0304957763   0.0000000000
68  3  -0.0011341304  -0.0003704187  -0.0021977288   0.0000000000  -0.0020250820
68  4  -0.0000000000   0.2518620316  -0.0000000000  -0.2517965905  -0.0000000000
68  5   0.0022991144   0.0019100967  -0.0013476636   0.0015591335  -0.0034357784
68  6   0.0000000000  -0.0025183659  -0.0000000000   0.0032516913   0.0000000000
68  7   0.0026391233  -0.0000000000   0.0005587963   0.0010480178  -0.2126938620
68  8   0.2127713097  -0.2021686732   0.2022782515  -0.0000000000  -0.0906328988
68  9  -0.0000000000   0.0904169482  -0.0000000000   0.0000000000  -0.0000000000
68 10  -0.0028094604   0.0000000000   0.0029772401   0.0000000000  -0.0000000000
68 11   0.0000000000  -0.0000000000  -0.0000000000  -0.0796781589  -0.0000000000
68 12   0.0798535476  -0.0000000000   0.1169741607   0.0000000000   0.1169587860
68 13  -0.2880935661  -0.2880811837   0.4070185820  -0.0000000000  -0.4070151595
68 14  -0.0000000000  -0.4063115821  -0.0000000000  -0.4063246522  -0.0000000000
68 15  -0.2871088259   0.2871117942
69  1  -0.0000000000  -0.3298821769   0.0000000000  -0.1840298969   0.1092317968
69  2   0.0060360479  -0.0204672245   0.0536752262   0.1843852855  -0.0000000000
69  3  -0.3567323762  -0.2062453520  -0.3698418610   0.0000000000  -0.3707914091
69  4  -0.0000000000  -0.0046598695   0.0000000000   0.0015717229   0.0000000000
69  5   0.2880150195   0.2879710959  -0.2411689494   0.2422612150  -0.4044061801
69  6   0.0000000000  -0.4044413369  -0.0000000000   0.4014181531   0.0000000000
69  7   0.4012421105  -0.0000000000   0.2853124734   0.2851682345   0.0032906212
69  8  -0.0010673520  -0.0093885255   0.0042276154   0.0000000000   0.0031438674
69  9  -0.0000000000   0.0005727298   0.0000000000  -0.0000000000  -0.0000000000
69 10  -0.0004990698  -0.0000000000  -0.0015388043   0.0000000000   0.0000000000
69 11   0.0000000000  -0.0000000000   0.0000000000   0.0006662879   0.0000000000
69 12  -0.0000835283   0.0000000000  -0.0000153776  -0.0000000000  -0.0002556601
69 13   0.0019150703   0.0018053351  -0.0027703874   0.0000000000   0.0025452736
69 14   0.0000000000   0.0028470863   0.0000000000   0.0025381502   0.0000000000
69 15   0.0019222843  -0.0018589379
70  1   0.0781692512   0.0002854038  -0.1258653911   0.0392137936  -0.1104492975
70  2   0.2206324701   0.0255800220  -0.0517253060   0.1174343960  -0.0009953014
70  3   0.0002597237   0.0003174115  -0.0012062079  -0.0015662449  -0.0013814907
70  4  -0.0012689739   0.0375701746   0.2302278593  -0.0373083341  -0.2303647951
70  5  -0.0020426501  -0.0016874902  -0.0012322022   0.0014259798   0.0024735858
70  6  -0.0020684218   0.0010515121   0.0019499848   0.0008609634   0.0027646649
70  7   0.0016809826  -0.0016714265   0.0006078822   0.0010330876   0.1840810747
70  8  -0.1841332699  -0.1767393370   0.1767989333  -0.0283692667   0.2053366839
70  9   0.0285737375  -0.2052991244   0.1439340669  -0.1439341542   0.0992934358
70 10  -0.1769469986  -0.0991645250   0.1770137289   0.0962970720   0.0962855034
70 11  -0.1427966720   0.1427937550  -0.1550406362  -0.1305983840  -0.1551394588
70 12   0.1304754083   0.0136695613   0.1786409824   0.0135841359   0.1787625859
70 13  -0.2489537357  -0.2489595078   0.1752734264   0.3054361228  -0.1752139237
70 14   0.3054718549   0.1777844874  -0.3041002943   0.1778014094  -0.3040907583
70 15   0.2491063344  -0.2491043993
71  1  -0.0002750927  -0.0778008998  -0.2178955332   0.2595499294   0.0669222133
71  2   0.1890674518  -0.0143611089   0.1374729271  -0.0231115858   0.0002523632
71  3  -0.0006852662  -0.0001915685   0.0001211263   0.0011687940  -0.0003557591
71  4   0.0013463076  -0.1869958969  -0.0375884191   0.1873967354   0.0372562247
71  5   0.0011472797   0.0009510050   0.0006235726  -0.0007210649   0.0008417127
71  6   0.0023436923  -0.0007046868  -0.0009436829  -0.0017440318  -0.0007821990
71  7   0.0002996319   0.0016038245  -0.0001785487  -0.0004076227  -0.1062616963
71  8   0.1063097775   0.0999227961  -0.1000157876  -0.2055586161   0.2659554449
71  9   0.2055494158  -0.2660896304   0.2493077988  -0.2492940156   0.1768992765
71 10  -0.3036204320  -0.1769660548   0.3035643341   0.1667848051   0.1667551273
71 11  -0.2472806455   0.2472765554  -0.1306023436  -0.3057349914  -0.1304686414
71 12   0.3056909207  -0.1786433708   0.1924829324  -0.1787542741   0.1927061186
71 13   0.1437546796   0.1437571843  -0.1026827880  -0.1755119558   0.1027905899
71 14  -0.1754488614  -0.0992675693   0.1775479408  -0.0992244885   0.1775715520
71 15  -0.1438386294   0.1438365105
72  1  -0.2855498933  -0.1648276376   0.0000267512  -0.0432336101   0.0000000000
72  2   0.0000000000   0.0000000000   0.0000000000   0.2889527284   0.3087945346
72  3  -0.1782112194  -0.2063636973   0.1844716865   0.3199837047   0.1849136670
72  4   0.3207952496   0.0026378075   0.0042086863  -0.0009843285  -0.0013976489
72  5   0.2874740885   0.2874337141   0.2405530937  -0.2417511068  -0.2011401403
72  6   0.3496187921  -0.2010865221  -0.3496088494  -0.2013757922  -0.3480327496
72  7  -0.2012927013   0.3478825443  -0.2869064795  -0.2868690971   0.0032497322
72  8  -0.0009845329   0.0092506844  -0.0040946659   0.0027413763   0.0018616297
72  9   0.0004549465  -0.0000214639   0.0000511029  -0.0000338188   0.0004931176
72 10   0.0001998875   0.0012765454   0.0008048465   0.0001051821   0.0000984113
72 11  -0.0000529341   0.0000530140  -0.0006006674   0.0002823948  -0.0000884328
72 12   0.0000095817  -0.0000059199   0.0000592130   0.0002014328   0.0001668224
72 13  -0.0019050531  -0.0017956901   0.0013792994   0.0023904254  -0.0012670527
72 14   0.0021955143   0.0014218576  -0.0024609815   0.0012669643  -0.0021935349
72 15   0.0019203498  -0.0018570352
$end
