$dipgrad          cartesian dipole gradients
  -.55819969769348D-03  0.28617443724854D-01  -.81649511805952D-01
  0.16057924216432D-01  0.13452467957548D+00  0.44823400274232D-02
  -.77551233406628D-01  0.13744459234316D-01  -.36194847483488D-01
  0.76509529780198D-02  -.42251126811206D-01  0.91880289346298D-01
  -.18309717720956D-01  -.14474919889976D+00  -.58270570313883D-02
  0.82105106494610D-01  -.35822239940803D-01  0.41354671588882D-01
  -.45285346378594D-01  -.48123231086313D-02  -.59217115361208D-01
  -.23860695521407D-01  -.14878726069422D+00  0.29440739650874D-01
  -.57209822566196D-01  -.16204544302393D-01  0.89506330873072D-01
  0.44229528361168D-01  0.17914024970899D-01  0.50125712695566D-01
  0.22727463011547D-01  0.13618006810096D+00  -.26351344317293D-01
  0.49332070803522D-01  -.14992436926222D-01  -.79016737185381D-01
  0.90248098391320D-01  -.19665992594579D-01  -.26998679832956D-01
  -.57868445434021D-01  -.15034713719541D+00  0.10263158497478D-01
  -.26496706205131D-01  0.32895259348424D-02  -.61107204063300D-01
  -.82648540843809D-01  0.54300577469347D-01  0.23899248471102D-01
  0.61645443379002D-01  0.13377203387116D+00  -.10539829125236D-01
  0.23953903257771D-01  -.91175888852111D-02  0.55329975359465D-01
  0.31039849946703D-02  0.18043569039484D-02  0.87693788512612D-01
  -.33188070254303D-01  -.14748079904272D+00  -.22072227335672D-01
  0.85524718852225D-01  0.14948424079050D-01  0.36810141826374D-01
  0.31029895156676D-03  0.23547823353466D-01  -.77085279604351D-01
  0.31800432038223D-01  0.13620779663965D+00  0.19123270229250D-01
  -.75697823629724D-01  0.10637624302555D-01  -.34259180598678D-01
  -.44934690201755D-01  -.24132932790173D-01  -.63416881797363D-01
  -.13763627024191D-01  -.14485786409249D+00  0.92825634915193D-02
  -.54365460941158D-01  0.49246769600481D-01  0.91009295824032D-01
  0.44787223684692D-01  0.22378484253945D-01  0.53245476085756D-01
  0.13127761132856D-01  0.13481983861140D+00  -.77348180523542D-02
  0.49092976869107D-01  -.19772910103086D-01  -.81358185581598D-01
  0.10334667458415D+00  -.73128455651754D-01  -.27696205961182D-01
  -.38602438415179D-01  -.14161274377407D+00  0.66050829527828D-02
  -.27905578465930D-01  0.15053820882020D-01  -.55573779167202D-01
  -.90566120543083D-01  0.50848438276808D-01  0.25877757992059D-01
  0.32186355095085D-01  0.13090891764555D+00  -.55072553060279D-02
  0.25753383754957D-01  -.78362341746148D-02  0.57449576872163D-01
  -.44254671569674D-01  -.92814967838113D-01  0.30433080639452D-01
  -.87352628734341D-01  -.19331371361571D-01  0.19662568240888D-01
  0.30334113872779D-01  0.21144286868994D-01  0.12389122277352D+00
  0.50787355650791D-01  0.72718153139159D-01  -.31348642124844D-01
  0.85046939132948D-01  0.14755377438157D-02  -.20058180522767D-01
  -.31580322551488D-01  -.18083716682273D-01  -.12611793457072D+00
  0.81656500874978D-01  -.41097131801101D-01  -.26080273697244D-01
  -.59033542731300D-01  -.49360352406596D-01  0.36427600174498D-02
  -.27009797080926D-01  0.21581540157815D-02  -.10808917081657D+00
  -.82473736954106D-01  0.58439811277791D-01  0.27563056270920D-01
  0.71428845128325D-01  0.43220338205864D-01  -.66593985602544D-02
  0.27529651671744D-01  -.43641084470613D-02  0.11612374729548D+00
  -.48960442585850D-01  -.44590938518950D-01  -.79704937928366D-02
  0.13423842689197D-01  0.10983089463317D+00  -.71240936281270D-02
  -.93999224356101D-02  -.46012510223197D-02  -.98743646433471D-01
  0.22829670038228D-01  0.51280270010840D-01  0.82947296370592D-02
  0.32541981065084D-01  0.21064484387574D-01  0.26678942334412D-02
  0.86668115395929D-02  0.13315224102351D-02  0.76501201253896D-01
  -.76418631605565D-02  0.10582962224808D+00  -.18095788622691D-01
  0.43546473719987D-01  -.20726928422796D-01  -.12344400604607D-01
  -.15916189049853D-01  -.24761932227289D-01  -.10364250448982D+00
  -.26287350864474D-01  -.11392022655482D+00  0.23843880078711D-01
  -.93853298126397D-01  0.19726909768638D-01  0.19952730629378D-01
  0.23162660198811D-01  0.23597552205568D-01  0.10085463692302D+00
  0.11443605423088D+00  -.82301912838113D-01  -.33505598676571D-01
  -.56668899474821D-01  -.26346510552253D-01  0.33629447745300D-02
  -.32582307967455D-01  0.42985062027881D-02  -.12593800596898D+00
  -.94174939387094D-01  0.68071213219977D-01  0.30486771099042D-01
  0.55691067873970D-01  0.31731652282458D-01  -.42176755380008D-02
  0.30718283546565D-01  -.58655457171285D-02  0.12334484350424D+00
  -.57388574694539D-01  -.43911731455247D-01  -.93557418572042D-02
  -.27027386422610D-01  0.85195448841965D-01  -.72840954453702D-02
  -.94863855060037D-02  -.59310898728116D-02  -.13145690770162D+00
  0.61788142536710D-01  0.26877521113836D-01  0.90764223057844D-02
  0.30304221377106D-01  -.12505842547141D+00  0.72343227220145D-02
  0.90278689444647D-02  0.79029525647079D-02  0.12932246836250D+00
$end
