$energy      SCF               SCFKIN            SCFPOT
     1 -464.1426541788      456.0513926678     -920.1940468466
     2 -464.2119572798      456.4133687046     -920.6253259844
     3 -464.3424139103      457.1906650285     -921.5330789387
     4 -464.4598151260      458.0438995258     -922.5037146518
     5 -464.5610522521      458.9740092312     -923.5350614834
     6 -464.6423000481      459.9835313687     -924.6258314168
     7 -464.6988090822      461.0714605642     -925.7702696464
     8 -464.7254009687      462.1956487497     -926.9210497184
     9 -464.7277199944      462.5469078186     -927.2746278129
    10 -464.7278348335      462.5209135881     -927.2487484216
    11 -464.7278932599      462.4915899933     -927.2194832532
    12 -464.7283624237      462.4755134849     -927.2038759086
    13 -464.7285333133      462.5140478036     -927.2425811169
    14 -464.7285624804      462.5312901268     -927.2598526072
    15 -464.7286792087      462.5099349330     -927.2386141417
    16 -464.7287904249      462.4937810174     -927.2225714423
    17 -464.7288030289      462.4909435261     -927.2197465551
    18 -464.7289860559      462.5003152366     -927.2293012925
    19 -464.7290103021      462.4918691142     -927.2208794163
    20 -464.7290968790      462.4989051320     -927.2280020110
    21 -464.7291222759      462.5150855817     -927.2442078576
    22 -464.7291620312      462.5095589612     -927.2387209924
    23 -464.7292084181      462.5055385855     -927.2347470035
    24 -464.7292588358      462.4967851948     -927.2260440306
    25 -464.7293384610      462.5034215337     -927.2327599947
    26 -464.7293243460      462.5152125412     -927.2445368872
    27 -464.7293994612      462.5055914398     -927.2349909010
    28 -464.7294424000      462.5042473817     -927.2336897817
    29 -464.7294125902      462.5021728087     -927.2315853989
    30 -464.7294489196      462.5032102815     -927.2326592011
    31 -464.7294779880      462.5054200152     -927.2348980032
    32 -464.7294832270      462.5014917405     -927.2309749675
    33 -464.7294958815      462.5020049984     -927.2315008799
    34 -464.7295072125      462.5019440067     -927.2314512191
    35 -464.7295279377      462.5004754098     -927.2300033475
    36 -464.7295469292      462.4994348682     -927.2289817974
    37 -464.7295454475      462.5047450389     -927.2342904864
    38 -464.7295627228      462.5034677642     -927.2330304869
    39 -464.7295587773      462.4989224091     -927.2284811863
    40 -464.7295634974      462.5025057589     -927.2320692563
    41 -464.7295645486      462.5030036516     -927.2325682002
    42 -464.7295657998      462.5018456241     -927.2314114239
    43 -464.7295659147      462.5029073993     -927.2324733139
    44 -464.7295660713      462.5026717633     -927.2322378346
    45 -464.7295661406      462.5023678231     -927.2319339637
    46 -464.7295662377      462.5023777763     -927.2319440140
    47 -464.7295662639      462.5026888353     -927.2322550992
    48 -464.7295663146      462.5027248186     -927.2322911333
    49 -464.7295662833      462.5023303238     -927.2318966071
$end
