$hessian (projected)
 1  1   0.1747180799  -0.0238025325   0.1443687284  -0.1672041546   0.0206807862
 1  2  -0.1335779288  -0.0143421050   0.0024402200  -0.0261013863   0.0010316418
 1  3  -0.0009284128   0.0004188868  -0.0049860169   0.0024384610   0.0026273513
 1  4  -0.0008899020   0.0001829963  -0.0013555898  -0.0004662649   0.0000043404
 1  5   0.0010045040   0.0000087045  -0.0002683207  -0.0001020500   0.0004934311
 1  6   0.0013816052   0.0026711100   0.0003805674  -0.0000106868   0.0006129041
 1  7   0.0105872031  -0.0011933256   0.0100113622   0.0006811879  -0.0008886022
 1  8  -0.0005793111   0.0000020870   0.0000029380  -0.0000027385   0.0000015975
 1  9   0.0000127932   0.0000004415   0.0000098163   0.0000107258   0.0000025705
 1 10   0.0000027363  -0.0000030729  -0.0000051251   0.0000290541   0.0000001689
 1 11   0.0000185339  -0.0000454812  -0.0000309299  -0.0000224150  -0.0000520877
 1 12  -0.0000179898   0.0000256559   0.0000193136  -0.0000265359  -0.0000129783
 1 13   0.0000212088   0.0000029052   0.0000026374  -0.0000037203  -0.0000013928
 1 14  -0.0000039613   0.0000014345   0.0000084453   0.0000011558   0.0000016687
 1 15   0.0000054166  -0.0000023576
 2  1  -0.0238025325   0.0293282938  -0.0208032042   0.0206104980  -0.0397594344
 2  2   0.0193131976   0.0034154762   0.0022188879   0.0051215493  -0.0009632479
 2  3  -0.0037168094   0.0000857342   0.0024517078   0.0068840320  -0.0006530540
 2  4   0.0002362934   0.0002055222   0.0002662544   0.0000212036  -0.0006211866
 2  5  -0.0002097446  -0.0002765538  -0.0013264302   0.0000479916   0.0013909896
 2  6   0.0069613813  -0.0008212883  -0.0000603311   0.0003026016  -0.0001541703
 2  7  -0.0021577056   0.0031698286  -0.0024374397  -0.0008754042  -0.0037907560
 2  8   0.0002571533   0.0000046563   0.0000038749   0.0000047201  -0.0000191811
 2  9  -0.0000259279  -0.0000004919  -0.0000036395  -0.0000058282  -0.0000435456
 2 10  -0.0000208395  -0.0000123227   0.0000361000  -0.0000461273  -0.0000500901
 2 11  -0.0000697147   0.0000855720   0.0001692057   0.0000700054   0.0000501675
 2 12   0.0000318806  -0.0000328223  -0.0000121679  -0.0000011967   0.0000076318
 2 13  -0.0000046639   0.0000110554   0.0000057852  -0.0000063558   0.0000090352
 2 14   0.0000057163  -0.0000136603   0.0000073715   0.0000014430  -0.0000041539
 2 15   0.0000070115   0.0000021932
 3  1   0.1443687284  -0.0208032042   0.2353048025  -0.1335715557   0.0194929212
 3  2  -0.2230216693   0.0051685689  -0.0008366396   0.0077443925  -0.0004963461
 3  3   0.0002466874   0.0008002146   0.0015980425  -0.0004933061   0.0012830213
 3  4   0.0003683234  -0.0000725968   0.0002429729   0.0010017972  -0.0001831810
 3  5  -0.0000723288  -0.0000980935   0.0000648284   0.0000168756   0.0037011578
 3  6  -0.0010521050  -0.0043943720  -0.0011150798   0.0001789342  -0.0010591885
 3  7  -0.0212794039   0.0034260827  -0.0179858734   0.0003582655   0.0000941545
 3  8   0.0011681698  -0.0000003188   0.0000052076  -0.0000041804   0.0000177319
 3  9   0.0000171290   0.0000031004  -0.0000385226   0.0000144062   0.0000278519
 3 10   0.0000163774   0.0000078281  -0.0000272419   0.0000341627  -0.0000038377
 3 11   0.0000539539  -0.0000535965  -0.0000887560  -0.0000772076  -0.0000289129
 3 12   0.0000043051   0.0000133981   0.0000214921  -0.0000059753  -0.0000034585
 3 13   0.0000120285  -0.0000138210  -0.0000081663   0.0000009122  -0.0000020991
 3 14  -0.0000019664   0.0000106785   0.0000024563  -0.0000017293   0.0000035629
 3 15   0.0000005812  -0.0000013710
 4  1  -0.1672041546   0.0206104980  -0.1335715557   0.6704768947  -0.1018948156
 4  2   0.0392366956  -0.3178336138   0.0513519556   0.0634856388  -0.0054347901
 4  3   0.0015093958  -0.0005721640  -0.0418738799   0.0080158683  -0.0602046828
 4  4  -0.0001677932   0.0013643767  -0.0031353030  -0.0373637871   0.0063853614
 4  5   0.0319038187  -0.0004681622  -0.0000200902   0.0010024842   0.0571727349
 4  6  -0.0094783510   0.0018733181  -0.0020068800   0.0016375512  -0.0045083626
 4  7  -0.1485767035   0.0179068192   0.0341896679  -0.0066908991   0.0026378520
 4  8   0.0304558094  -0.0000065070  -0.0000294089   0.0000073289  -0.0000158575
 4  9  -0.0000438888  -0.0000333530   0.0001243778  -0.0000910307   0.0000078975
 4 10  -0.0000138306   0.0000167884   0.0000193784  -0.0001654540   0.0000369688
 4 11   0.0003359345   0.0002340383   0.0000386981  -0.0004555216  -0.0001333394
 4 12   0.0000233812   0.0001658887  -0.0000504018   0.0000465486  -0.0002124546
 4 13   0.0000177904   0.0000710158   0.0000355127   0.0000156907  -0.0000208040
 4 14  -0.0000069923  -0.0000350539  -0.0000598473  -0.0000054894  -0.0000004189
 4 15  -0.0000148427  -0.0000134943
 5  1   0.0206807862  -0.0397594344   0.0194929212  -0.1018948156   0.1535259048
 5  2   0.0095436650   0.0495781103  -0.0713437315  -0.0141136663   0.0025425157
 5  3   0.0022617103  -0.0000294488   0.0089742088   0.0063013734   0.0123542927
 5  4   0.0013015672   0.0071242595   0.0002726487   0.0062633309  -0.0102117127
 5  5  -0.0066088516  -0.0000000067  -0.0006022403  -0.0001669313  -0.0107547491
 5  6   0.0100281701  -0.0021803694   0.0017034393   0.0069570085   0.0006348256
 5  7   0.0195715131  -0.0658471246  -0.0137899410   0.0017855927   0.0023143055
 5  8  -0.0058923141  -0.0000086605  -0.0000169878  -0.0000145354   0.0000130696
 5  9  -0.0000010568  -0.0000388887   0.0000711847   0.0000447378   0.0000663290
 5 10   0.0000151117   0.0000455079  -0.0000232445   0.0002752661  -0.0000114914
 5 11   0.0004458685  -0.0001016176  -0.0005750102   0.0000935678  -0.0000831859
 5 12  -0.0001851457   0.0000117370   0.0000152943  -0.0000008263   0.0000032716
 5 13   0.0000421260   0.0000094788  -0.0000740968   0.0000132678  -0.0000238404
 5 14  -0.0000009085  -0.0000100651  -0.0000232999   0.0000053954   0.0000067159
 5 15  -0.0000105546   0.0000086738
 6  1  -0.1335779288   0.0193131976  -0.2230216693   0.0392366956   0.0095436650
 6  2   0.7036619327   0.0014666066  -0.0022030832  -0.1327146759   0.0306947607
 6  3  -0.0060509809  -0.0011631541  -0.0173521331   0.0042527202   0.0475465725
 6  4  -0.0041932660   0.0004853060  -0.0037753324   0.0319322898  -0.0065930735
 6  5  -0.0258628667   0.0010113027  -0.0001558333  -0.0000724184  -0.0409283386
 6  6   0.0062346904  -0.0549564611  -0.0034796923   0.0004134524  -0.0018816569
 6  7   0.0960351554  -0.0254635307  -0.3077558594  -0.0008170208   0.0000314683
 6  8   0.0000887982  -0.0000084904  -0.0000326628   0.0000039391  -0.0000355942
 6  9   0.0000045588  -0.0000083768   0.0000440962  -0.0001066547  -0.0000177353
 6 10   0.0000191106   0.0000544247   0.0000187662   0.0001700450   0.0003493198
 6 11   0.0000004030  -0.0003324721   0.0003567468  -0.0000747046   0.0000524504
 6 12  -0.0002792931  -0.0000298253  -0.0000210826  -0.0000228434   0.0000354759
 6 13   0.0000333925  -0.0000581350  -0.0000250419   0.0000142283  -0.0000337870
 6 14  -0.0000053524   0.0000308479  -0.0000237468   0.0000002302   0.0000050372
 6 15  -0.0000159254   0.0000090126
 7  1  -0.0143421050   0.0034154762   0.0051685689  -0.3178336138   0.0495781103
 7  2   0.0014666066   0.6495471117  -0.1001618426  -0.0206074065  -0.0900310581
 7  3   0.0132805041   0.0870511950  -0.2063844622   0.0257282578  -0.0695368148
 7  4  -0.0151845247   0.0028478115  -0.0251005170   0.0574513851  -0.0104827191
 7  5  -0.0410484773   0.0004911419   0.0014209888   0.0037029391  -0.0559187336
 7  6   0.0083413639  -0.0214337891  -0.0010456020   0.0000986835  -0.0006598711
 7  7  -0.0082777266   0.0049929994   0.0794226617   0.0017293060   0.0011303464
 7  8   0.0012328600   0.0000024459   0.0000117173   0.0000051196  -0.0000231719
 7  9   0.0000096650   0.0000055923  -0.0000648322  -0.0000146096  -0.0000079405
 7 10   0.0000083123  -0.0000174918   0.0000279117  -0.0001689721  -0.0000573895
 7 11  -0.0001566929   0.0001718763  -0.0002629441   0.0004536274   0.0001406852
 7 12   0.0000384178  -0.0000683282  -0.0001577601   0.0001047651   0.0000715397
 7 13  -0.0001057547  -0.0000166961   0.0000148559  -0.0000084770   0.0000090758
 7 14  -0.0000112689   0.0000125344   0.0000075116   0.0000028591  -0.0000080049
 7 15  -0.0000020019   0.0000047694
 8  1   0.0024402200   0.0022188879  -0.0008366396   0.0513519556  -0.0713437315
 8  2  -0.0022030832  -0.1001618426   0.1537329364   0.0221643885   0.0132516406
 8  3  -0.0398550854  -0.0255834027   0.0238433185  -0.0662019019   0.0075931619
 8  4   0.0036845201   0.0023125462   0.0050469317  -0.0093032479   0.0100577063
 8  5   0.0060750995   0.0013873096   0.0069464141  -0.0010006551   0.0084644372
 8  6  -0.0103763128   0.0041214523   0.0000669392  -0.0006206042   0.0001614624
 8  7   0.0041016837   0.0065258050  -0.0153903441   0.0011713266   0.0071340978
 8  8  -0.0006187567  -0.0000104893  -0.0000243947  -0.0000046625  -0.0000083241
 8  9  -0.0000545216  -0.0000527647   0.0001101876  -0.0000141833  -0.0000046168
 8 10  -0.0000130337   0.0000040427   0.0000007750  -0.0000788978  -0.0002249657
 8 11   0.0005175684  -0.0000691073  -0.0002785375  -0.0000524265  -0.0000414536
 8 12   0.0000532240   0.0000961407  -0.0000987294   0.0000388711  -0.0000756447
 8 13  -0.0000587848   0.0000511918   0.0000458447   0.0000119401  -0.0000108644
 8 14   0.0000015481  -0.0000334773  -0.0000510060   0.0000079492  -0.0000080910
 8 15  -0.0000196142  -0.0000093261
 9  1  -0.0261013863   0.0051215493   0.0077443925   0.0634856388  -0.0141136663
 9  2  -0.1327146759  -0.0206074065   0.0221643885   0.7250324104   0.0869960989
 9  3  -0.0257782062  -0.3002547297  -0.1314901675   0.0199908912  -0.2502138698
 9  4   0.0061532269  -0.0010919821   0.0085763386   0.0019137841  -0.0020534028
 9  5  -0.0549813469   0.0026634373  -0.0008368951  -0.0043952109  -0.0213500669
 9  6   0.0041917221  -0.0071572552  -0.0006627697   0.0001812788   0.0005131030
 9  7   0.0366867943  -0.0070092007   0.0136866841   0.0022573088  -0.0008281415
 9  8  -0.0056707712  -0.0000098152  -0.0000372424   0.0000021478  -0.0000437695
 9  9  -0.0000667680   0.0000004931   0.0001020737  -0.0001394700   0.0000244949
 9 10  -0.0000246055   0.0000031579  -0.0000079569  -0.0002551754   0.0002148732
 9 11   0.0000966876   0.0003564040   0.0001115350  -0.0003003157   0.0002093464
 9 12  -0.0000773605  -0.0000780088  -0.0001664375   0.0002055331   0.0001001809
 9 13  -0.0001206988  -0.0000131239  -0.0000241728   0.0000291947  -0.0000237719
 9 14   0.0000091916  -0.0000090836  -0.0000834140   0.0000050239  -0.0000119255
 9 15  -0.0000322837   0.0000071653
10  1   0.0010316418  -0.0009632479  -0.0004963461  -0.0054347901   0.0025425157
10  2   0.0306947607  -0.0900310581   0.0132516406   0.0869960989   0.0913093883
10  3  -0.0158974290  -0.0939929908   0.0110097100  -0.0022075039  -0.0200891572
10  4   0.0007951227  -0.0009089697   0.0006956686  -0.0020064339   0.0016829933
10  5  -0.0034750898   0.0003906526  -0.0000388770  -0.0011157960  -0.0010500715
10  6   0.0000628590  -0.0006710417   0.0000707084  -0.0002800951   0.0000761282
10  7  -0.0056273204   0.0025046833  -0.0002052178  -0.0004561559   0.0001781292
10  8   0.0016033949  -0.0000004970   0.0000002872   0.0000039579  -0.0000101154
10  9   0.0000056934  -0.0000024256  -0.0000331379  -0.0000156140  -0.0000145158
10 10   0.0000032754   0.0000068659   0.0000083360   0.0000053520   0.0000125783
10 11  -0.0000261663  -0.0000236762   0.0000770825   0.0000243655   0.0000314034
10 12   0.0000028245  -0.0000185627   0.0000112971   0.0000020508   0.0000037132
10 13   0.0000054652  -0.0000235625  -0.0000007145  -0.0000007025   0.0000047692
10 14   0.0000008317   0.0000091716   0.0000005969  -0.0000009747   0.0000007706
10 15  -0.0000002706   0.0000017433
11  1  -0.0009284128  -0.0037168094   0.0002466874   0.0015093958   0.0022617103
11  2  -0.0060509809   0.0132805041  -0.0398550854  -0.0257782062  -0.0158974290
11  3   0.0293797396   0.0279416278  -0.0011708355   0.0032046694   0.0033328518
11  4  -0.0009253603  -0.0037894469   0.0000049126   0.0016686349   0.0069222283
11  5   0.0004188217   0.0000080877   0.0002804554   0.0001723044   0.0000448667
11  6  -0.0005841229   0.0001453415  -0.0002775604  -0.0013301962   0.0000135617
11  7   0.0024885823   0.0068441405  -0.0000908407   0.0001279929   0.0002234977
11  8  -0.0003157957   0.0000070442   0.0000081236   0.0000018273  -0.0000089801
11  9   0.0000226054   0.0000041408  -0.0000344074  -0.0000211731  -0.0000083105
11 10   0.0000102253  -0.0000000103   0.0000029237  -0.0000006620   0.0000366118
11 11  -0.0000758142   0.0000243274   0.0001237725   0.0000514179  -0.0000494665
11 12  -0.0000182044  -0.0000748177   0.0000680722   0.0000210282   0.0000728116
11 13   0.0000362717  -0.0000374291  -0.0000212577  -0.0000038414   0.0000002068
11 14   0.0000056802   0.0000190665   0.0000119458  -0.0000019994   0.0000038839
11 15   0.0000117423   0.0000031125
12  1   0.0004188868   0.0000857342   0.0008002146  -0.0005721640  -0.0000294488
12  2  -0.0011631541   0.0870511950  -0.0255834027  -0.3002547297  -0.0939929908
12  3   0.0279416278   0.3187238334   0.0111540361  -0.0028284203  -0.0183860926
12  4  -0.0002282176   0.0002157998   0.0010496623  -0.0045169411   0.0005846329
12  5  -0.0018867229   0.0006129223  -0.0001538786  -0.0010579704  -0.0006655607
12  6   0.0001470557   0.0005116581   0.0000803000   0.0000325766  -0.0000453897
12  7   0.0008201829  -0.0003208916   0.0019101328  -0.0001269374   0.0000044331
12  8  -0.0001868246  -0.0000025503   0.0000008480  -0.0000028394   0.0000019640
12  9  -0.0000152010  -0.0000030888   0.0000093275   0.0000346258   0.0000122330
12 10  -0.0000147040  -0.0000092069  -0.0000029193   0.0000152966  -0.0000760633
12 11   0.0000586657  -0.0000170585  -0.0000828802  -0.0000599186   0.0000537832
12 12   0.0000470833   0.0000492798  -0.0000363933  -0.0000259524  -0.0000823286
12 13  -0.0000231230   0.0000225940   0.0000288718  -0.0000032216   0.0000087348
12 14  -0.0000085320  -0.0000140111   0.0000019710  -0.0000003923  -0.0000040208
12 15  -0.0000023711  -0.0000036484
13  1  -0.0049860169   0.0024517078   0.0015980425  -0.0418738799   0.0089742088
13  2  -0.0173521331  -0.2063844622   0.0238433185  -0.1314901675   0.0110097100
13  3  -0.0011708355   0.0111540361   0.7100635732  -0.1109234537  -0.0088637645
13  4  -0.3150181221   0.0550929153   0.0434399746  -0.1487824720   0.0191904057
13  5   0.0963239311   0.0106038190  -0.0020097234  -0.0212420742  -0.0080609278
13  6   0.0040549027   0.0367627640  -0.0056106978   0.0025481564   0.0008233490
13  7  -0.0013235272  -0.0018702013  -0.0108560887   0.0006578205  -0.0002937017
13  8  -0.0003384932  -0.0000039437   0.0000340317  -0.0000002777  -0.0000006940
13  9   0.0000706283   0.0000053618  -0.0002354171   0.0001296109   0.0000172868
13 10   0.0000142647   0.0000063002  -0.0000076213   0.0000899645  -0.0003774406
13 11  -0.0000461525  -0.0006059385  -0.0001518632   0.0001412371   0.0002389045
13 12   0.0003720488  -0.0000429684   0.0002298585   0.0000061016  -0.0000453518
13 13  -0.0000501031  -0.0000936765   0.0000275630  -0.0000173150   0.0000610072
13 14  -0.0000019299   0.0000479533   0.0000493941  -0.0000068214  -0.0000023510
13 15   0.0000061580   0.0000002984
14  1   0.0024384610   0.0068840320  -0.0004933061   0.0080158683   0.0063013734
14  2   0.0042527202   0.0257282578  -0.0662019019   0.0199908912  -0.0022075039
14  3   0.0032046694  -0.0028284203  -0.1109234537   0.1564426246   0.0162091842
14  4   0.0551618236  -0.0475548501  -0.0092470417   0.0175212385  -0.0658540011
14  5  -0.0251528023  -0.0012730521   0.0031882088   0.0036433143   0.0054764771
14  6   0.0064197630  -0.0067708127   0.0024913525   0.0068982159  -0.0002848006
14  7  -0.0015990666  -0.0080557901   0.0005387667  -0.0002827821  -0.0006804608
14  8   0.0000491268  -0.0000104068  -0.0000274811   0.0000044726  -0.0000293090
14  9  -0.0000584969   0.0000143285   0.0001040667  -0.0000771897  -0.0000159507
14 10  -0.0000336923  -0.0000180279   0.0000044945  -0.0002764630  -0.0000735653
14 11   0.0000540273   0.0000649696  -0.0002623593  -0.0000237285   0.0001835825
14 12  -0.0002433773  -0.0000355749  -0.0003393911  -0.0001294897   0.0000410582
14 13  -0.0002095276  -0.0000026405   0.0000302568   0.0000252220   0.0000009760
14 14  -0.0000033618  -0.0000093928  -0.0000667408   0.0000179561  -0.0000172785
14 15  -0.0000334905   0.0000052023
15  1   0.0026273513  -0.0006530540   0.0012830213  -0.0602046828   0.0123542927
15  2   0.0475465725  -0.0695368148   0.0075931619  -0.2502138698  -0.0200891572
15  3   0.0033328518  -0.0183860926  -0.0088637645   0.0162091842   0.6620670860
15  4   0.0434468537  -0.0092356656  -0.0666887157   0.0343484784  -0.0126486811
15  5  -0.3083181788   0.0099985227  -0.0025874111  -0.0179817253   0.0796100604
15  6  -0.0148292302   0.0137064127  -0.0002016362  -0.0001395355   0.0019086240
15  7  -0.0108079742   0.0005827149  -0.0635284254  -0.0003393644   0.0000550298
15  8  -0.0012742732   0.0000008451  -0.0000047317   0.0000040930   0.0000098545
15  9  -0.0000101160   0.0000493163   0.0000278782  -0.0000070817  -0.0000610729
15 10  -0.0000089648  -0.0000023027  -0.0000398685  -0.0000483536   0.0000522115
15 11  -0.0003365330   0.0001016699   0.0000278902   0.0002521315  -0.0000304608
15 12  -0.0000773560   0.0000127444  -0.0000399712  -0.0000112773   0.0000029991
15 13   0.0000148811   0.0000292310   0.0000096251   0.0000016540  -0.0000103085
15 14  -0.0000088189  -0.0000173439  -0.0000188135  -0.0000069954   0.0000004394
15 15  -0.0000010029   0.0000019435
16  1  -0.0008899020   0.0002362934   0.0003683234  -0.0001677932   0.0013015672
16  2  -0.0041932660  -0.0151845247   0.0036845201   0.0061532269   0.0007951227
16  3  -0.0009253603  -0.0002282176  -0.3150181221   0.0551618236   0.0434468537
16  4   0.3346879415  -0.0612107275  -0.0469602104  -0.0067420550   0.0018467924
16  5  -0.0008102532   0.0006749483  -0.0008848717   0.0003475155   0.0017177638
16  6   0.0011307657   0.0022935092  -0.0004618146   0.0001365231  -0.0001222703
16  7   0.0006575767  -0.0002709632  -0.0003340264  -0.0001156646  -0.0002374038
16  8   0.0000438807   0.0000085459   0.0000009970  -0.0000010381   0.0000121230
16  9   0.0000319267  -0.0000045273   0.0000345235  -0.0000574622  -0.0000025550
16 10   0.0000399139   0.0000209625  -0.0000067230   0.0000024497   0.0001993065
16 11  -0.0000120124  -0.0000021266   0.0000712504  -0.0000021758  -0.0003905987
16 12  -0.0001558192   0.0000580581   0.0001389520  -0.0001226623  -0.0000015382
16 13   0.0001915249   0.0000148524  -0.0000322575  -0.0000028250  -0.0000202215
16 14   0.0000031778  -0.0000058547   0.0000283510  -0.0000002487   0.0000198952
16 15   0.0000195597  -0.0000032255
17  1   0.0001829963   0.0002055222  -0.0000725968   0.0013643767   0.0071242595
17  2   0.0004853060   0.0028478115   0.0023125462  -0.0010919821  -0.0009089697
17  3  -0.0037894469   0.0002157998   0.0550929153  -0.0475548501  -0.0092356656
17  4  -0.0612107275   0.0378504756   0.0102262845   0.0027788192   0.0023599826
17  5   0.0001158527  -0.0009320563  -0.0037859099   0.0000440960   0.0011204042
17  6   0.0071403580  -0.0007889423   0.0001818526   0.0002023315   0.0000127469
17  7  -0.0002664562  -0.0006801210   0.0000495455  -0.0002377580  -0.0013048207
17  8   0.0000332121   0.0000108788   0.0000082816  -0.0000018838   0.0000099529
17  9   0.0000262500  -0.0000026049   0.0000093953  -0.0000291898  -0.0000004250
17 10   0.0000262740   0.0000098587  -0.0000042787  -0.0000007069   0.0001003528
17 11  -0.0000093423  -0.0000133814   0.0000617001   0.0000062012  -0.0002118667
17 12  -0.0000663207   0.0000395733   0.0000173260  -0.0002458351   0.0000038303
17 13   0.0001336261   0.0000148008  -0.0000213249  -0.0000102138  -0.0000119006
17 14   0.0000024201   0.0000021855   0.0000281517  -0.0000025662   0.0000133221
17 15   0.0000235236  -0.0000032558
18  1  -0.0013555898   0.0002662544   0.0002429729  -0.0031353030   0.0002726487
18  2  -0.0037753324  -0.0251005170   0.0050469317   0.0085763386   0.0006956686
18  3   0.0000049126   0.0010496623   0.0434399746  -0.0092470417  -0.0666887157
18  4  -0.0469602104   0.0102262845   0.0663048722   0.0304471206  -0.0060109169
18  5   0.0000893333  -0.0005726827   0.0002532207   0.0011697099   0.0012374728
18  6  -0.0005644091  -0.0056729549   0.0016014776  -0.0003286548  -0.0001878920
18  7  -0.0003351230   0.0000468006  -0.0012649392   0.0000442158   0.0000330658
18  8   0.0001450679  -0.0000017303  -0.0000002644   0.0000002327  -0.0000049534
18  9  -0.0000047499  -0.0000047353  -0.0000055652   0.0000091035   0.0000167949
18 10  -0.0000077549  -0.0000035614  -0.0000016249  -0.0000010282  -0.0000354280
18 11   0.0000054875  -0.0000068038  -0.0000090129  -0.0000408029   0.0000604064
18 12   0.0000272864  -0.0000691005  -0.0000050451   0.0000248985   0.0001076631
18 13  -0.0000351595  -0.0000044076  -0.0000184493   0.0000016750   0.0000049584
18 14   0.0000087601   0.0000024150  -0.0000045992   0.0000037141  -0.0000029602
18 15  -0.0000033197   0.0000039373
19  1  -0.0004662649   0.0000212036   0.0010017972  -0.0373637871   0.0062633309
19  2   0.0319322898   0.0574513851  -0.0093032479   0.0019137841  -0.0020064339
19  3   0.0016686349  -0.0045169411  -0.1487824720   0.0175212385   0.0343484784
19  4  -0.0067420550   0.0027788192   0.0304471206   0.6704101680  -0.1032090934
19  5   0.0386220756  -0.1666067106   0.0225633322  -0.1332461512  -0.3179881768
19  6   0.0512785326   0.0634882609  -0.0054732646   0.0015628441  -0.0005601101
19  7  -0.0419514941   0.0076572881  -0.0600055351  -0.0001495027   0.0013901355
19  8  -0.0031400396   0.0000046980   0.0000211902  -0.0000070301   0.0000009845
19  9   0.0000109015  -0.0000121499  -0.0000746558   0.0000294481   0.0000279547
19 10   0.0000041143  -0.0000152130  -0.0000311037  -0.0000059927  -0.0001259872
19 11   0.0002112215  -0.0001690618  -0.0002680893  -0.0005083779   0.0000478408
19 12   0.0000638897   0.0000239988  -0.0000801352   0.0000267280  -0.0000035262
19 13  -0.0000546985  -0.0000106573   0.0000025627  -0.0000137958   0.0000160754
19 14   0.0000180357   0.0000118554   0.0000496472  -0.0000059469  -0.0000025446
19 15   0.0000090483  -0.0000006681
20  1   0.0000043404  -0.0006211866  -0.0001831810   0.0063853614  -0.0102117127
20  2  -0.0065930735  -0.0104827191   0.0100577063  -0.0020534028   0.0016829933
20  3   0.0069222283   0.0005846329   0.0191904057  -0.0658540011  -0.0126486811
20  4   0.0018467924   0.0023599826  -0.0060109169  -0.1032090934   0.1538575089
20  5   0.0064545717   0.0224626431  -0.0403714662   0.0218536118   0.0497681487
20  6  -0.0711454477  -0.0142675456   0.0022799097   0.0022402026   0.0000235686
20  7   0.0091387594   0.0062087046   0.0128809243   0.0013640804   0.0071561109
20  8   0.0003106505  -0.0000084921  -0.0000213958   0.0000083533   0.0000216448
20  9  -0.0000507197   0.0000405909   0.0001041869   0.0000102097  -0.0000434218
20 10  -0.0000126010   0.0000007150   0.0000010759  -0.0002230266  -0.0002751877
20 11  -0.0004381769  -0.0000731558  -0.0003200116   0.0000601182  -0.0000457699
20 12   0.0000275952  -0.0000983673  -0.0000982348   0.0000543323   0.0001245653
20 13  -0.0000761771   0.0000582568  -0.0000260666   0.0000113303  -0.0000076522
20 14  -0.0000044387  -0.0000267848  -0.0000559209   0.0000089647  -0.0000045418
20 15  -0.0000188512   0.0000156441
21  1   0.0010045040  -0.0002097446  -0.0000723288   0.0319038187  -0.0066088516
21  2  -0.0258628667  -0.0410484773   0.0060750995  -0.0549813469  -0.0034750898
21  3   0.0004188217  -0.0018867229   0.0963239311  -0.0251528023  -0.3083181788
21  4  -0.0008102532   0.0001158527   0.0000893333   0.0386220756   0.0064545717
21  5   0.7044947550  -0.1331912621   0.0220365350  -0.2232521939   0.0013857369
21  6  -0.0023211299  -0.1327659578   0.0307143879  -0.0059806306  -0.0011834671
21  7  -0.0172712466   0.0046475313   0.0475648968  -0.0041615045   0.0005195844
21  8  -0.0037836789   0.0000073034   0.0000304511  -0.0000028607   0.0000347129
21  9   0.0000658128  -0.0000149373  -0.0000782249   0.0001201089   0.0000385540
21 10   0.0000192186   0.0000017132  -0.0000040413   0.0002932470  -0.0001812846
21 11  -0.0000263861  -0.0004084750  -0.0000269720  -0.0000450797  -0.0002390965
21 12   0.0000682189  -0.0000173734   0.0002265916  -0.0002154163   0.0000687274
21 13   0.0001409853   0.0000162569  -0.0000550202  -0.0000221413   0.0000236513
21 14   0.0000144228   0.0000135538   0.0000717917  -0.0000004409   0.0000157044
21 15   0.0000308308   0.0000021922
22  1   0.0000087045  -0.0002765538  -0.0000980935  -0.0004681622  -0.0000000067
22  2   0.0010113027   0.0004911419   0.0013873096   0.0026634373   0.0003906526
22  3   0.0000080877   0.0006129223   0.0106038190  -0.0012730521   0.0099985227
22  4   0.0006749483  -0.0009320563  -0.0005726827  -0.1666067106   0.0224626431
22  5  -0.1331912621   0.1740448038  -0.0258804864   0.1439726632  -0.0143049722
22  6   0.0026939674  -0.0260874605   0.0010277823  -0.0009480036   0.0004050018
22  7  -0.0049958440   0.0024732008   0.0026274926  -0.0008849810   0.0001788855
22  8  -0.0013588009  -0.0000008366  -0.0000006735  -0.0000047297  -0.0000097618
22  9   0.0000104950   0.0000024357  -0.0000288046  -0.0000284498   0.0000288562
22 10   0.0000061475   0.0000093780  -0.0000108307   0.0000068631   0.0000537438
22 11   0.0000335341  -0.0000240313   0.0000911273  -0.0000277814   0.0000201674
22 12  -0.0000062111   0.0000346494   0.0000156225   0.0000099138  -0.0000409389
22 13   0.0000178489  -0.0000349694   0.0000135915  -0.0000006856   0.0000008362
22 14  -0.0000040972   0.0000149263   0.0000004499  -0.0000037577   0.0000013619
22 15   0.0000004247  -0.0000039739
23  1  -0.0002683207  -0.0013264302   0.0000648284  -0.0000200902  -0.0006022403
23  2  -0.0001558333   0.0014209888   0.0069464141  -0.0008368951  -0.0000388770
23  3   0.0002804554  -0.0001538786  -0.0020097234   0.0031882088  -0.0025874111
23  4  -0.0008848717  -0.0037859099   0.0002532207   0.0225633322  -0.0403714662
23  5   0.0220365350  -0.0258804864   0.0299414650  -0.0234530929   0.0033836725
23  6   0.0021667403   0.0052139429  -0.0009594293  -0.0037025740   0.0000261495
23  7   0.0023935126   0.0068926428  -0.0006794495   0.0002206368   0.0002062186
23  8   0.0002575303   0.0000066173   0.0000076239  -0.0000044227  -0.0000124228
23  9   0.0000255462  -0.0000035335  -0.0000308139  -0.0000254764   0.0000182351
23 10   0.0000106362   0.0000002959  -0.0000059467   0.0000140160   0.0000589398
23 11   0.0000650294   0.0000134839   0.0001117543  -0.0000485327  -0.0000293919
23 12  -0.0000103803   0.0000957810   0.0000462416   0.0000193208  -0.0000993222
23 13   0.0000449151  -0.0000420519   0.0000150761  -0.0000051100  -0.0000015946
23 14  -0.0000047903   0.0000188066   0.0000104653  -0.0000073172   0.0000026778
23 15   0.0000120328  -0.0000059025
24  1  -0.0001020500   0.0000479916   0.0000168756   0.0010024842  -0.0001669313
24  2  -0.0000724184   0.0037029391  -0.0010006551  -0.0043952109  -0.0011157960
24  3   0.0001723044  -0.0010579704  -0.0212420742   0.0036433143  -0.0179817253
24  4   0.0003475155   0.0000440960   0.0011697099  -0.1332461512   0.0218536118
24  5  -0.2232521939   0.1439726632  -0.0234530929   0.2355185029   0.0051789438
24  6  -0.0008757463   0.0077641039  -0.0005060219   0.0001918279   0.0008035254
24  7   0.0016067125  -0.0004602754   0.0012742940   0.0003717192  -0.0000640539
24  8   0.0002444051   0.0000026267  -0.0000010326  -0.0000015224  -0.0000018647
24  9   0.0000155663  -0.0000044965   0.0000038226  -0.0000323039   0.0000067822
24 10   0.0000137950   0.0000065946  -0.0000040453  -0.0000073604   0.0000843850
24 11   0.0000394399   0.0000135639   0.0000485844  -0.0000469105  -0.0000512370
24 12  -0.0000463594   0.0000662890   0.0000090773   0.0000205650  -0.0000922055
24 13   0.0000318755  -0.0000151670   0.0000214285   0.0000010878  -0.0000119036
24 14  -0.0000076218   0.0000107964  -0.0000041407  -0.0000049107   0.0000029328
24 15   0.0000028209  -0.0000041248
25  1   0.0004934311   0.0013909896   0.0037011578   0.0571727349  -0.0107547491
25  2  -0.0409283386  -0.0559187336   0.0084644372  -0.0213500669  -0.0010500715
25  3   0.0000448667  -0.0006655607  -0.0080609278   0.0054764771   0.0796100604
25  4   0.0017177638   0.0011204042   0.0012374728  -0.3179881768   0.0497681487
25  5   0.0013857369  -0.0143049722   0.0033836725   0.0051789438   0.6495073889
25  6  -0.1000357291  -0.0214709091  -0.0903409282   0.0123397436   0.0875855185
25  7  -0.2060531714   0.0261703570  -0.0692468660  -0.0151403955   0.0027354404
25  8  -0.0251192711  -0.0000059587  -0.0000149774  -0.0000033462   0.0000134366
25  9  -0.0000527079   0.0000295336   0.0000870101  -0.0000250300  -0.0000387840
25 10  -0.0000216140  -0.0000031606  -0.0000054332  -0.0002747944  -0.0001048519
25 11  -0.0001834819   0.0004144890  -0.0000834402   0.0002246127  -0.0001504172
25 12   0.0001059525  -0.0001396220  -0.0000022795   0.0000588497   0.0002262999
25 13  -0.0000476274   0.0000737852  -0.0000651328   0.0000098229  -0.0000082000
25 14  -0.0000004597  -0.0000570419  -0.0000413565   0.0000187644   0.0000010329
25 15  -0.0000089218   0.0000191714
26  1   0.0013816052   0.0069613813  -0.0010521050  -0.0094783510   0.0100281701
26  2   0.0062346904   0.0083413639  -0.0103763128   0.0041917221   0.0000628590
26  3  -0.0005841229   0.0001470557   0.0040549027   0.0064197630  -0.0148292302
26  4   0.0011307657   0.0071403580  -0.0005644091   0.0512785326  -0.0711454477
26  5  -0.0023211299   0.0026939674   0.0021667403  -0.0008757463  -0.1000357291
26  6   0.1530871219   0.0188566478   0.0123496641  -0.0392437616  -0.0227552991
26  7   0.0245362429  -0.0659571129   0.0085570821   0.0035828284   0.0022304828
26  8   0.0049504443  -0.0000034729  -0.0000135774   0.0000176428   0.0000384577
26  9   0.0000025889   0.0000381233   0.0000508173   0.0000556809  -0.0000757653
26 10   0.0000224899   0.0000435142   0.0000161357   0.0001167461  -0.0000844228
26 11  -0.0005359530  -0.0001005002  -0.0005402032  -0.0000539522  -0.0001029215
26 12  -0.0001573172   0.0000199782   0.0000179642   0.0000014179  -0.0000090190
26 13   0.0000571829   0.0000238867   0.0000528230   0.0000132828  -0.0000208194
26 14  -0.0000006563  -0.0000128861  -0.0000273056  -0.0000002659   0.0000041880
26 15  -0.0000107026  -0.0000088140
27  1   0.0026711100  -0.0008212883  -0.0043943720   0.0018733181  -0.0021803694
27  2  -0.0549564611  -0.0214337891   0.0041214523  -0.0071572552  -0.0006710417
27  3   0.0001453415   0.0005116581   0.0367627640  -0.0067708127   0.0137064127
27  4   0.0022935092  -0.0007889423  -0.0056729549   0.0634882609  -0.0142675456
27  5  -0.1327659578  -0.0260874605   0.0052139429   0.0077641039  -0.0214709091
27  6   0.0188566478   0.7248524005   0.0875832516  -0.0225482121  -0.3004107659
27  7  -0.1311446225   0.0201674593  -0.2498840337   0.0061483995  -0.0009699910
27  8   0.0085956871   0.0000116048   0.0000408356  -0.0000001727   0.0000264222
27  9   0.0000019740  -0.0000365401  -0.0000805125   0.0001223576  -0.0000000009
27 10  -0.0000036791  -0.0000540161   0.0000287589  -0.0000499238  -0.0003217769
27 11   0.0002159619   0.0001503288  -0.0003336766  -0.0003457737   0.0000007355
27 12   0.0002541672   0.0000094652   0.0000237824   0.0000070361  -0.0000437906
27 13  -0.0000442848   0.0000211416  -0.0000129273  -0.0000203415   0.0000345201
27 14  -0.0000055259  -0.0000241684   0.0000491115  -0.0000026692  -0.0000027541
27 15   0.0000206434   0.0000047527
28  1   0.0003805674  -0.0000603311  -0.0011150798  -0.0020068800   0.0017034393
28  2  -0.0034796923  -0.0010456020   0.0000669392  -0.0006627697   0.0000707084
28  3  -0.0002775604   0.0000803000  -0.0056106978   0.0024913525  -0.0002016362
28  4  -0.0004618146   0.0001818526   0.0016014776  -0.0054732646   0.0022799097
28  5   0.0307143879   0.0010277823  -0.0009594293  -0.0005060219  -0.0903409282
28  6   0.0123496641   0.0875832516   0.0916813901  -0.0148084397  -0.0945874494
28  7   0.0109899262  -0.0020757928  -0.0201162913   0.0008001251  -0.0008793467
28  8   0.0006975087   0.0000024028   0.0000009702   0.0000003851  -0.0000014884
28  9   0.0000039376   0.0000009253   0.0000248120   0.0000062768  -0.0000006198
28 10  -0.0000048304  -0.0000051888  -0.0000038130   0.0000147507  -0.0000031970
28 11  -0.0000054560  -0.0000232603   0.0000042362   0.0000062928  -0.0000454351
28 12  -0.0000178496  -0.0000068330   0.0000141002  -0.0000229569   0.0000083807
28 13   0.0000123909   0.0000071504  -0.0000103398  -0.0000028878  -0.0000002833
28 14   0.0000045248  -0.0000028924   0.0000095306  -0.0000026899   0.0000010256
28 15   0.0000051164   0.0000012578
29  1  -0.0000106868   0.0003026016   0.0001789342   0.0016375512   0.0069570085
29  2   0.0004134524   0.0000986835  -0.0006206042   0.0001812788  -0.0002800951
29  3  -0.0013301962   0.0000325766   0.0025481564   0.0068982159  -0.0001395355
29  4   0.0001365231   0.0002023315  -0.0003286548   0.0015628441   0.0022402026
29  5  -0.0059806306  -0.0009480036  -0.0037025740   0.0001918279   0.0123397436
29  6  -0.0392437616  -0.0225482121  -0.0148084397   0.0287969801   0.0247366531
29  7  -0.0013678647   0.0031209173   0.0032380576  -0.0009149555  -0.0037730156
29  8  -0.0000023102   0.0000029034   0.0000029661  -0.0000066126  -0.0000186692
29  9  -0.0000279889   0.0000094974   0.0000043875  -0.0000050825   0.0000458252
29 10  -0.0000301276  -0.0000123169  -0.0000285542  -0.0000227106  -0.0000228657
29 11   0.0000863145   0.0000537472   0.0001624114  -0.0000858144   0.0000617291
29 12   0.0000260595   0.0000160849  -0.0000145452  -0.0000023034  -0.0000031994
29 13  -0.0000035888   0.0000099957  -0.0000039410  -0.0000079726   0.0000080425
29 14  -0.0000043660  -0.0000137860   0.0000061461   0.0000031481  -0.0000048237
29 15   0.0000068302  -0.0000018199
30  1   0.0006129041  -0.0001541703  -0.0010591885  -0.0045083626   0.0006348256
30  2  -0.0018816569  -0.0006598711   0.0001614624   0.0005131030   0.0000761282
30  3   0.0000135617  -0.0000453897   0.0008233490  -0.0002848006   0.0019086240
30  4  -0.0001222703   0.0000127469  -0.0001878920  -0.0005601101   0.0000235686
30  5  -0.0011834671   0.0004050018   0.0000261495   0.0008035254   0.0875855185
30  6  -0.0227552991  -0.3004107659  -0.0945874494   0.0247366531   0.3189053842
30  7   0.0111769743  -0.0026479637  -0.0183928851  -0.0002387743   0.0001548801
30  8   0.0010485861  -0.0000016418  -0.0000067036  -0.0000042660  -0.0000149163
30  9  -0.0000236442   0.0000116442   0.0000373466  -0.0000178325   0.0000201342
30 10  -0.0000242809  -0.0000065819  -0.0000226899  -0.0000227334   0.0000210239
30 11   0.0000601269   0.0000338584   0.0000918531  -0.0000864740   0.0000519952
30 12  -0.0000005728   0.0000058942  -0.0000281857   0.0000147510   0.0000013518
30 13  -0.0000181191   0.0000117399  -0.0000022019  -0.0000006846   0.0000017026
30 14  -0.0000031669  -0.0000114285  -0.0000049764   0.0000023812  -0.0000042479
30 15  -0.0000023732  -0.0000007112
31  1   0.0105872031  -0.0021577056  -0.0212794039  -0.1485767035   0.0195715131
31  2   0.0960351554  -0.0082777266   0.0041016837   0.0366867943  -0.0056273204
31  3   0.0024885823   0.0008201829  -0.0013235272  -0.0015990666  -0.0108079742
31  4   0.0006575767  -0.0002664562  -0.0003351230  -0.0419514941   0.0091387594
31  5  -0.0172712466  -0.0049958440   0.0023935126   0.0016067125  -0.2060531714
31  6   0.0245362429  -0.1311446225   0.0109899262  -0.0013678647   0.0111769743
31  7   0.7103504648  -0.1113654594  -0.0090688657  -0.3158072273   0.0544405764
31  8   0.0435731627  -0.0000040246  -0.0000473020   0.0000051207  -0.0000435017
31  9   0.0000184429   0.0000151847   0.0002288397  -0.0001319553  -0.0000344052
31 10   0.0000118309   0.0000367838  -0.0000063120   0.0000876507   0.0003693891
31 11  -0.0001618465  -0.0002363243   0.0002682282   0.0001600375  -0.0002938408
31 12  -0.0003224452   0.0000769028   0.0000931246  -0.0000255830  -0.0000414441
31 13   0.0001455270   0.0000064613   0.0000032796   0.0000203646  -0.0000536553
31 14  -0.0000004917   0.0000069955  -0.0000235183  -0.0000036654   0.0000112022
31 15  -0.0000091641  -0.0000041066
32  1  -0.0011933256   0.0031698286   0.0034260827   0.0179068192  -0.0658471246
32  2  -0.0254635307   0.0049929994   0.0065258050  -0.0070092007   0.0025046833
32  3   0.0068441405  -0.0003208916  -0.0018702013  -0.0080557901   0.0005827149
32  4  -0.0002709632  -0.0006801210   0.0000468006   0.0076572881   0.0062087046
32  5   0.0046475313   0.0024732008   0.0068926428  -0.0004602754   0.0261703570
32  6  -0.0659571129   0.0201674593  -0.0020757928   0.0031209173  -0.0026479637
32  7  -0.1113654594   0.1559099652   0.0162936044   0.0544912449  -0.0471697772
32  8  -0.0091366296  -0.0000078166  -0.0000096177   0.0000016725   0.0000043290
32  9   0.0000508031  -0.0000011503  -0.0000322992   0.0000295731   0.0000019845
32 10   0.0000346102   0.0000726367  -0.0000022575   0.0003795145   0.0002367148
32 11  -0.0000988878  -0.0000148810  -0.0008465575   0.0000127779   0.0001308135
32 12  -0.0002972304  -0.0000201665  -0.0000310413  -0.0001052574   0.0000032538
32 13   0.0000526701  -0.0000331373  -0.0000078883   0.0000156681  -0.0000313889
32 14  -0.0000016490   0.0000407050  -0.0000160319  -0.0000108539   0.0000068773
32 15  -0.0000125849  -0.0000025369
33  1   0.0100113622  -0.0024374397  -0.0179858734   0.0341896679  -0.0137899410
33  2  -0.3077558594   0.0794226617  -0.0153903441   0.0136866841  -0.0002052178
33  3  -0.0000908407   0.0019101328  -0.0108560887   0.0005387667  -0.0635284254
33  4  -0.0003340264   0.0000495455  -0.0012649392  -0.0600055351   0.0128809243
33  5   0.0475648968   0.0026274926  -0.0006794495   0.0012742940  -0.0692468660
33  6   0.0085570821  -0.2498840337  -0.0201162913   0.0032380576  -0.0183928851
33  7  -0.0090688657   0.0162936044   0.6610791162   0.0435776329  -0.0091295234
33  8  -0.0667054968   0.0000028674   0.0000094272   0.0000128630   0.0000290950
33  9  -0.0000125438   0.0000437321  -0.0000365177   0.0000330714  -0.0000278608
33 10  -0.0000034504  -0.0000071518  -0.0000099763  -0.0001150793  -0.0000890301
33 11  -0.0005815531   0.0001499202  -0.0000924131   0.0005295834   0.0000360960
33 12   0.0000847444   0.0001078032  -0.0000273109   0.0000049167  -0.0001456050
33 13  -0.0000114538   0.0000122432   0.0001162903  -0.0000038386   0.0000086467
33 14  -0.0000012842  -0.0000127632   0.0000063958  -0.0000233925  -0.0000034909
33 15   0.0000012510  -0.0000182111
34  1   0.0006811879  -0.0008754042   0.0003582655  -0.0066908991   0.0017855927
34  2  -0.0008170208   0.0017293060   0.0011713266   0.0022573088  -0.0004561559
34  3   0.0001279929  -0.0001269374   0.0006578205  -0.0002827821  -0.0003393644
34  4  -0.0001156646  -0.0002377580   0.0000442158  -0.0001495027   0.0013640804
34  5  -0.0041615045  -0.0008849810   0.0002206368   0.0003717192  -0.0151403955
34  6   0.0035828284   0.0061483995   0.0008001251  -0.0009149555  -0.0002387743
34  7  -0.3158072273   0.0544912449   0.0435776329   0.3354020310  -0.0604052424
34  8  -0.0470760419   0.0000016787   0.0000087836  -0.0000000701   0.0000229320
34  9   0.0000257636  -0.0000068475  -0.0000765937   0.0000135557   0.0000080539
34 10   0.0000325985   0.0000240483  -0.0000003254   0.0000524966   0.0000050359
34 11  -0.0000059718  -0.0001003154  -0.0000659009   0.0000130178  -0.0000364755
34 12  -0.0000135849   0.0000084319   0.0000318624  -0.0000095341  -0.0000091893
34 13   0.0000250465  -0.0000209417  -0.0000013876  -0.0000003396  -0.0000027867
34 14  -0.0000001546   0.0000160075   0.0000047909  -0.0000025692   0.0000054574
34 15   0.0000032096  -0.0000008864
35  1  -0.0008886022  -0.0037907560   0.0000941545   0.0026378520   0.0023143055
35  2   0.0000314683   0.0011303464   0.0071340978  -0.0008281415   0.0001781292
35  3   0.0002234977   0.0000044331  -0.0002937017  -0.0006804608   0.0000550298
35  4  -0.0002374038  -0.0013048207   0.0000330658   0.0013901355   0.0071561109
35  5   0.0005195844   0.0001788855   0.0002062186  -0.0000640539   0.0027354404
35  6   0.0022304828  -0.0009699910  -0.0008793467  -0.0037730156   0.0001548801
35  7   0.0544405764  -0.0471697772  -0.0091295234  -0.0604052424   0.0373452008
35  8   0.0101010233   0.0000058146  -0.0000011876  -0.0000010703  -0.0000472156
35  9  -0.0000365077   0.0000099849   0.0001065470  -0.0000077368  -0.0000128399
35 10  -0.0000589704  -0.0000549080   0.0000064534  -0.0000912998  -0.0000733227
35 11   0.0000180361   0.0001463610   0.0001614075  -0.0000264682   0.0000442076
35 12   0.0000455311  -0.0000068103  -0.0000225820   0.0000164210   0.0000031423
35 13  -0.0000292581   0.0000284768   0.0000029324  -0.0000095537   0.0000111535
35 14   0.0000008970  -0.0000206751   0.0000109162   0.0000026966  -0.0000104442
35 15   0.0000086731   0.0000011165
36  1  -0.0005793111   0.0002571533   0.0011681698   0.0304558094  -0.0058923141
36  2   0.0000887982   0.0012328600  -0.0006187567  -0.0056707712   0.0016033949
36  3  -0.0003157957  -0.0001868246  -0.0003384932   0.0000491268  -0.0012742732
36  4   0.0000438807   0.0000332121   0.0001450679  -0.0031400396   0.0003106505
36  5  -0.0037836789  -0.0013588009   0.0002575303   0.0002444051  -0.0251192711
36  6   0.0049504443   0.0085956871   0.0006975087  -0.0000023102   0.0010485861
36  7   0.0435731627  -0.0091366296  -0.0667054968  -0.0470760419   0.0101010233
36  8   0.0663514233   0.0000003729  -0.0000012062   0.0000027487  -0.0000049020
36  9  -0.0000057439  -0.0000090464   0.0000138265  -0.0000036030  -0.0000129093
36 10  -0.0000019532  -0.0000040846   0.0000219074  -0.0000078137  -0.0000008758
36 11   0.0000157858   0.0000151171   0.0000131630  -0.0000361887   0.0000058768
36 12   0.0000040467   0.0000098598  -0.0000075938   0.0000013840  -0.0000177745
36 13  -0.0000040728   0.0000031097   0.0000039607  -0.0000000496   0.0000002225
36 14  -0.0000006731  -0.0000026782   0.0000006324   0.0000007102  -0.0000007887
36 15  -0.0000003788   0.0000005266
37  1   0.0000020870   0.0000046563  -0.0000003188  -0.0000065070  -0.0000086605
37  2  -0.0000084904   0.0000024459  -0.0000104893  -0.0000098152  -0.0000004970
37  3   0.0000070442  -0.0000025503  -0.0000039437  -0.0000104068   0.0000008451
37  4   0.0000085459   0.0000108788  -0.0000017303   0.0000046980  -0.0000084921
37  5   0.0000073034  -0.0000008366   0.0000066173   0.0000026267  -0.0000059587
37  6  -0.0000034729   0.0000116048   0.0000024028   0.0000029034  -0.0000016418
37  7  -0.0000040246  -0.0000078166   0.0000028674   0.0000016787   0.0000058146
37  8   0.0000003729   0.2312278312   0.1418478059  -0.0377892769  -0.2191164695
37  9  -0.1309710428   0.0339953623   0.0073381319   0.0049463231  -0.0010836250
37 10   0.0007293413  -0.0005888915  -0.0006380436   0.0014842277   0.0016067432
37 11   0.0008608280   0.0002228161   0.0003417774  -0.0000242167  -0.0000674382
37 12   0.0010140486  -0.0001364104  -0.0000139784  -0.0001152015  -0.0002049834
37 13  -0.0041133493   0.0039224432   0.0015646033  -0.0010719834  -0.0011034706
37 14   0.0002554011  -0.0176848305  -0.0212152891   0.0039393958   0.0010656105
37 15   0.0003261777  -0.0007401079
38  1   0.0000029380   0.0000038749   0.0000052076  -0.0000294089  -0.0000169878
38  2  -0.0000326628   0.0000117173  -0.0000243947  -0.0000372424   0.0000002872
38  3   0.0000081236   0.0000008480   0.0000340317  -0.0000274811  -0.0000047317
38  4   0.0000009970   0.0000082816  -0.0000002644   0.0000211902  -0.0000213958
38  5   0.0000304511  -0.0000006735   0.0000076239  -0.0000010326  -0.0000149774
38  6  -0.0000135774   0.0000408356   0.0000009702   0.0000029661  -0.0000067036
38  7  -0.0000473020  -0.0000096177   0.0000094272   0.0000087836  -0.0000011876
38  8  -0.0000012062   0.1418478059   0.1743641205  -0.0284443033  -0.1310227513
38  9  -0.1665514762   0.0259875463  -0.0265799547  -0.0144290576   0.0047647222
38 10   0.0004108554   0.0012042832  -0.0002938672   0.0027513387  -0.0056173648
38 11   0.0002187088  -0.0013967529  -0.0007520934   0.0002569186   0.0010413158
38 12  -0.0005022312  -0.0001643219  -0.0001369540   0.0000554193  -0.0000493879
38 13   0.0027831018   0.0001948238  -0.0000698812   0.0006363021   0.0003837333
38 14  -0.0001009365   0.0103363057   0.0108694593  -0.0019893754  -0.0006591659
38 15   0.0008641558  -0.0001187484
39  1  -0.0000027385   0.0000047201  -0.0000041804   0.0000073289  -0.0000145354
39  2   0.0000039391   0.0000051196  -0.0000046625   0.0000021478   0.0000039579
39  3   0.0000018273  -0.0000028394  -0.0000002777   0.0000044726   0.0000040930
39  4  -0.0000010381  -0.0000018838   0.0000002327  -0.0000070301   0.0000083533
39  5  -0.0000028607  -0.0000047297  -0.0000044227  -0.0000015224  -0.0000033462
39  6   0.0000176428  -0.0000001727   0.0000003851  -0.0000066126  -0.0000042660
39  7   0.0000051207   0.0000016725   0.0000128630  -0.0000000701  -0.0000010703
39  8   0.0000027487  -0.0377892769  -0.0284443033   0.0319669673   0.0340004943
39  9   0.0259737131  -0.0409329318   0.0004131490   0.0000218265   0.0016207664
39 10  -0.0006859783  -0.0001425877  -0.0035834818   0.0008062821   0.0003907131
39 11   0.0075741196   0.0000578039  -0.0000073459   0.0001592699  -0.0001393474
39 12  -0.0001629210  -0.0006294925  -0.0002039787  -0.0000506678  -0.0013798911
39 13   0.0016202741  -0.0002412336   0.0072955314   0.0001732674   0.0001615272
39 14   0.0002436543   0.0024374180   0.0027634167   0.0012826406  -0.0006927893
39 15  -0.0002676387  -0.0036273350
40  1   0.0000015975  -0.0000191811   0.0000177319  -0.0000158575   0.0000130696
40  2  -0.0000355942  -0.0000231719  -0.0000083241  -0.0000437695  -0.0000101154
40  3  -0.0000089801   0.0000019640  -0.0000006940  -0.0000293090   0.0000098545
40  4   0.0000121230   0.0000099529  -0.0000049534   0.0000009845   0.0000216448
40  5   0.0000347129  -0.0000097618  -0.0000124228  -0.0000018647   0.0000134366
40  6   0.0000384577   0.0000264222  -0.0000014884  -0.0000186692  -0.0000149163
40  7  -0.0000435017   0.0000043290   0.0000290950   0.0000229320  -0.0000472156
40  8  -0.0000049020  -0.2191164695  -0.1310227513   0.0340004943   0.6903139361
40  9   0.0311831946  -0.0863656136  -0.1303903418   0.0015347571   0.0108790970
40 10  -0.0012402248   0.0309351008  -0.0010170470   0.0467342661  -0.0186141734
40 11  -0.0051248622  -0.0036010256  -0.0036004208   0.0018582533  -0.0254813941
40 12   0.0325830044   0.0009711764  -0.0001153382   0.0009764269  -0.0000956649
40 13  -0.0538593569  -0.0404109083   0.0110825348  -0.0017151042  -0.0033527582
40 14   0.0015412111  -0.3017316990   0.1007541279   0.0320000626   0.0002562692
40 15  -0.0009089517   0.0002565779
41  1   0.0000127932  -0.0000259279   0.0000171290  -0.0000438888  -0.0000010568
41  2   0.0000045588   0.0000096650  -0.0000545216  -0.0000667680   0.0000056934
41  3   0.0000226054  -0.0000152010   0.0000706283  -0.0000584969  -0.0000101160
41  4   0.0000319267   0.0000262500  -0.0000047499   0.0000109015  -0.0000507197
41  5   0.0000658128   0.0000104950   0.0000255462   0.0000155663  -0.0000527079
41  6   0.0000025889   0.0000019740   0.0000039376  -0.0000279889  -0.0000236442
41  7   0.0000184429   0.0000508031  -0.0000125438   0.0000257636  -0.0000365077
41  8  -0.0000057439  -0.1309710428  -0.1665514762   0.0259737131   0.0311831946
41  9   0.6867699045  -0.0312135927   0.0638705236  -0.3276717250   0.0032196030
41 10  -0.0006199559  -0.0062413186   0.0004707660  -0.0616069944  -0.0420654748
41 11   0.0115889009  -0.0029541094  -0.0002098469   0.0008126016   0.0321125580
41 12  -0.0395807970  -0.0033246373   0.0010196671  -0.0004635024  -0.0001558885
41 13   0.0034017759   0.0593267770  -0.0030083755  -0.0044985852  -0.0021445510
41 14   0.0011334416   0.0383099551  -0.1533426949  -0.0012919650   0.0306493629
41 15  -0.0076978690  -0.0041708411
42  1   0.0000004415  -0.0000004919   0.0000031004  -0.0000333530  -0.0000388887
42  2  -0.0000083768   0.0000055923  -0.0000527647   0.0000004931  -0.0000024256
42  3   0.0000041408  -0.0000030888   0.0000053618   0.0000143285   0.0000493163
42  4  -0.0000045273  -0.0000026049  -0.0000047353  -0.0000121499   0.0000405909
42  5  -0.0000149373   0.0000024357  -0.0000035335  -0.0000044965   0.0000295336
42  6   0.0000381233  -0.0000365401   0.0000009253   0.0000094974   0.0000116442
42  7   0.0000151847  -0.0000011503   0.0000437321  -0.0000068475   0.0000099849
42  8  -0.0000090464   0.0339953623   0.0259875463  -0.0409329318  -0.0863656136
42  9  -0.0312135927   0.1416177713   0.0079250068   0.0125736929  -0.0597191786
42 10   0.0004790605  -0.0042765647   0.0018750614  -0.0030931965   0.0051064222
42 11   0.0070670217   0.0018219137   0.0009024975   0.0072044107   0.0009912407
42 12  -0.0034002164  -0.0086068102  -0.0000927369  -0.0001515167  -0.0004147764
42 13   0.0090091098   0.0035985690   0.0054437509   0.0015948415   0.0009581039
42 14   0.0071830828   0.0349797528  -0.0106833020  -0.0625602333  -0.0012449128
42 15   0.0005811290   0.0018157665
43  1   0.0000098163  -0.0000036395  -0.0000385226   0.0001243778   0.0000711847
43  2   0.0000440962  -0.0000648322   0.0001101876   0.0001020737  -0.0000331379
43  3  -0.0000344074   0.0000093275  -0.0002354171   0.0001040667   0.0000278782
43  4   0.0000345235   0.0000093953  -0.0000055652  -0.0000746558   0.0001041869
43  5  -0.0000782249  -0.0000288046  -0.0000308139   0.0000038226   0.0000870101
43  6   0.0000508173  -0.0000805125   0.0000248120   0.0000043875   0.0000373466
43  7   0.0002288397  -0.0000322992  -0.0000365177  -0.0000765937   0.0001065470
43  8   0.0000138265   0.0073381319  -0.0265799547   0.0004131490  -0.1303903418
43  9   0.0638705236   0.0079250068   0.7094377470  -0.0273097260  -0.0861656106
43 10  -0.2921258811   0.0914253992   0.0343758715  -0.2462479128  -0.1299327296
43 11   0.0339529035   0.0083455571   0.0053338500  -0.0010419777  -0.0536861089
43 12   0.0029050792   0.0093346569  -0.0041401840   0.0028796448   0.0015345030
43 13  -0.0076724697  -0.0214190082   0.0008018362   0.0005058851  -0.0007046601
43 14  -0.0001182949   0.0139966146   0.0365432153  -0.0028490707  -0.0053569757
43 15   0.0025287533   0.0018379985
44  1   0.0000107258  -0.0000058282   0.0000144062  -0.0000910307   0.0000447378
44  2  -0.0001066547  -0.0000146096  -0.0000141833  -0.0001394700  -0.0000156140
44  3  -0.0000211731   0.0000346258   0.0001296109  -0.0000771897  -0.0000070817
44  4  -0.0000574622  -0.0000291898   0.0000091035   0.0000294481   0.0000102097
44  5   0.0001201089  -0.0000284498  -0.0000254764  -0.0000323039  -0.0000250300
44  6   0.0000556809   0.0001223576   0.0000062768  -0.0000050825  -0.0000178325
44  7  -0.0001319553   0.0000295731   0.0000330714   0.0000135557  -0.0000077368
44  8  -0.0000036030   0.0049463231  -0.0144290576   0.0000218265   0.0015347571
44  9  -0.3276717250   0.0125736929  -0.0273097260   0.6685806660  -0.0214927832
44 10   0.0915182268  -0.0949175873  -0.0109509524  -0.0676376261  -0.2095541942
44 11   0.0171898793  -0.0256247382  -0.0141915001   0.0046953047  -0.0399074265
44 12   0.0595742039   0.0036264299   0.0038035131   0.0001579882  -0.0002505454
44 13  -0.0220633441  -0.0570406411   0.0055907539  -0.0006845612  -0.0010597962
44 14   0.0001278070   0.0802391584  -0.0108829749  -0.0112499435   0.0013599778
44 15   0.0014802764   0.0000918030
45  1   0.0000025705  -0.0000435456   0.0000278519   0.0000078975   0.0000663290
45  2  -0.0000177353  -0.0000079405  -0.0000046168   0.0000244949  -0.0000145158
45  3  -0.0000083105   0.0000122330   0.0000172868  -0.0000159507  -0.0000610729
45  4  -0.0000025550  -0.0000004250   0.0000167949   0.0000279547  -0.0000434218
45  5   0.0000385540   0.0000288562   0.0000182351   0.0000067822  -0.0000387840
45  6  -0.0000757653  -0.0000000009  -0.0000006198   0.0000458252   0.0000201342
45  7  -0.0000344052   0.0000019845  -0.0000278608   0.0000080539  -0.0000128399
45  8  -0.0000129093  -0.0010836250   0.0047647222   0.0016207664   0.0108790970
45  9   0.0032196030  -0.0597191786  -0.0861656106  -0.0214927832   0.1431797957
45 10   0.0343661849  -0.0109398576  -0.0397969595   0.0310293795   0.0265995822
45 11  -0.0678367157   0.0004212877   0.0000150463   0.0030858175   0.0113908529
45 12  -0.0028502436   0.0076593828   0.0014812682  -0.0001171700   0.0067109342
45 13   0.0008353485   0.0054912088  -0.0093789184  -0.0001165469   0.0001355835
45 14  -0.0004835700  -0.0049280957  -0.0046656899   0.0075451916   0.0018966602
45 15  -0.0000874998   0.0073861881
46  1   0.0000027363  -0.0000208395   0.0000163774  -0.0000138306   0.0000151117
46  2   0.0000191106   0.0000083123  -0.0000130337  -0.0000246055   0.0000032754
46  3   0.0000102253  -0.0000147040   0.0000142647  -0.0000336923  -0.0000089648
46  4   0.0000399139   0.0000262740  -0.0000077549   0.0000041143  -0.0000126010
46  5   0.0000192186   0.0000061475   0.0000106362   0.0000137950  -0.0000216140
46  6   0.0000224899  -0.0000036791  -0.0000048304  -0.0000301276  -0.0000242809
46  7   0.0000118309   0.0000346102  -0.0000034504   0.0000325985  -0.0000589704
46  8  -0.0000019532   0.0007293413   0.0004108554  -0.0006859783  -0.0012402248
46  9  -0.0006199559   0.0004790605  -0.2921258811   0.0915182268   0.0343661849
46 10   0.3105024857  -0.0991083510  -0.0382926028  -0.0183420679   0.0116392959
46 11   0.0026263340   0.0009638545  -0.0001932521  -0.0007358147  -0.0017462660
46 12  -0.0044216228   0.0015352185  -0.0011005140   0.0006427148   0.0001839801
46 13   0.0004644583  -0.0007293106  -0.0000928028  -0.0000797799   0.0000742110
46 14  -0.0002102705   0.0020860054   0.0009470692   0.0007740015  -0.0001943301
46 15  -0.0001099635   0.0000735808
47  1  -0.0000030729  -0.0000123227   0.0000078281   0.0000167884   0.0000455079
47  2   0.0000544247  -0.0000174918   0.0000040427   0.0000031579   0.0000068659
47  3  -0.0000000103  -0.0000092069   0.0000063002  -0.0000180279  -0.0000023027
47  4   0.0000209625   0.0000098587  -0.0000035614  -0.0000152130   0.0000007150
47  5   0.0000017132   0.0000093780   0.0000002959   0.0000065946  -0.0000031606
47  6   0.0000435142  -0.0000540161  -0.0000051888  -0.0000123169  -0.0000065819
47  7   0.0000367838   0.0000726367  -0.0000071518   0.0000240483  -0.0000549080
47  8  -0.0000040846  -0.0005888915   0.0012042832  -0.0001425877   0.0309351008
47  9  -0.0062413186  -0.0042765647   0.0914253992  -0.0949175873  -0.0109398576
47 10  -0.0991083510   0.0967363427   0.0115218387  -0.0196728095   0.0114402093
47 11   0.0025558853   0.0006663722   0.0009178798  -0.0003346025  -0.0034125563
47 12  -0.0021240640   0.0009456059  -0.0011074521   0.0004044226   0.0001643994
47 13  -0.0007044872  -0.0010305897   0.0001338189   0.0000654935   0.0001242653
47 14  -0.0000840501  -0.0001990101  -0.0060676920   0.0006777937   0.0016241920
47 15  -0.0005251365  -0.0002084923
48  1  -0.0000051251   0.0000361000  -0.0000272419   0.0000193784  -0.0000232445
48  2   0.0000187662   0.0000279117   0.0000007750  -0.0000079569   0.0000083360
48  3   0.0000029237  -0.0000029193  -0.0000076213   0.0000044945  -0.0000398685
48  4  -0.0000067230  -0.0000042787  -0.0000016249  -0.0000311037   0.0000010759
48  5  -0.0000040413  -0.0000108307  -0.0000059467  -0.0000040453  -0.0000054332
48  6   0.0000161357   0.0000287589  -0.0000038130  -0.0000285542  -0.0000226899
48  7  -0.0000063120  -0.0000022575  -0.0000099763  -0.0000003254   0.0000064534
48  8   0.0000219074  -0.0006380436  -0.0002938672  -0.0035834818  -0.0010170470
48  9   0.0004707660   0.0018750614   0.0343758715  -0.0109509524  -0.0397969595
48 10  -0.0382926028   0.0115218387   0.0303085023   0.0041036046  -0.0021663259
48 11   0.0022112441  -0.0007753932  -0.0001974240  -0.0038737367   0.0014868479
48 12   0.0011000774   0.0068016609   0.0002652834  -0.0000997978   0.0002778834
48 13  -0.0000950198   0.0001415629  -0.0003753016  -0.0002099581  -0.0000867998
48 14  -0.0014164221   0.0008267364   0.0005035192   0.0073614887  -0.0000086177
48 15   0.0000537264   0.0002609927
49  1   0.0000290541  -0.0000461273   0.0000341627  -0.0001654540   0.0002752661
49  2   0.0001700450  -0.0001689721  -0.0000788978  -0.0002551754   0.0000053520
49  3  -0.0000006620   0.0000152966   0.0000899645  -0.0002764630  -0.0000483536
49  4   0.0000024497  -0.0000007069  -0.0000010282  -0.0000059927  -0.0002230266
49  5   0.0002932470   0.0000068631   0.0000140160  -0.0000073604  -0.0002747944
49  6   0.0001167461  -0.0000499238   0.0000147507  -0.0000227106  -0.0000227334
49  7   0.0000876507   0.0003795145  -0.0001150793   0.0000524966  -0.0000912998
49  8  -0.0000078137   0.0014842277   0.0027513387   0.0008062821   0.0467342661
49  9  -0.0616069944  -0.0030931965  -0.2462479128  -0.0676376261   0.0310293795
49 10  -0.0183420679  -0.0196728095   0.0041036046   0.6503220979  -0.0155773478
49 11  -0.0767855378  -0.0659226249   0.0434151880   0.0022120283  -0.3013947489
49 12   0.0389049216   0.0340515513  -0.0182237928   0.0099078002   0.0027175113
49 13   0.0141479200   0.0800236741  -0.0047707057   0.0020723723  -0.0001660494
49 14   0.0008340179  -0.0630400010  -0.0100577867   0.0088312748  -0.0012631037
49 15  -0.0003299572   0.0000585067
50  1   0.0000001689  -0.0000500901  -0.0000038377   0.0000369688  -0.0000114914
50  2   0.0003493198  -0.0000573895  -0.0002249657   0.0002148732   0.0000125783
50  3   0.0000366118  -0.0000760633  -0.0003774406  -0.0000735653   0.0000522115
50  4   0.0001993065   0.0001003528  -0.0000354280  -0.0001259872  -0.0002751877
50  5  -0.0001812846   0.0000537438   0.0000589398   0.0000843850  -0.0001048519
50  6  -0.0000844228  -0.0003217769  -0.0000031970  -0.0000228657   0.0000210239
50  7   0.0003693891   0.0002367148  -0.0000890301   0.0000050359  -0.0000733227
50  8  -0.0000008758   0.0016067432  -0.0056173648   0.0003907131  -0.0186141734
50  9  -0.0420654748   0.0051064222  -0.1299327296  -0.2095541942   0.0265995822
50 10   0.0116392959   0.0114402093  -0.0021663259  -0.0155773478   0.7374561782
50 11  -0.0259853983   0.0431586301  -0.3312756389   0.0071975245   0.1011683606
50 12  -0.1543163201  -0.0109429990  -0.0211608420   0.0109041393   0.0028245160
50 13   0.0370769591  -0.0104596960  -0.0047031070   0.0009729657  -0.0061729659
50 14   0.0005049637  -0.0100224781  -0.0006712868   0.0011965848  -0.0003237089
50 15   0.0007157068  -0.0000359933
51  1   0.0000185339  -0.0000697147   0.0000539539   0.0003359345   0.0004458685
51  2   0.0000004030  -0.0001566929   0.0005175684   0.0000966876  -0.0000261663
51  3  -0.0000758142   0.0000586657  -0.0000461525   0.0000540273  -0.0003365330
51  4  -0.0000120124  -0.0000093423   0.0000054875   0.0002112215  -0.0004381769
51  5  -0.0000263861   0.0000335341   0.0000650294   0.0000394399  -0.0001834819
51  6  -0.0005359530   0.0002159619  -0.0000054560   0.0000863145   0.0000601269
51  7  -0.0001618465  -0.0000988878  -0.0005815531  -0.0000059718   0.0000180361
51  8   0.0000157858   0.0008608280   0.0002187088   0.0075741196  -0.0051248622
51  9   0.0115889009   0.0070670217   0.0339529035   0.0171898793  -0.0678367157
51 10   0.0026263340   0.0025558853   0.0022112441  -0.0767855378  -0.0259853983
51 11   0.1488533236   0.0021972769   0.0072538315  -0.0383657825   0.0311011080
51 12  -0.0015815255  -0.0678563508   0.0042120290  -0.0018638616   0.0026024562
51 13  -0.0027154611  -0.0111799398   0.0086205290   0.0007783399   0.0006726236
51 14   0.0074074077   0.0088386429   0.0012040709  -0.0088854773   0.0000569553
51 15  -0.0000321304  -0.0009938155
52  1  -0.0000454812   0.0000855720  -0.0000535965   0.0002340383  -0.0001016176
52  2  -0.0003324721   0.0001718763  -0.0000691073   0.0003564040  -0.0000236762
52  3   0.0000243274  -0.0000170585  -0.0006059385   0.0000649696   0.0001016699
52  4  -0.0000021266  -0.0000133814  -0.0000068038  -0.0001690618  -0.0000731558
52  5  -0.0004084750  -0.0000240313   0.0000134839   0.0000135639   0.0004144890
52  6  -0.0001005002   0.0001503288  -0.0000232603   0.0000537472   0.0000338584
52  7  -0.0002363243  -0.0000148810   0.0001499202  -0.0001003154   0.0001463610
52  8   0.0000151171   0.0002228161  -0.0013967529   0.0000578039  -0.0036010256
52  9  -0.0029541094   0.0018219137   0.0083455571  -0.0256247382   0.0004212877
52 10   0.0009638545   0.0006663722  -0.0007753932  -0.0659226249   0.0431586301
52 11   0.0021972769   0.0656822261  -0.0463782102  -0.0037132663   0.0002926771
52 12   0.0304951132  -0.0009569367   0.0010503978  -0.0007323440  -0.0007311732
52 13  -0.0053293005   0.0014104733   0.0018287630  -0.0002083640   0.0016229017
52 14  -0.0000142001  -0.0012043687  -0.0003110000   0.0000750458   0.0001179670
52 15   0.0000278465  -0.0002135779
53  1  -0.0000309299   0.0001692057  -0.0000887560   0.0000386981  -0.0005750102
53  2   0.0003567468  -0.0002629441  -0.0002785375   0.0001115350   0.0000770825
53  3   0.0001237725  -0.0000828802  -0.0001518632  -0.0002623593   0.0000278902
53  4   0.0000712504   0.0000617001  -0.0000090129  -0.0002680893  -0.0003200116
53  5  -0.0000269720   0.0000911273   0.0001117543   0.0000485844  -0.0000834402
53  6  -0.0005402032  -0.0003336766   0.0000042362   0.0001624114   0.0000918531
53  7   0.0002682282  -0.0008465575  -0.0000924131  -0.0000659009   0.0001614075
53  8   0.0000131630   0.0003417774  -0.0007520934  -0.0000073459  -0.0036004208
53  9  -0.0002098469   0.0009024975   0.0053338500  -0.0141915001   0.0000150463
53 10  -0.0001932521   0.0009178798  -0.0001974240   0.0434151880  -0.3312756389
53 11   0.0072538315  -0.0463782102   0.3518603617  -0.0081838453  -0.0002305866
53 12  -0.0066161413   0.0005042445   0.0000664161   0.0006038610  -0.0002411978
53 13   0.0019967852   0.0013785979  -0.0000304442  -0.0001524583  -0.0003612659
53 14   0.0000499542  -0.0002985399   0.0007261043  -0.0000239931   0.0000119962
53 15  -0.0000478902  -0.0000573852
54  1  -0.0000224150   0.0000700054  -0.0000772076  -0.0004555216   0.0000935678
54  2  -0.0000747046   0.0004536274  -0.0000524265  -0.0003003157   0.0000243655
54  3   0.0000514179  -0.0000599186   0.0001412371  -0.0000237285   0.0002521315
54  4  -0.0000021758   0.0000062012  -0.0000408029  -0.0005083779   0.0000601182
54  5  -0.0000450797  -0.0000277814  -0.0000485327  -0.0000469105   0.0002246127
54  6  -0.0000539522  -0.0003457737   0.0000062928  -0.0000858144  -0.0000864740
54  7   0.0001600375   0.0000127779   0.0005295834   0.0000130178  -0.0000264682
54  8  -0.0000361887  -0.0000242167   0.0002569186   0.0001592699   0.0018582533
54  9   0.0008126016   0.0072044107  -0.0010419777   0.0046953047   0.0030858175
54 10  -0.0007358147  -0.0003346025  -0.0038737367   0.0022120283   0.0071975245
54 11  -0.0383657825  -0.0037132663  -0.0081838453   0.0273492458   0.0004979504
54 12  -0.0040999260   0.0035742175  -0.0007830794  -0.0001112494  -0.0039533925
54 13   0.0017930560   0.0000688352   0.0070320842   0.0000678180  -0.0002139526
54 14   0.0002001137   0.0000737619  -0.0000288856  -0.0008341872  -0.0002114322
54 15  -0.0000618892  -0.0012463992
55  1  -0.0000520877   0.0000501675  -0.0000289129  -0.0001333394  -0.0000831859
55  2   0.0000524504   0.0001406852  -0.0000414536   0.0002093464   0.0000314034
55  3  -0.0000494665   0.0000537832   0.0002389045   0.0001835825  -0.0000304608
55  4  -0.0003905987  -0.0002118667   0.0000604064   0.0000478408  -0.0000457699
55  5  -0.0002390965   0.0000201674  -0.0000293919  -0.0000512370  -0.0001504172
55  6  -0.0001029215   0.0000007355  -0.0000454351   0.0000617291   0.0000519952
55  7  -0.0002938408   0.0001308135   0.0000360960  -0.0000364755   0.0000442076
55  8   0.0000058768  -0.0000674382   0.0010413158  -0.0001393474  -0.0254813941
55  9   0.0321125580   0.0009912407  -0.0536861089  -0.0399074265   0.0113908529
55 10  -0.0017462660  -0.0034125563   0.0014868479  -0.3013947489   0.1011683606
55 11   0.0311011080   0.0002926771  -0.0002305866   0.0004979504   0.6901298511
55 12   0.0311268600  -0.0856571303  -0.2184606564  -0.1322004415   0.0336968754
55 13  -0.1306745352   0.0015540135   0.0107455249  -0.0012544366   0.0309852935
55 14  -0.0009905223   0.0465303648  -0.0180261104  -0.0051405677  -0.0035641155
55 15  -0.0041177241   0.0018961848
56  1  -0.0000179898   0.0000318806   0.0000043051   0.0000233812  -0.0001851457
56  2  -0.0002792931   0.0000384178   0.0000532240  -0.0000773605   0.0000028245
56  3  -0.0000182044   0.0000470833   0.0003720488  -0.0002433773  -0.0000773560
56  4  -0.0001558192  -0.0000663207   0.0000272864   0.0000638897   0.0000275952
56  5   0.0000682189  -0.0000062111  -0.0000103803  -0.0000463594   0.0001059525
56  6  -0.0001573172   0.0002541672  -0.0000178496   0.0000260595  -0.0000005728
56  7  -0.0003224452  -0.0002972304   0.0000847444  -0.0000135849   0.0000455311
56  8   0.0000040467   0.0010140486  -0.0005022312  -0.0001629210   0.0325830044
56  9  -0.0395807970  -0.0034002164   0.0029050792   0.0595742039  -0.0028502436
56 10  -0.0044216228  -0.0021240640   0.0011000774   0.0389049216  -0.1543163201
56 11  -0.0015815255   0.0304951132  -0.0066161413  -0.0040999260   0.0311268600
56 12   0.6892915007  -0.0310541665  -0.1315277689  -0.1676839116   0.0260036336
56 13   0.0639234147  -0.3284813059   0.0031872157  -0.0005408206  -0.0060355002
56 14   0.0004552681  -0.0615972898  -0.0424494051   0.0115712636  -0.0029375544
56 15  -0.0002823426   0.0008226304
57  1   0.0000256559  -0.0000328223   0.0000133981   0.0001658887   0.0000117370
57  2  -0.0000298253  -0.0000683282   0.0000961407  -0.0000780088  -0.0000185627
57  3  -0.0000748177   0.0000492798  -0.0000429684  -0.0000355749   0.0000127444
57  4   0.0000580581   0.0000395733  -0.0000691005   0.0000239988  -0.0000983673
57  5  -0.0000173734   0.0000346494   0.0000957810   0.0000662890  -0.0001396220
57  6   0.0000199782   0.0000094652  -0.0000068330   0.0000160849   0.0000058942
57  7   0.0000769028  -0.0000201665   0.0001078032   0.0000084319  -0.0000068103
57  8   0.0000098598  -0.0001364104  -0.0001643219  -0.0006294925   0.0009711764
57  9  -0.0033246373  -0.0086068102   0.0093346569   0.0036264299   0.0076593828
57 10   0.0015352185   0.0009456059   0.0068016609   0.0340515513  -0.0109429990
57 11  -0.0678563508  -0.0009569367   0.0005042445   0.0035742175  -0.0856571303
57 12  -0.0310541665   0.1455761749   0.0336906115   0.0261300605  -0.0420637945
57 13   0.0077898261   0.0125299338  -0.0608057512   0.0005047414  -0.0042778049
57 14   0.0020531165  -0.0030847141   0.0050169530   0.0068122045   0.0018401381
57 15   0.0009999660   0.0074050163
58  1   0.0000193136  -0.0000121679   0.0000214921  -0.0000504018   0.0000152943
58  2  -0.0000210826  -0.0001577601  -0.0000987294  -0.0001664375   0.0000112971
58  3   0.0000680722  -0.0000363933   0.0002298585  -0.0003393911  -0.0000399712
58  4   0.0001389520   0.0000173260  -0.0000050451  -0.0000801352  -0.0000982348
58  5   0.0002265916   0.0000156225   0.0000462416   0.0000090773  -0.0000022795
58  6   0.0000179642   0.0000237824   0.0000141002  -0.0000145452  -0.0000281857
58  7   0.0000931246  -0.0000310413  -0.0000273109   0.0000318624  -0.0000225820
58  8  -0.0000075938  -0.0000139784  -0.0001369540  -0.0002039787  -0.0001153382
58  9   0.0010196671  -0.0000927369  -0.0041401840   0.0038035131   0.0014812682
58 10  -0.0011005140  -0.0011074521   0.0002652834  -0.0182237928  -0.0211608420
58 11   0.0042120290   0.0010503978   0.0000664161  -0.0007830794  -0.2184606564
58 12  -0.1315277689   0.0336906115   0.2308399962   0.1429757318  -0.0376257914
58 13   0.0074660234   0.0051601029  -0.0010655529   0.0007313533  -0.0006249418
58 14  -0.0006430478   0.0014691790   0.0016226379   0.0008330432   0.0002339598
58 15   0.0003616834  -0.0000169715
59  1  -0.0000265359  -0.0000011967  -0.0000059753   0.0000465486  -0.0000008263
59  2  -0.0000228434   0.0001047651   0.0000388711   0.0002055331   0.0000020508
59  3   0.0000210282  -0.0000259524   0.0000061016  -0.0001294897  -0.0000112773
59  4  -0.0001226623  -0.0002458351   0.0000248985   0.0000267280   0.0000543323
59  5  -0.0002154163   0.0000099138   0.0000193208   0.0000205650   0.0000588497
59  6   0.0000014179   0.0000070361  -0.0000229569  -0.0000023034   0.0000147510
59  7  -0.0000255830  -0.0001052574   0.0000049167  -0.0000095341   0.0000164210
59  8   0.0000013840  -0.0001152015   0.0000554193  -0.0000506678   0.0009764269
59  9  -0.0004635024  -0.0001515167   0.0028796448   0.0001579882  -0.0001171700
59 10   0.0006427148   0.0004044226  -0.0000997978   0.0099078002   0.0109041393
59 11  -0.0018638616  -0.0007323440   0.0006038610  -0.0001112494  -0.1322004415
59 12  -0.1676839116   0.0261300605   0.1429757318   0.1758684946  -0.0286065563
59 13  -0.0261265138  -0.0143965571   0.0047045438   0.0003945617   0.0011957204
59 14  -0.0002914770   0.0027013069  -0.0054042459   0.0002039343  -0.0013513716
59 15  -0.0009083110   0.0002561385
60  1  -0.0000129783   0.0000076318  -0.0000034585  -0.0002124546   0.0000032716
60  2   0.0000354759   0.0000715397  -0.0000756447   0.0001001809   0.0000037132
60  3   0.0000728116  -0.0000823286  -0.0000453518   0.0000410582   0.0000029991
60  4  -0.0000015382   0.0000038303   0.0001076631  -0.0000035262   0.0001245653
60  5   0.0000687274  -0.0000409389  -0.0000993222  -0.0000922055   0.0002262999
60  6  -0.0000090190  -0.0000437906   0.0000083807  -0.0000031994   0.0000013518
60  7  -0.0000414441   0.0000032538  -0.0001456050  -0.0000091893   0.0000031423
60  8  -0.0000177745  -0.0002049834  -0.0000493879  -0.0013798911  -0.0000956649
60  9  -0.0001558885  -0.0004147764   0.0015345030  -0.0002505454   0.0067109342
60 10   0.0001839801   0.0001643994   0.0002778834   0.0027175113   0.0028245160
60 11   0.0026024562  -0.0007311732  -0.0002411978  -0.0039533925   0.0336968754
60 12   0.0260036336  -0.0420637945  -0.0376257914  -0.0286065563   0.0323481378
60 13   0.0004275218   0.0000049442   0.0019343266  -0.0006935178  -0.0001395293
60 14  -0.0036416319   0.0007833554   0.0003725468   0.0074210033   0.0000648719
60 15   0.0000006857   0.0002275094
61  1   0.0000212088  -0.0000046639   0.0000120285   0.0000177904   0.0000421260
61  2   0.0000333925  -0.0001057547  -0.0000587848  -0.0001206988   0.0000054652
61  3   0.0000362717  -0.0000231230  -0.0000501031  -0.0002095276   0.0000148811
61  4   0.0001915249   0.0001336261  -0.0000351595  -0.0000546985  -0.0000761771
61  5   0.0001409853   0.0000178489   0.0000449151   0.0000318755  -0.0000476274
61  6   0.0000571829  -0.0000442848   0.0000123909  -0.0000035888  -0.0000181191
61  7   0.0001455270   0.0000526701  -0.0000114538   0.0000250465  -0.0000292581
61  8  -0.0000040728  -0.0041133493   0.0027831018   0.0016202741  -0.0538593569
61  9   0.0034017759   0.0090091098  -0.0076724697  -0.0220633441   0.0008353485
61 10   0.0004644583  -0.0007044872  -0.0000950198   0.0141479200   0.0370769591
61 11  -0.0027154611  -0.0053293005   0.0019967852   0.0017930560  -0.1306745352
61 12   0.0639234147   0.0077898261   0.0074660234  -0.0261265138   0.0004275218
61 13   0.7092240565  -0.0280482774  -0.0862464587  -0.2922658404   0.0913800235
61 14   0.0344099616  -0.2459186537  -0.1297551909   0.0345069941   0.0083524284
61 15   0.0061509616  -0.0013114035
62  1   0.0000029052   0.0000110554  -0.0000138210   0.0000710158   0.0000094788
62  2  -0.0000581350  -0.0000166961   0.0000511918  -0.0000131239  -0.0000235625
62  3  -0.0000374291   0.0000225940  -0.0000936765  -0.0000026405   0.0000292310
62  4   0.0000148524   0.0000148008  -0.0000044076  -0.0000106573   0.0000582568
62  5   0.0000162569  -0.0000349694  -0.0000420519  -0.0000151670   0.0000737852
62  6   0.0000238867   0.0000211416   0.0000071504   0.0000099957   0.0000117399
62  7   0.0000064613  -0.0000331373   0.0000122432  -0.0000209417   0.0000284768
62  8   0.0000031097   0.0039224432   0.0001948238  -0.0002412336  -0.0404109083
62  9   0.0593267770   0.0035985690  -0.0214190082  -0.0570406411   0.0054912088
62 10  -0.0007293106  -0.0010305897   0.0001415629   0.0800236741  -0.0104596960
62 11  -0.0111799398   0.0014104733   0.0013785979   0.0000688352   0.0015540135
62 12  -0.3284813059   0.0125299338   0.0051601029  -0.0143965571   0.0000049442
62 13  -0.0280482774   0.6683629645  -0.0214680848   0.0912806295  -0.0948689846
62 14  -0.0108691228  -0.0673229600  -0.2074944283   0.0172727498  -0.0253965388
62 15  -0.0155828445   0.0046389157
63  1   0.0000026374   0.0000057852  -0.0000081663   0.0000355127  -0.0000740968
63  2  -0.0000250419   0.0000148559   0.0000458447  -0.0000241728  -0.0000007145
63  3  -0.0000212577   0.0000288718   0.0000275630   0.0000302568   0.0000096251
63  4  -0.0000322575  -0.0000213249  -0.0000184493   0.0000025627  -0.0000260666
63  5  -0.0000550202   0.0000135915   0.0000150761   0.0000214285  -0.0000651328
63  6   0.0000528230  -0.0000129273  -0.0000103398  -0.0000039410  -0.0000022019
63  7   0.0000032796  -0.0000078883   0.0001162903  -0.0000013876   0.0000029324
63  8   0.0000039607   0.0015646033  -0.0000698812   0.0072955314   0.0110825348
63  9  -0.0030083755   0.0054437509   0.0008018362   0.0055907539  -0.0093789184
63 10  -0.0000928028   0.0001338189  -0.0003753016  -0.0047707057  -0.0047031070
63 11   0.0086205290   0.0018287630  -0.0000304442   0.0070320842   0.0107455249
63 12   0.0031872157  -0.0608057512  -0.0010655529   0.0047045438   0.0019343266
63 13  -0.0862464587  -0.0214680848   0.1419423222   0.0344193128  -0.0108900275
63 14  -0.0394186718   0.0315566119   0.0266664680  -0.0638944450   0.0001861628
63 15  -0.0001110230   0.0015703472
64  1  -0.0000037203  -0.0000063558   0.0000009122   0.0000156907   0.0000132678
64  2   0.0000142283  -0.0000084770   0.0000119401   0.0000291947  -0.0000007025
64  3  -0.0000038414  -0.0000032216  -0.0000173150   0.0000252220   0.0000016540
64  4  -0.0000028250  -0.0000102138   0.0000016750  -0.0000137958   0.0000113303
64  5  -0.0000221413  -0.0000006856  -0.0000051100   0.0000010878   0.0000098229
64  6   0.0000132828  -0.0000203415  -0.0000028878  -0.0000079726  -0.0000006846
64  7   0.0000203646   0.0000156681  -0.0000038386  -0.0000003396  -0.0000095537
64  8  -0.0000000496  -0.0010719834   0.0006363021   0.0001732674  -0.0017151042
64  9  -0.0044985852   0.0015948415   0.0005058851  -0.0006845612  -0.0001165469
64 10  -0.0000797799   0.0000654935  -0.0002099581   0.0020723723   0.0009729657
64 11   0.0007783399  -0.0002083640  -0.0001524583   0.0000678180  -0.0012544366
64 12  -0.0005408206   0.0005047414   0.0007313533   0.0003945617  -0.0006935178
64 13  -0.2922658404   0.0912806295   0.0344193128   0.3105233861  -0.0989935993
64 14  -0.0382758686  -0.0181896979   0.0118055946   0.0024463972   0.0009570799
64 15  -0.0003331863  -0.0006873014
65  1  -0.0000013928   0.0000090352  -0.0000020991  -0.0000208040  -0.0000238404
65  2  -0.0000337870   0.0000090758  -0.0000108644  -0.0000237719   0.0000047692
65  3   0.0000002068   0.0000087348   0.0000610072   0.0000009760  -0.0000103085
65  4  -0.0000202215  -0.0000119006   0.0000049584   0.0000160754  -0.0000076522
65  5   0.0000236513   0.0000008362  -0.0000015946  -0.0000119036  -0.0000082000
65  6  -0.0000208194   0.0000345201  -0.0000002833   0.0000080425   0.0000017026
65  7  -0.0000536553  -0.0000313889   0.0000086467  -0.0000027867   0.0000111535
65  8   0.0000002225  -0.0011034706   0.0003837333   0.0001615272  -0.0033527582
65  9  -0.0021445510   0.0009581039  -0.0007046601  -0.0010597962   0.0001355835
65 10   0.0000742110   0.0001242653  -0.0000867998  -0.0001660494  -0.0061729659
65 11   0.0006726236   0.0016229017  -0.0003612659  -0.0002139526   0.0309852935
65 12  -0.0060355002  -0.0042778049  -0.0006249418   0.0011957204  -0.0001395293
65 13   0.0913800235  -0.0948689846  -0.0108900275  -0.0989935993   0.0967090180
65 14   0.0114789704  -0.0197564270   0.0113385614   0.0025212230   0.0006550565
65 15   0.0009704120  -0.0003204838
66  1  -0.0000039613   0.0000057163  -0.0000019664  -0.0000069923  -0.0000009085
66  2  -0.0000053524  -0.0000112689   0.0000015481   0.0000091916   0.0000008317
66  3   0.0000056802  -0.0000085320  -0.0000019299  -0.0000033618  -0.0000088189
66  4   0.0000031778   0.0000024201   0.0000087601   0.0000180357  -0.0000044387
66  5   0.0000144228  -0.0000040972  -0.0000047903  -0.0000076218  -0.0000004597
66  6  -0.0000006563  -0.0000055259   0.0000045248  -0.0000043660  -0.0000031669
66  7  -0.0000004917  -0.0000016490  -0.0000012842  -0.0000001546   0.0000008970
66  8  -0.0000006731   0.0002554011  -0.0001009365   0.0002436543   0.0015412111
66  9   0.0011334416   0.0071830828  -0.0001182949   0.0001278070  -0.0004835700
66 10  -0.0002102705  -0.0000840501  -0.0014164221   0.0008340179   0.0005049637
66 11   0.0074074077  -0.0000142001   0.0000499542   0.0002001137  -0.0009905223
66 12   0.0004552681   0.0020531165  -0.0006430478  -0.0002914770  -0.0036416319
66 13   0.0344099616  -0.0108691228  -0.0394186718  -0.0382758686   0.0114789704
66 14   0.0301769966   0.0039490560  -0.0022284930   0.0013033267  -0.0007346579
66 15  -0.0001724170  -0.0035968356
67  1   0.0000014345  -0.0000136603   0.0000106785  -0.0000350539  -0.0000100651
67  2   0.0000308479   0.0000125344  -0.0000334773  -0.0000090836   0.0000091716
67  3   0.0000190665  -0.0000140111   0.0000479533  -0.0000093928  -0.0000173439
67  4  -0.0000058547   0.0000021855   0.0000024150   0.0000118554  -0.0000267848
67  5   0.0000135538   0.0000149263   0.0000188066   0.0000107964  -0.0000570419
67  6  -0.0000128861  -0.0000241684  -0.0000028924  -0.0000137860  -0.0000114285
67  7   0.0000069955   0.0000407050  -0.0000127632   0.0000160075  -0.0000206751
67  8  -0.0000026782  -0.0176848305   0.0103363057   0.0024374180  -0.3017316990
67  9   0.0383099551   0.0349797528   0.0139966146   0.0802391584  -0.0049280957
67 10   0.0020860054  -0.0001990101   0.0008267364  -0.0630400010  -0.0100224781
67 11   0.0088386429  -0.0012043687  -0.0002985399   0.0000737619   0.0465303648
67 12  -0.0615972898  -0.0030847141   0.0014691790   0.0027013069   0.0007833554
67 13  -0.2459186537  -0.0673229600   0.0315566119  -0.0181896979  -0.0197564270
67 14   0.0039490560   0.6492727791  -0.0153694431  -0.0780801126  -0.0656057276
67 15   0.0430393859   0.0026707726
68  1   0.0000084453   0.0000073715   0.0000024563  -0.0000598473  -0.0000232999
68  2  -0.0000237468   0.0000075116  -0.0000510060  -0.0000834140   0.0000005969
68  3   0.0000119458   0.0000019710   0.0000493941  -0.0000667408  -0.0000188135
68  4   0.0000283510   0.0000281517  -0.0000045992   0.0000496472  -0.0000559209
68  5   0.0000717917   0.0000004499   0.0000104653  -0.0000041407  -0.0000413565
68  6  -0.0000273056   0.0000491115   0.0000095306   0.0000061461  -0.0000049764
68  7  -0.0000235183  -0.0000160319   0.0000063958   0.0000047909   0.0000109162
68  8   0.0000006324  -0.0212152891   0.0108694593   0.0027634167   0.1007541279
68  9  -0.1533426949  -0.0106833020   0.0365432153  -0.0108829749  -0.0046656899
68 10   0.0009470692  -0.0060676920   0.0005035192  -0.0100577867  -0.0006712868
68 11   0.0012040709  -0.0003110000   0.0007261043  -0.0000288856  -0.0180261104
68 12  -0.0424494051   0.0050169530   0.0016226379  -0.0054042459   0.0003725468
68 13  -0.1297551909  -0.2074944283   0.0266664680   0.0118055946   0.0113385614
68 14  -0.0022284930  -0.0153694431   0.7293714627  -0.0262625773   0.0430281801
68 15  -0.3258275512   0.0073493051
69  1   0.0000011558   0.0000014430  -0.0000017293  -0.0000054894   0.0000053954
69  2   0.0000002302   0.0000028591   0.0000079492   0.0000050239  -0.0000009747
69  3  -0.0000019994  -0.0000003923  -0.0000068214   0.0000179561  -0.0000069954
69  4  -0.0000002487  -0.0000025662   0.0000037141  -0.0000059469   0.0000089647
69  5  -0.0000004409  -0.0000037577  -0.0000073172  -0.0000049107   0.0000187644
69  6  -0.0000002659  -0.0000026692  -0.0000026899   0.0000031481   0.0000023812
69  7  -0.0000036654  -0.0000108539  -0.0000233925  -0.0000025692   0.0000026966
69  8   0.0000007102   0.0039393958  -0.0019893754   0.0012826406   0.0320000626
69  9  -0.0012919650  -0.0625602333  -0.0028490707  -0.0112499435   0.0075451916
69 10   0.0007740015   0.0006777937   0.0073614887   0.0088312748   0.0011965848
69 11  -0.0088854773   0.0000750458  -0.0000239931  -0.0008341872  -0.0051405677
69 12   0.0115712636   0.0068122045   0.0008330432   0.0002039343   0.0074210033
69 13   0.0345069941   0.0172727498  -0.0638944450   0.0024463972   0.0025212230
69 14   0.0013033267  -0.0780801126  -0.0262625773   0.1394623209   0.0026729201
69 15   0.0073497546  -0.0349853628
70  1   0.0000016687  -0.0000041539   0.0000035629  -0.0000004189   0.0000067159
70  2   0.0000050372  -0.0000080049  -0.0000080910  -0.0000119255   0.0000007706
70  3   0.0000038839  -0.0000040208  -0.0000023510  -0.0000172785   0.0000004394
70  4   0.0000198952   0.0000133221  -0.0000029602  -0.0000025446  -0.0000045418
70  5   0.0000157044   0.0000013619   0.0000026778   0.0000029328   0.0000010329
70  6   0.0000041880  -0.0000027541   0.0000010256  -0.0000048237  -0.0000042479
70  7   0.0000112022   0.0000068773  -0.0000034909   0.0000054574  -0.0000104442
70  8  -0.0000007887   0.0010656105  -0.0006591659  -0.0006927893   0.0002562692
70  9   0.0306493629  -0.0012449128  -0.0053569757   0.0013599778   0.0018966602
70 10  -0.0001943301   0.0016241920  -0.0000086177  -0.0012631037  -0.0003237089
70 11   0.0000569553   0.0001179670   0.0000119962  -0.0002114322  -0.0035641155
70 12  -0.0029375544   0.0018401381   0.0002339598  -0.0013513716   0.0000648719
70 13   0.0083524284  -0.0253965388   0.0001861628   0.0009570799   0.0006550565
70 14  -0.0007346579  -0.0656057276   0.0430281801   0.0026729201   0.0649718428
70 15  -0.0466487578  -0.0038227871
71  1   0.0000054166   0.0000070115   0.0000005812  -0.0000148427  -0.0000105546
71  2  -0.0000159254  -0.0000020019  -0.0000196142  -0.0000322837  -0.0000002706
71  3   0.0000117423  -0.0000023711   0.0000061580  -0.0000334905  -0.0000010029
71  4   0.0000195597   0.0000235236  -0.0000033197   0.0000090483  -0.0000188512
71  5   0.0000308308   0.0000004247   0.0000120328   0.0000028209  -0.0000089218
71  6  -0.0000107026   0.0000206434   0.0000051164   0.0000068302  -0.0000023732
71  7  -0.0000091641  -0.0000125849   0.0000012510   0.0000032096   0.0000086731
71  8  -0.0000003788   0.0003261777   0.0008641558  -0.0002676387  -0.0009089517
71  9  -0.0076978690   0.0005811290   0.0025287533   0.0014802764  -0.0000874998
71 10  -0.0001099635  -0.0005251365   0.0000537264  -0.0003299572   0.0007157068
71 11  -0.0000321304   0.0000278465  -0.0000478902  -0.0000618892  -0.0041177241
71 12  -0.0002823426   0.0009999660   0.0003616834  -0.0009083110   0.0000006857
71 13   0.0061509616  -0.0155828445  -0.0001110230  -0.0003331863   0.0009704120
71 14  -0.0001724170   0.0430393859  -0.3258275512   0.0073497546  -0.0466487578
71 15   0.3468773787  -0.0082511360
72  1  -0.0000023576   0.0000021932  -0.0000013710  -0.0000134943   0.0000086738
72  2   0.0000090126   0.0000047694  -0.0000093261   0.0000071653   0.0000017433
72  3   0.0000031125  -0.0000036484   0.0000002984   0.0000052023   0.0000019435
72  4  -0.0000032255  -0.0000032558   0.0000039373  -0.0000006681   0.0000156441
72  5   0.0000021922  -0.0000039739  -0.0000059025  -0.0000041248   0.0000191714
72  6  -0.0000088140   0.0000047527   0.0000012578  -0.0000018199  -0.0000007112
72  7  -0.0000041066  -0.0000025369  -0.0000182111  -0.0000008864   0.0000011165
72  8   0.0000005266  -0.0007401079  -0.0001187484  -0.0036273350   0.0002565779
72  9  -0.0041708411   0.0018157665   0.0018379985   0.0000918030   0.0073861881
72 10   0.0000735808  -0.0002084923   0.0002609927   0.0000585067  -0.0000359933
72 11  -0.0009938155  -0.0002135779  -0.0000573852  -0.0012463992   0.0018961848
72 12   0.0008226304   0.0074050163  -0.0000169715   0.0002561385   0.0002275094
72 13  -0.0013114035   0.0046389157   0.0015703472  -0.0006873014  -0.0003204838
72 14  -0.0035968356   0.0026707726   0.0073493051  -0.0349853628  -0.0038227871
72 15  -0.0082511360   0.0257824643
$end
