$hessapprox internal
  0.338855265548D+00  0.198688874543D-02  0.269769493663D-02 -0.733753237754D-02
 -0.937685082769D-02  0.806863553180D-01 -0.265635266991D-02 -0.197705640414D-02
 -0.103228841087D-01  0.208315680302D+00 -0.119422254287D-02  0.474042117653D-03
 -0.990072258119D-04 -0.472987099925D-03  0.257141376188D+00 -0.293805309659D-02
  0.381426443375D-03 -0.623971423649D-03 -0.228965420831D-02 -0.571121317655D-03
  0.292739978803D+00  0.161704363994D-02 -0.475121334335D-04  0.488446503358D-03
 -0.395222745742D-02  0.126242822045D-02  0.233824004773D-02  0.767320938076D-01
 -0.154858367682D-02 -0.796473900472D-03  0.285944542550D-02  0.129975645760D-02
 -0.105660747149D-02 -0.221689206551D-02  0.205154886339D-03  0.318391368810D+00
 -0.142114517716D-02 -0.323495486799D-03 -0.142979856444D-02  0.192239977553D-02
 -0.547636951398D-03 -0.543363832201D-02  0.111040762411D-02 -0.103461162098D-03
  0.304623502142D+00  0.334612306063D-04 -0.766982426678D-03  0.123586524274D-02
  0.178707079937D-03  0.114991275557D-02  0.108606756219D-02  0.232787910156D-01
 -0.369537897396D-03  0.362303821187D-03  0.819642202255D-01 -0.178770430933D-02
 -0.835325873322D-04  0.195033744229D-02 -0.704911439096D-04 -0.260629866314D-03
 -0.144374186161D-02  0.465403878716D-03 -0.635836415560D-03 -0.383283949512D-03
  0.755013894113D-03  0.258917940515D+00 -0.366423044604D-02 -0.417181887838D-03
 -0.251926292980D-02 -0.106801232264D-02 -0.890426108071D-03 -0.111333876990D-01
  0.236191475225D-02 -0.160533324703D-02 -0.531608814919D-02  0.840454344836D-03
 -0.146873985732D-02  0.291701356778D+00  0.176553017426D-02  0.112309057869D-02
 -0.479279322807D-02 -0.355362896231D-02  0.170116788797D-02 -0.169866040637D-02
 -0.976405377054D-02 -0.456239956155D-03 -0.144189077955D-02 -0.723566966130D-02
  0.145407772985D-02 -0.280518426542D-02  0.904766169270D-01 -0.673489365984D-03
  0.990698719058D-03 -0.171224853705D-02 -0.200548020777D-02 -0.181757436358D-03
 -0.339796223370D-03  0.897013100699D-03 -0.161456722998D-02 -0.976606862526D-03
  0.101910224392D-02 -0.745174156736D-03 -0.109623876616D-02  0.121274829142D-02
  0.320721847958D+00 -0.155716104043D-02  0.175512972879D-03 -0.593181458214D-03
 -0.770010221750D-03 -0.360110300573D-03 -0.543855504759D-02  0.109397848056D-02
 -0.803760951475D-03 -0.252930751026D-02  0.373665706633D-03 -0.670425662445D-03
 -0.558829661555D-02 -0.138794348888D-02 -0.456228359046D-03  0.304019089463D+00
  0.267480497541D-02 -0.108409551203D-02  0.767273806013D-03  0.476172374480D-02
  0.131139483084D-02 -0.644459847257D-03 -0.100758062919D-01  0.339184798372D-02
  0.767016808422D-03 -0.164650023360D-02  0.225204937562D-02  0.109139709038D-02
  0.265066545251D-01 -0.112141729838D-02  0.574140150094D-03  0.799131046987D-01
 -0.119081682228D-02  0.278545940296D-03 -0.155447339381D-03 -0.136840888326D-03
  0.133352316579D-02  0.306022551874D-03  0.105942614809D-02 -0.162517796623D-02
 -0.985334278821D-03  0.286178681146D-02  0.894691652135D-03 -0.693830992325D-03
  0.856628234336D-02  0.108861637126D-02 -0.131583551499D-03 -0.317972511406D-03
  0.215900633330D+00 -0.177787080965D-02 -0.267218454039D-03 -0.696450293261D-03
  0.704171869905D-03 -0.701650203296D-03 -0.568463866267D-02  0.997768231749D-03
 -0.655419278025D-03 -0.251486562185D-02  0.451178361738D-03 -0.783619472468D-03
 -0.573337160911D-02 -0.104253470817D-02 -0.894160704812D-03 -0.281391004905D-02
  0.681928944373D-03 -0.725978625427D-03  0.296224519725D+00 -0.263191294423D-02
  0.134363364419D-03  0.353959609626D-02 -0.313894588677D-02 -0.835515023932D-03
  0.179022002931D-02  0.124976838036D-01 -0.375500106771D-03  0.109714233747D-02
  0.453456349603D-02 -0.103084725025D-02  0.230837596833D-02 -0.295530268638D-02
 -0.125738383558D-02  0.865906298068D-03 -0.166853491448D-01 -0.276891705982D-03
  0.110951130582D-02  0.101123171156D+00  0.296993292194D-03  0.112121470781D-03
 -0.810537559455D-03  0.469856396611D-02 -0.114660242168D-02 -0.881200974907D-03
  0.926146821516D-03  0.883435601260D-03  0.146991772827D-03 -0.120052590476D-02
  0.605470492675D-04  0.215623856742D-03 -0.780506141494D-03 -0.150346143529D-02
 -0.115286883427D-03  0.306054020044D-02 -0.265218406439D-02  0.154779348297D-04
  0.962659609177D-03  0.339535385466D+00 -0.877800947858D-03 -0.161602797140D-04
  0.148279032263D-02  0.362213671269D-03 -0.681771698275D-03 -0.262905144071D-02
  0.162850998359D-02 -0.139581124044D-03 -0.130812913867D-02 -0.116370713750D-02
 -0.500592822513D-03 -0.254037903550D-02 -0.963409418919D-03 -0.675893353876D-03
 -0.129610835488D-02  0.110577412115D-03 -0.108848733462D-02 -0.116105707661D-02
  0.709331548344D-03 -0.169271253169D-03  0.291684944506D+00 -0.561030253636D-03
  0.116803534673D-02 -0.336885207351D-02 -0.419089221109D-02  0.198767499871D-03
  0.444995893996D-03 -0.599647830305D-02 -0.345238359505D-03  0.123091658592D-03
  0.424594430234D-03 -0.489878947340D-03  0.307381462746D-03 -0.519395035037D-02
  0.354664366841D-03  0.101021733236D-03  0.243491990539D-02  0.733964764230D-03
  0.268115127859D-03 -0.163036820245D-02  0.125097931388D-02  0.116125384842D-02
  0.629618385459D-01 -0.276504118690D-02 -0.670303019947D-04  0.340561370298D-02
  0.412993448351D-02  0.142343868148D-02 -0.237312296966D-02  0.279469175445D-02
  0.773361949423D-03 -0.746799867301D-03 -0.685300269500D-02  0.234957810271D-02
 -0.117288477579D-02 -0.154173851065D-02 -0.182962008326D-02 -0.115892072883D-02
  0.836101687346D-02  0.887393043313D-02 -0.258171047875D-03 -0.259675081161D-03
 -0.706170263568D-03  0.109872757617D-03  0.510417558697D-03  0.208023343956D+00
 -0.349440658235D-02  0.139057487335D-03  0.843207191641D-03  0.211836022917D-02
 -0.170261270827D-02 -0.118100981725D-01  0.199611171400D-02 -0.208103584673D-02
 -0.615620589329D-02  0.114610505740D-02 -0.164544845959D-02 -0.120084739822D-01
  0.134237337412D-02 -0.184305900638D-02 -0.596347896126D-02 -0.126311835882D-02
 -0.142799270517D-02 -0.594521693704D-02  0.177060962936D-02 -0.193662104002D-02
 -0.358493974232D-02  0.925681006551D-03 -0.399748054081D-02  0.266360047043D+00
 -0.213953496525D-03 -0.599685428769D-03  0.894739843290D-03 -0.473866755921D-03
  0.171222426527D-02  0.269802641621D-02  0.283805577049D-02  0.816104232360D-03
  0.605505293515D-03 -0.401955255683D-02  0.197328542851D-02  0.249382826117D-02
  0.244283177160D-02  0.123333796074D-02  0.132768650041D-02 -0.352971209480D-02
  0.234077753731D-03  0.116742642212D-02  0.139901216710D-02  0.944915389181D-03
 -0.223489883946D-04 -0.167332093437D-01  0.546126818461D-02 -0.256074208661D-03
  0.927846867593D-01 -0.609238482799D-02 -0.146696950560D-02  0.161450272245D-01
 -0.113402393937D-01  0.293769149974D-02 -0.159052474452D-02 -0.375111303108D-02
 -0.339947474150D-02 -0.212876194505D-02  0.827930449779D-02  0.681938171407D-03
 -0.390437402431D-02  0.115272005222D-01  0.206821554126D-02 -0.181215436528D-02
 -0.179061421159D-02  0.128775481084D-01 -0.198371647657D-02  0.782478053628D-03
 -0.845824037559D-03 -0.920417447430D-03 -0.559998807008D-03  0.153364787241D-01
 -0.914100853754D-03  0.369645083400D-02  0.210063163513D+00 -0.225141646206D-02
 -0.161667400371D-04 -0.248248832081D-02  0.483876000088D-02 -0.207805781183D-02
 -0.134816597270D-01  0.167256842006D-02 -0.171010943064D-02 -0.664761633629D-02
 -0.137290424596D-02 -0.156000793766D-02 -0.128357604405D-01  0.234104255810D-03
 -0.247696763781D-02 -0.683980787700D-02 -0.148680621964D-02 -0.248272435407D-02
 -0.641586003212D-02  0.229714911055D-02 -0.289169937020D-02 -0.300008076070D-02
  0.827158309791D-03 -0.326983036631D-02 -0.181130570431D-01 -0.144298216474D-02
 -0.157513920286D-02  0.263421488554D+00 -0.512758130843D-03  0.191267752377D-03
  0.142979371324D-02 -0.590291096983D-03  0.491264672747D-03 -0.177406886983D-02
  0.379522940095D-02  0.109110151466D-02 -0.382242579738D-03 -0.445343212774D-02
  0.705188902198D-03 -0.122936994498D-02  0.139455881346D-03 -0.614335822481D-03
 -0.710032580067D-03  0.279372212873D-02 -0.130674959334D-02 -0.520297821585D-03
  0.295682810144D-02 -0.270147303539D-03 -0.580331009141D-03 -0.136018797042D-02
  0.144403260543D-02 -0.298176554383D-02  0.120941200192D-01 -0.158442052232D-02
 -0.281883966169D-02  0.997694842598D-01 -0.310062178023D-02  0.955929180928D-03
  0.124933491362D-02 -0.137679607856D-02  0.243344410311D-02 -0.222349823998D-02
  0.274066942013D-02 -0.859699241620D-03 -0.158960805485D-02 -0.504329168580D-02
  0.202689621200D-02 -0.259450593671D-02 -0.617281736967D-04 -0.896192316636D-04
 -0.151983696461D-02  0.470753518749D-02  0.119599925434D-01 -0.106925492471D-02
 -0.284139484549D-02 -0.116189363865D-02 -0.363285044646D-03 -0.124767082668D-02
  0.392830469712D-01 -0.370513804166D-02  0.530007964775D-02  0.169693437385D-01
 -0.214347332067D-02  0.170629428031D-02  0.206696103110D+00 -0.325150289107D-02
  0.308277346393D-03  0.114320812242D-02  0.110501014319D-02 -0.194046048926D-02
 -0.126447598894D-01  0.176991382307D-02 -0.212179001580D-02 -0.617884322237D-02
  0.982954529522D-03 -0.190721903233D-02 -0.127080026323D-01 -0.222929692080D-03
 -0.214170226535D-02 -0.644899351256D-02  0.320146173297D-03 -0.197874228510D-02
 -0.634422426824D-02  0.244888309278D-02 -0.187320916813D-02 -0.343588490707D-02
  0.673759566109D-03 -0.346079609427D-02 -0.150474111257D-01  0.701792838049D-03
 -0.262053149404D-02 -0.177066588230D-01 -0.335330214946D-02 -0.337400864209D-02
  0.265346140575D+00 -0.589847198130D-04 -0.364630275714D-04 -0.269924837548D-02
  0.110480138507D-02 -0.188896002355D-02  0.178274300826D-02 -0.859787191691D-02
  0.359272680547D-03  0.167433403199D-02  0.346271103884D-02 -0.957943996712D-03
  0.260528095371D-02 -0.123751273647D-02 -0.180959675965D-02  0.114163950034D-02
 -0.367593002554D-02 -0.393900577422D-02  0.162988397660D-02  0.579606189755D-03
  0.102761972918D-03  0.120286535717D-02  0.205709218424D-02 -0.125110930475D-02
  0.237776073029D-02 -0.744792646916D-02 -0.304619411968D-02  0.140514606873D-02
  0.204034470412D-02 -0.243601871986D-02  0.221214337499D-02  0.968543564652D-01
 -0.153025789135D-02 -0.142408357732D-02  0.324434848680D-02  0.753044095492D-02
  0.667938370375D-03 -0.107244743292D-02  0.144751869136D-02  0.238357293721D-03
 -0.566959612224D-03 -0.328251493525D-02  0.176420453164D-02 -0.386980355404D-04
  0.553139438654D-02 -0.140419180936D-02 -0.420155587000D-03  0.438129587114D-02
  0.579678231486D-02  0.811640053950D-04  0.155577881839D-02 -0.207141095008D-02
  0.145152243272D-03  0.199657332383D-02  0.271630691243D-01 -0.332705340358D-02
  0.245176372705D-02  0.152372435289D-01 -0.351143389533D-02 -0.133198408584D-02
  0.281059679386D-01 -0.291718544741D-02 -0.306584622460D-02  0.199796286689D+00
 -0.494022834014D-02 -0.256569338134D-04 -0.372597650948D-03  0.235957417005D-02
 -0.228510668644D-02 -0.148114161423D-01  0.364746973306D-02 -0.289397250721D-02
 -0.763105568592D-02  0.525912719899D-03 -0.253352202324D-02 -0.151536106019D-01
  0.129757069606D-03 -0.211121693121D-02 -0.757612032228D-02 -0.131952941756D-02
 -0.196495614865D-02 -0.744000492790D-02  0.256338124794D-02 -0.185796143196D-02
 -0.347917790709D-02  0.211997490968D-02 -0.368740022699D-02 -0.186492484087D-01
  0.458787605302D-03 -0.258210803127D-02 -0.209569789719D-01 -0.375688256697D-02
 -0.398444080858D-02 -0.190004347315D-01  0.347578583861D-02 -0.248950665084D-02
  0.260460662267D+00 -0.139682642071D-02 -0.256766078055D-03  0.309472730405D-02
 -0.791232613848D-02  0.215709280617D-03  0.167893510927D-02 -0.191434002333D-02
 -0.112538723454D-02 -0.278894194954D-03  0.121425724796D-02 -0.741698079559D-03
  0.864222919166D-03 -0.143343277157D-02  0.109247805431D-02  0.321878695087D-03
  0.237405015405D-02  0.291327128069D-02  0.506422674859D-03 -0.299977501500D-02
 -0.435165876246D-03  0.168318932651D-03  0.238785275107D-01 -0.287039790791D-02
  0.868930600048D-03  0.175552577248D-02  0.524683055843D-02 -0.795994582530D-03
 -0.624340593739D-02 -0.216013343341D-02  0.146070082467D-02  0.127151090103D-01
  0.381384752250D-03  0.159491361108D-02  0.909947771463D-01 -0.335468408587D-03
 -0.118079525570D-02  0.178165858735D-02  0.333770733790D-02  0.334414478111D-03
 -0.404528552970D-02 -0.367594927320D-03  0.254813757426D-02 -0.129904253679D-03
 -0.410726005435D-03  0.898929908930D-03 -0.296672774409D-02 -0.234655105581D-02
 -0.713169294946D-03 -0.141020747954D-02  0.398177470211D-02 -0.837432552508D-03
 -0.123361998300D-02 -0.164395514833D-03  0.351092915416D-02 -0.945114154848D-04
 -0.636955784103D-03  0.279903197227D-02 -0.350185831645D-02  0.170067710685D-02
 -0.529038122950D-02 -0.247651076330D-02  0.109445436087D-02 -0.299298779597D-03
 -0.359663071521D-02  0.249032058793D-02  0.223296120985D-02 -0.463327599112D-02
 -0.175196152543D-02  0.415972816505D+00 -0.118557717721D-02  0.315640145924D-02
 -0.124376709231D-01 -0.334127624281D-03  0.325528423623D-02  0.189946615799D-02
  0.340770895768D-02  0.165944617632D-02  0.260544296278D-02  0.114143163006D-02
  0.320864038329D-02  0.242672108601D-02 -0.115733253135D-01  0.359373983073D-04
  0.169762562673D-02  0.362191174794D-02  0.379932339207D-02  0.433377125586D-03
 -0.217406791959D-02  0.142731261876D-02 -0.271009369979D-02 -0.270112866961D-04
  0.437879482596D-02 -0.578334587483D-03  0.597016630881D-02 -0.630269278842D-03
 -0.134319934436D-02 -0.343878616056D-03  0.459482814679D-02 -0.459376919723D-04
  0.127293296572D-02  0.147150050212D-02 -0.354688718724D-02 -0.499981002158D-02
  0.712344665534D-02  0.285294511319D+00 -0.114881657796D-03  0.154675037861D-02
 -0.536924830398D-02 -0.117638580883D-02  0.133430770790D-02  0.485769518102D-03
  0.103424286433D-02 -0.139644283344D-02 -0.955833305759D-03  0.189603627062D-02
  0.721428398978D-03 -0.580609942927D-03  0.379879771025D-03  0.190605444617D-02
  0.998846988135D-05 -0.381284127318D-02  0.412860200179D-02 -0.876480482407D-03
 -0.132764909735D-02 -0.218780316043D-02 -0.120691030783D-02  0.110550726756D-02
  0.372672472500D-02 -0.270734077147D-02  0.134288180950D-02  0.804145758943D-02
 -0.370012234357D-02 -0.111885095052D-02  0.704712565138D-02 -0.283067461474D-02
 -0.183533109707D-02  0.162055004785D-02 -0.293824688756D-02  0.151437338290D-02
  0.161352602765D-02  0.107349002569D-01  0.318702744168D+00  0.835078020753D-03
  0.143288956234D-02 -0.402911350418D-02 -0.400513632431D-02  0.142390202882D-02
 -0.367257762055D-03  0.135477608864D-02 -0.919948302263D-03 -0.169688335243D-02
  0.124462494673D-02  0.559527565378D-03 -0.178296894140D-02  0.144959365551D-02
  0.299008359335D-02 -0.549115999856D-03 -0.339117091348D-02  0.318358570236D-02
 -0.154956770206D-02 -0.603775529014D-03 -0.145948544780D-02 -0.104891604748D-02
  0.968538232070D-03 -0.182929588088D-02 -0.365728149466D-02  0.208070294338D-03
  0.540025868322D-02 -0.469669535188D-02 -0.820541456057D-03  0.130020257424D-02
 -0.398872174950D-02 -0.235017379172D-02 -0.169861722293D-02 -0.389055322904D-02
  0.252937127761D-02  0.194171025815D-02  0.442555403993D-02  0.651042873069D-02
  0.414946945369D+00 -0.179669351335D-02  0.295723484793D-02 -0.102782437732D-01
 -0.628921926619D-02  0.354375862191D-02  0.212473343113D-02  0.465305531380D-02
  0.954835040163D-03  0.219502547698D-02  0.830184854692D-03  0.279769095843D-02
  0.186710062736D-02 -0.127380471867D-01  0.626135355319D-03  0.160523283416D-02
  0.398649472434D-02  0.468423177203D-02  0.128335825237D-04 -0.151001374676D-02
  0.152675557372D-02 -0.260549969608D-02  0.277952496120D-03  0.424713360392D-02
 -0.331359408197D-03  0.554209128057D-02 -0.662319146793D-03 -0.835098306316D-03
  0.671413798862D-03  0.450295839752D-02 -0.656426810510D-05  0.784263858605D-03
  0.176556656907D-02 -0.357722373382D-02 -0.428530837319D-02  0.549213762560D-02
  0.427115484022D-01  0.115536649320D-01  0.580657778391D-02  0.286271251567D+00
 -0.187989469009D-02 -0.106426381156D-02  0.516295800727D-02 -0.596368715884D-05
  0.333008914949D-03 -0.274120666977D-02 -0.166781927676D-03  0.149872384979D-02
  0.348092574471D-03 -0.161575639292D-02  0.579433984877D-03 -0.179815265805D-02
 -0.405686804801D-02 -0.147898968981D-02 -0.878488436844D-03  0.455191277252D-02
  0.546880918951D-03 -0.701528804915D-03 -0.117315381683D-02  0.292873459908D-02
 -0.119154878116D-03 -0.653925436000D-03  0.808587598078D-02 -0.275019267940D-02
  0.176180468624D-02 -0.382882156044D-02 -0.163633605292D-02  0.208415969329D-02
  0.525956243191D-02 -0.237722971580D-02  0.192652613637D-02  0.558359461565D-02
 -0.411805339571D-02 -0.363186560913D-02  0.581307369859D-02  0.120345813495D-01
  0.311161710593D-02  0.123161020603D-02  0.107428889558D-01  0.321183663965D+00
 -0.557344233363D-04 -0.106086113541D-02  0.427812385298D-02  0.374227866994D-03
 -0.439880468632D-03 -0.306407110677D-02 -0.137613414865D-03 -0.160962530610D-03
 -0.178326299272D-02 -0.485228861682D-03 -0.396304770556D-03 -0.314192850130D-02
  0.184342063028D-02 -0.982336170348D-04 -0.170720844377D-02 -0.158118981704D-02
 -0.710599351610D-03 -0.128368977932D-02  0.142802541219D-02 -0.476182010377D-04
  0.240305354745D-04 -0.149488325461D-03 -0.398687506201D-03 -0.253591778998D-02
 -0.133043005266D-02  0.807105695564D-05 -0.285040052608D-02 -0.269809291323D-03
 -0.763928495679D-03 -0.272388041286D-02  0.765480063807D-03  0.290657150905D-03
 -0.256458725367D-02  0.800722897889D-03 -0.206213088562D-02 -0.857726054493D-02
 -0.229588884863D-02 -0.189386528697D-02 -0.865576805322D-02 -0.225638115953D-02
  0.351038347610D+00  0.121104763131D-03  0.392304346720D-03 -0.133111416638D-02
 -0.486300885632D-02  0.989532074173D-03 -0.747054227502D-03  0.732879368730D-03
 -0.126294126563D-02 -0.158245474060D-02  0.452137923639D-03 -0.130944305076D-03
 -0.211090740976D-02  0.347262756296D-03  0.193449913212D-02 -0.771157430913D-03
 -0.228491306372D-02  0.189594350298D-02 -0.127253969170D-02  0.633665718182D-03
 -0.278016316628D-03 -0.439925048609D-03  0.451805462384D-06 -0.221218077211D-02
 -0.985728808825D-03  0.104495093165D-02  0.148187226182D-02 -0.102011699594D-02
 -0.132208587404D-02 -0.107197493636D-02 -0.128407694692D-02 -0.632897019807D-03
 -0.643913235006D-03 -0.125322375784D-02  0.260225047192D-02 -0.324960766143D-02
 -0.200031319966D-02  0.205657271811D-02  0.270713706244D-02 -0.118192151022D-02
 -0.284940557734D-02 -0.583226647858D-03  0.336726033582D+00 -0.374593193927D-03
 -0.108913360980D-03  0.127060397538D-02 -0.676844269298D-04 -0.236233835122D-03
 -0.144291357053D-03 -0.492073931931D-05 -0.760914425883D-04 -0.728354422388D-04
 -0.271234501448D-03 -0.157917575137D-03 -0.105164032115D-03  0.100598364320D-02
 -0.177778491788D-03 -0.805806324934D-04  0.100740876362D-04 -0.340370051504D-03
 -0.599057115419D-04  0.306061981377D-03 -0.264723960526D-03 -0.735554365552D-04
 -0.984197848083D-04 -0.373944059293D-03 -0.400307166661D-03 -0.217762594842D-03
  0.150072931801D-03 -0.627797149701D-03  0.146132818818D-03 -0.246527968215D-03
 -0.400842157083D-03 -0.543030716383D-03 -0.536845223333D-03 -0.485157880761D-03
 -0.962927331115D-04  0.675535650471D-04 -0.259706454960D-03 -0.263993565032D-03
 -0.209649689187D-03 -0.178606534459D-03 -0.570367913011D-04  0.607905575496D-04
  0.925502156038D-04  0.342830770853D+00  0.191250614155D-02 -0.383309751675D-03
  0.362898626690D-02 -0.115582966674D-01  0.191353740664D-02  0.136376375591D-02
  0.299478195330D-01 -0.552982084611D-03 -0.798722874514D-03  0.317477793351D-01
  0.970857551743D-03  0.264379784685D-04  0.285985025131D-01  0.187435027809D-02
  0.199659518113D-03  0.289472137872D-01  0.437392483233D-02 -0.615592669903D-04
 -0.296802486541D-02  0.511878614543D-03  0.345720450028D-03 -0.943542857995D-03
  0.432831886103D-02  0.743872861221D-03 -0.119189475619D-02  0.707987798916D-02
 -0.305365743905D-03  0.345429802755D-02  0.462780676457D-02  0.808624661550D-03
 -0.340463280043D-02  0.460381489772D-02  0.102081386417D-02 -0.504126635494D-03
 -0.223765233728D-02 -0.484931489701D-02  0.158815308554D-02  0.247466603749D-02
 -0.387876348933D-02 -0.186646607046D-02  0.441136696097D-03  0.153594178866D-02
  0.304338228007D-03  0.649052178503D-01 -0.140664112145D-02 -0.165011037339D-02
  0.262991046677D-01 -0.126504912185D-01 -0.167754140488D-02 -0.280947413432D-03
  0.209462869901D-01  0.110500830935D-02  0.467560424739D-04 -0.223116057696D-01
 -0.819468194876D-03 -0.631141475465D-03  0.158855949034D-01 -0.240464961349D-02
 -0.896993956865D-04 -0.180382921277D-01 -0.178170622410D-02 -0.135930681080D-03
  0.389822259858D-01 -0.110059766293D-02  0.118952199504D-02 -0.547445107169D-02
 -0.240926456700D-02  0.106309892733D-02  0.685717230700D-03 -0.100050848794D-02
  0.178006826194D-02  0.154228556046D-02 -0.300615199819D-02  0.692825285005D-03
  0.596948321013D-03 -0.157669060233D-02  0.153328472405D-03 -0.459937619652D-02
  0.369931259978D-03 -0.275921651901D-02 -0.450100464023D-02 -0.246356897191D-02
 -0.719001024924D-03  0.108188646845D-02  0.203738906305D-02 -0.411292648748D-03
  0.144265109916D-02 -0.426132932612D-02  0.830168615643D-01  0.167162900847D-03
  0.385969762783D-03  0.769084378311D-02 -0.282807130928D-02 -0.738043637018D-04
 -0.287310281934D-02 -0.387900723076D-01  0.144151600064D-02 -0.144155299267D-02
 -0.416993720613D-01  0.641598059972D-03 -0.321660733072D-02  0.430353232582D-01
 -0.860497052662D-03 -0.102806827227D-02  0.448014673922D-01 -0.107205326540D-02
 -0.144541003453D-02 -0.392122826046D-01  0.125401861890D-02 -0.933994611460D-03
  0.292534244290D-02  0.154671540268D-02 -0.225477955532D-02 -0.133887324920D-02
 -0.159993408659D-02 -0.172307053043D-02 -0.505074009176D-03 -0.614651795072D-03
 -0.201353923603D-02 -0.210027180901D-03  0.808496558588D-03 -0.413914929320D-02
  0.182501798476D-02  0.886298676833D-03 -0.680217272681D-03 -0.328192005860D-02
 -0.215420084379D-02 -0.584538000152D-03  0.187975096605D-02 -0.389217535998D-03
 -0.135092075262D-02  0.741640172865D-03  0.121821126048D-02  0.329424063201D-02
  0.961155674799D-01 -0.100532321971D-02  0.165254239988D-03  0.924534736834D-02
 -0.348945043297D-01  0.331779383728D-02  0.170580618376D-02  0.360948640626D-02
 -0.591474263624D-02 -0.472804443692D-02  0.350307883315D-03 -0.133818541841D-02
 -0.464117732584D-02 -0.369330844429D-04  0.674862614151D-02 -0.985439916189D-03
 -0.321035671993D-02  0.846625919776D-02 -0.352990634659D-02  0.138688074517D-02
 -0.136380960228D-02 -0.919235930242D-03  0.271849903887D-02 -0.138104118941D-02
  0.599203431291D-03  0.265965702389D-02  0.996489603202D-02  0.665560439534D-03
 -0.467720053725D-02  0.242661114645D-02 -0.738334095242D-03 -0.482941779490D-02
  0.170905505487D-02 -0.124180228359D-02  0.624854583955D-02 -0.126946426057D-01
 -0.583491465067D-02  0.913077029656D-02  0.121768443303D-01 -0.730392851164D-03
 -0.944133358461D-02 -0.383574548635D-03  0.743700033580D-02  0.569356452875D-03
  0.126807961217D-01  0.272879924996D-02 -0.308676220914D-03  0.602875138951D-01
 -0.228569659591D-02  0.190033351278D-02 -0.341633840762D-02 -0.208456482388D-01
  0.271888105805D-02 -0.408943581726D-02  0.348784490625D-02 -0.664814127624D-02
 -0.631944581468D-02  0.234723439201D-02 -0.185643763466D-02 -0.944912270882D-02
  0.313242908442D-03  0.587359826347D-02 -0.357785529801D-02 -0.670344299553D-02
  0.765167621177D-02 -0.570310272971D-02  0.117690459838D-02 -0.190112400205D-02
 -0.201507255046D-02 -0.379909540923D-03 -0.354821747177D-02 -0.492509455065D-02
  0.885844365320D-02  0.582589758666D-02 -0.477396103169D-02 -0.366988287692D-02
  0.712767050718D-03 -0.649030209598D-02 -0.371265987674D-02  0.262791884310D-03
 -0.684783094178D-02  0.835710957673D-02 -0.130896740856D-01 -0.128218275922D-02
  0.920386858464D-02  0.102752025059D-01  0.143681560289D-02 -0.102406082454D-01
 -0.227077669314D-02  0.523690698857D-02  0.212908917669D-03  0.802789819169D-02
 -0.284547645894D-02 -0.479063417801D-02  0.289496138382D-01  0.318467280259D+00
 -0.597530005948D-02 -0.486383898458D-02  0.626282372581D-01 -0.236842914646D-01
 -0.948875784298D-03 -0.184407549956D-02  0.654543566104D-02  0.423247125412D-02
 -0.120500723610D-02 -0.275077313625D-01  0.145379408423D-02 -0.232666926290D-02
  0.766322458680D-02 -0.392372206043D-02 -0.702672984662D-03  0.878169739053D-02
 -0.309352807776D-02 -0.541144751501D-03  0.576434168578D-03  0.424315170717D-03
  0.299640265268D-03 -0.105095959733D-02  0.954639472779D-03 -0.810522198194D-03
 -0.575988730212D-02  0.753734712684D-02 -0.136653154767D-02  0.759411871322D-03
 -0.343577426442D-02  0.101776264304D-03  0.132529509382D-03  0.137935251812D-02
 -0.329369899867D-02 -0.211566609378D-03  0.358945135759D-02 -0.699838201417D-02
 -0.925103906815D-02 -0.661539399625D-02 -0.388608112314D-02  0.578591964255D-02
  0.349474319847D-02 -0.192535379627D-02  0.231021350364D-02  0.179696442033D-02
  0.668150964876D-01  0.475842870248D-01  0.847323139091D-02 -0.522182462299D-02
  0.156353415416D+00  0.938331560098D-02  0.908858748874D-03 -0.458603868319D-02
  0.359282339467D-02  0.573504459465D-02 -0.133237209655D-02 -0.990305721673D-02
  0.254193490003D-02  0.288820280024D-03  0.115960207043D-01  0.608187980689D-02
 -0.199996072214D-02  0.131265588875D-01  0.104804768644D-02  0.492903246789D-04
  0.518078765364D-02  0.511653499101D-02 -0.124033896018D-02 -0.653664702458D-02
  0.119290660221D-02 -0.602707509639D-02 -0.112802388257D-01 -0.157892160698D-01
  0.337265859777D-02  0.405866935253D-02  0.182530890079D-03  0.256888433448D-02
  0.485758969520D-02 -0.114068238528D-01  0.601869851422D-02 -0.639919168428D-02
 -0.908028010831D-02 -0.452451021295D-02  0.547984916522D-04  0.367981841978D-02
  0.307052292169D-01  0.377637749366D-02 -0.278151637889D-03  0.287995918376D-01
  0.802893750541D-02 -0.675018367411D-02 -0.277703642036D-02 -0.539605258067D-04
 -0.368869902803D-03 -0.527597988887D-02  0.836561712162D-02 -0.590569241578D-02
 -0.607890878987D-02  0.641698469290D-02  0.350134445689D+00  0.121425997826D-02
  0.114488531103D-02 -0.450487721833D-03 -0.175613209566D-02  0.123828901100D-02
 -0.348387388148D-02  0.298501123612D-02  0.188947892535D-02 -0.198912443704D-02
 -0.141082006926D-02  0.161281062912D-02 -0.370072065579D-02 -0.120554223947D-02
  0.142034076380D-02 -0.167390250078D-02  0.304616130351D-02  0.793930864973D-03
 -0.198788691292D-02  0.546247302394D-03  0.165485971045D-02 -0.745769318140D-03
  0.740896277621D-03 -0.122203096521D-02 -0.500242816615D-02  0.109595531717D-02
 -0.464562339211D-04 -0.559044021699D-02 -0.834998789929D-03 -0.216460916031D-02
 -0.524725370797D-02  0.666632388228D-03 -0.306983696387D-04 -0.569798847343D-02
  0.411213300771D-03  0.610261289286D-02  0.777521005267D-03  0.292835775570D-02
  0.510246597128D-02  0.128026440593D-02  0.481432638564D-02 -0.175649322553D-02
 -0.323934509608D-03 -0.947623882938D-04  0.229699424928D-02 -0.754715228264D-03
  0.425613999109D-03  0.270434092326D-02 -0.727452059533D-03 -0.117905002648D-02
  0.218059623493D-02  0.449559419337D+00 -0.727432256192D-02  0.114641107087D-02
  0.123292889232D-02  0.224076526963D-02  0.335320252711D-03 -0.455535133147D-02
  0.189477438560D-01  0.352183066619D-03 -0.253060030507D-02 -0.912960698156D-02
  0.139419713083D-02 -0.340353802449D-02 -0.465669828242D-02 -0.192787297434D-02
 -0.261688174096D-02  0.147981240275D-01 -0.185669840474D-02 -0.130057541881D-02
  0.475628476177D-02  0.585891667128D-02  0.575817084139D-02  0.129872694448D-01
 -0.931239782121D-02 -0.392269112125D-02  0.794642508177D-02 -0.200006430837D-02
 -0.165879515545D-02 -0.416616276243D-02 -0.203580575338D-01 -0.710208514247D-02
  0.522433836888D-02  0.354973072736D-02  0.274494873116D-02 -0.128068732708D-02
  0.156556761616D-02 -0.236330916907D-01 -0.539394183626D-02 -0.375438562064D-02
 -0.235574415681D-01 -0.402785661550D-03  0.507696620145D-02  0.303664957672D-03
 -0.703973667098D-03  0.953488979203D-02 -0.639884017727D-02  0.136282761012D-02
  0.984634015006D-03 -0.141182821642D-02 -0.329736281087D-02 -0.275051727478D-01
  0.112300107809D-01  0.374189359322D+00 -0.997351010905D-03  0.290863875940D-03
 -0.330360718658D-02  0.567653547574D-02  0.613452158928D-02 -0.169192079449D-02
  0.167725413866D-02  0.165308668712D-02 -0.146292271249D-03  0.923590931046D-02
  0.613502040103D-02 -0.140963161874D-02  0.935131319247D-02  0.173115543840D-02
 -0.331300711308D-03  0.132834115889D-01  0.824020422503D-02 -0.113879502563D-02
 -0.564163822014D-03  0.592112786334D-02 -0.645426029372D-02 -0.666467363174D-03
 -0.160969972688D-01  0.620321463463D-02  0.967342883891D-02  0.522146521009D-02
 -0.578580764383D-02 -0.782866141939D-03 -0.216938834398D-01  0.254557174084D-02
  0.128304508613D-02 -0.490551397632D-02 -0.475726959052D-03  0.158021888241D-02
  0.160150346255D-02  0.220735798235D-01  0.391984651601D-02  0.122039110750D-02
  0.207822415809D-01  0.297003320238D-02 -0.501507955533D-02 -0.155297305611D-02
  0.146170858236D-03  0.530102388448D-02 -0.120244480499D-01  0.916407271518D-02
 -0.483688141223D-03 -0.460429086323D-02  0.271263838590D-02  0.745311167572D-01
  0.997897371607D-02  0.729054017785D-01  0.361834609497D+00  0.101476162457D-02
 -0.110966576729D-02  0.885857307660D-03  0.242750077761D-02  0.150518556645D-02
 -0.419935763859D-02 -0.615102497620D-03  0.138191563716D-02 -0.165930017749D-02
  0.206111845443D-02  0.117051508660D-02 -0.416026502130D-02  0.409530746966D-02
  0.175037233013D-02 -0.198198198605D-02 -0.648273897435D-03  0.168493499304D-02
 -0.207365980554D-02 -0.506730022215D-03  0.194279340190D-02 -0.503946126054D-03
  0.207941342204D-03 -0.132721140811D-02 -0.545659172740D-02 -0.270056031913D-03
 -0.693908635532D-03 -0.477642671842D-02  0.327498611094D-04 -0.129702267035D-02
 -0.528719138250D-02  0.109966117871D-03  0.798831399269D-04 -0.622376674475D-02
  0.815765645359D-03  0.518955373503D-02  0.142568124111D-02  0.422415185026D-02
  0.576321896572D-02  0.671721405079D-03  0.292907536436D-02 -0.187140164905D-02
 -0.108705457526D-02 -0.422109334884D-04  0.458292646724D-03 -0.319966226984D-04
  0.768536647514D-04 -0.344150448826D-02 -0.437047021230D-02  0.153820014093D-02
  0.811500964908D-02  0.693769326042D-02  0.167521660008D-02 -0.910751822292D-03
  0.449151876562D+00  0.537228646611D-02 -0.782325028866D-03  0.467078102252D-02
  0.233796668836D-02  0.435269270786D-03 -0.431713540457D-02  0.122042835745D-04
 -0.476270584003D-03 -0.204743152901D-02  0.132661359320D-02  0.512847671095D-03
 -0.466331237242D-02  0.106128601876D-01 -0.106178808484D-02 -0.263368731802D-02
 -0.370227404472D-02 -0.266197022924D-02 -0.184717436580D-02 -0.362551909614D-02
 -0.155760246498D-02  0.632362368232D-02  0.311242028213D-03 -0.107575271646D-01
 -0.740557577088D-02 -0.240049145191D-02 -0.371479474254D-02  0.909464754736D-02
  0.379610941583D-03 -0.597686468387D-02 -0.335762612907D-02 -0.537763982918D-02
 -0.242092183250D-02 -0.233457009163D-02  0.624764414201D-03  0.864240308676D-03
 -0.148669245923D-01 -0.198774162826D-02 -0.232177444411D-02 -0.163653515470D-01
  0.147083643416D-02  0.313181739239D-02 -0.289786009987D-03 -0.887328084215D-03
  0.182642474469D-02  0.266048567015D-02 -0.218968170158D-02 -0.581417667294D-02
 -0.125085659389D-02  0.304171696540D-02  0.718878304364D-01  0.902412850734D-03
  0.584855476126D-01 -0.491967234378D-01  0.136402356298D-01  0.397217317341D+00
 -0.142643855701D-02 -0.159161521194D-02  0.625540257673D-02 -0.142764290264D-02
  0.482837428307D-03  0.271953171029D-02 -0.149029307199D-02 -0.582658730753D-03
  0.145036740393D-02  0.116455179316D-02  0.258766399092D-03  0.248886195328D-02
  0.270039190116D-02 -0.513701310188D-03  0.136429772066D-02  0.203646798086D-02
  0.239435358501D-02  0.134894056393D-02 -0.269459293881D-03  0.438170619689D-03
  0.982824792533D-03 -0.121678678377D-02  0.332817025438D-02  0.452378785778D-02
  0.320944825423D-02  0.360832308534D-02  0.570995360174D-02  0.217891132002D-02
  0.249624994267D-02  0.432303618197D-02 -0.245862794652D-02  0.395217000179D-02
  0.518750691539D-02  0.433760357682D-03 -0.433656135968D-03  0.797472707998D-03
  0.624522648829D-03 -0.115226659354D-03  0.204877721102D-03 -0.595963779817D-05
  0.188527017443D-02  0.386556726550D-03  0.225224771838D-03  0.969086181318D-03
 -0.560092838089D-03  0.218435538321D-02 -0.928802699423D-03 -0.327254102194D-03
  0.689088140976D-02  0.101435083961D-01  0.193094348944D-02  0.172263555816D-01
  0.129362946408D-01  0.151712419590D-02  0.137151965788D-01  0.304294531687D+00
  0.998884497658D-04 -0.347196592271D-03 -0.593878669581D-02  0.546546688569D-02
  0.456115438482D-03 -0.123238856099D-03 -0.224156137893D-02 -0.223625549830D-03
  0.337498190041D-03  0.486838263765D-02  0.373322994237D-03  0.204216477417D-03
  0.339386243179D-02  0.253491843223D-03  0.154571220466D-03 -0.793476103379D-03
  0.633200736598D-03 -0.544590873094D-04 -0.453506190124D-03 -0.124228372076D-03
 -0.256066905179D-02 -0.150693993777D-02 -0.438400095074D-02  0.310555524736D-03
 -0.540879294277D-03  0.176361185061D-03 -0.310229161688D-02  0.658754482354D-04
 -0.354112512601D-02  0.306929764957D-03 -0.625006010612D-03 -0.398371958528D-02
 -0.208662184522D-02 -0.210532854349D-03 -0.562897975415D-03  0.772622222203D-02
  0.680515523607D-03 -0.313932298102D-03  0.699669593112D-02 -0.885222513743D-03
 -0.172928976660D-02 -0.280551504810D-03 -0.697212486359D-04 -0.818389931407D-03
 -0.291902436469D-02  0.223976046549D-03 -0.221563922088D-02 -0.712230703228D-03
 -0.198442711051D-02  0.178034469780D-01 -0.107351360808D-02 -0.188985312160D-01
  0.222005861564D-01 -0.200437194313D-02 -0.248583740990D-01  0.139384652101D-03
  0.340519686240D+00 -0.946965368021D-03 -0.597030267818D-03  0.234804071681D-02
 -0.123460541795D-02 -0.377117351284D-05 -0.705174237176D-04 -0.598568622850D-03
 -0.532667055799D-03 -0.225402303368D-03  0.134884033925D-02 -0.276463504205D-03
 -0.429719177016D-03  0.530060371169D-03  0.171592217494D-03 -0.118218533937D-03
 -0.106834625084D-02  0.419164641313D-03 -0.207630710556D-03  0.684255118177D-03
 -0.139310411746D-03 -0.941784360185D-04 -0.139189283176D-03 -0.823491004966D-03
  0.208873004832D-03  0.804506459535D-03  0.115098385558D-02  0.134772364686D-03
 -0.471813812642D-05 -0.783294948384D-03 -0.349168406578D-04 -0.371415606508D-03
 -0.180080097784D-03  0.463213726902D-04  0.110056026477D-02 -0.111828734161D-02
 -0.650033341045D-03  0.292145920235D-03  0.262234087798D-03 -0.713827610923D-03
 -0.112484760472D-02  0.238767853859D-03  0.200437635544D-03  0.111647100367D-03
  0.328799110725D-03  0.224810849303D-03 -0.782953677659D-03  0.667224452228D-03
  0.321799538474D-03  0.216345223702D-02 -0.144604047721D-02 -0.520441863728D-03
  0.396801533753D-04  0.403123546139D-03 -0.551106756029D-03 -0.152257839402D-02
 -0.304479614958D-04  0.365161043525D-03  0.318868559623D+00  0.693846964717D-03
  0.452823091479D-03 -0.242065083700D-02  0.144702894687D-01 -0.112902160603D-02
 -0.317161821296D-02 -0.804030169288D-03  0.177306983780D-02  0.719398699314D-03
  0.186395896598D-02  0.177013084531D-03 -0.128209215930D-02  0.192918454446D-03
 -0.219970123600D-02 -0.782463022744D-03  0.480318562879D-02 -0.186262326088D-02
 -0.419416686113D-03  0.348738552794D-02  0.949457310864D-03  0.139947501358D-03
 -0.213461785963D-02  0.235468007469D-04 -0.641989678633D-03 -0.352921809085D-01
 -0.448477901481D-02  0.933984482419D-03 -0.359922854571D-01 -0.211418158175D-02
 -0.109135980748D-02 -0.319897520743D-01  0.793685232327D-03 -0.100738057569D-02
 -0.372632418449D-01  0.276598594801D-02  0.326630515042D-02 -0.296615263420D-02
 -0.390296741787D-02  0.130382975649D-02  0.272104801377D-02 -0.491196351537D-03
 -0.381953914314D-02  0.286576169404D-03 -0.255540914571D-02  0.455129819301D-03
  0.181945980394D-02 -0.157481298479D-01 -0.160341290143D-01  0.256264388557D-02
 -0.390111731806D-02 -0.130190666661D-02  0.116229752367D-02 -0.384696213781D-02
  0.282171801899D-03  0.135190850361D-02 -0.798120713884D-03  0.716507671583D-03
 -0.850413332424D-03  0.698882259866D-01  0.142239589493D-02 -0.100740942596D-03
  0.811225832877D-03  0.869958333754D-02  0.290150873812D-03 -0.223963629586D-02
 -0.533092638533D-02  0.170635671559D-02  0.353611813753D-05  0.275316021122D-02
  0.115212446247D-02 -0.545971111893D-03  0.911921637384D-03 -0.800810105613D-03
 -0.777113584177D-03  0.235897873380D-03 -0.144413895638D-03 -0.887566851821D-04
 -0.247012631339D-02  0.910489643038D-03  0.284958652183D-05  0.372004271019D-01
  0.226757209078D-02 -0.295486516481D-02 -0.182753089554D-01  0.220324390743D-02
 -0.342200873962D-02  0.223851128034D-01  0.100104944605D-02 -0.305000926719D-02
 -0.200501130967D-01  0.209553228582D-02 -0.281823981198D-02  0.132359399987D-01
  0.248940851991D-02  0.237339279289D-03 -0.107736436952D-02 -0.171917752816D-02
 -0.727381795594D-03  0.281719974403D-02 -0.406002191076D-03 -0.194842374537D-02
  0.312065960634D-03 -0.829979200739D-03 -0.308432930736D-02 -0.204062220432D-03
 -0.941028084269D-02 -0.562693293158D-02  0.693112201610D-03 -0.317384671552D-02
 -0.573255488420D-03  0.634306032481D-02 -0.358193813368D-03  0.871717307274D-03
  0.306871999369D-02  0.244326781312D-02 -0.625980113839D-03  0.138652564061D-03
  0.408177368360D-02  0.747445396517D-01  0.119890900921D-03 -0.664158800856D-03
  0.249494056613D-02  0.911017015485D-02 -0.257336355769D-03 -0.155012733290D-02
  0.692927496925D-02  0.123663092350D-02 -0.959595718289D-04  0.147354191769D-02
  0.101473113313D-02 -0.467085512238D-03  0.412897783858D-02 -0.100520939866D-02
 -0.585111453302D-03 -0.574470088934D-03 -0.202732250313D-02 -0.266572038548D-03
  0.162206332360D-02 -0.959423377848D-03 -0.101684770094D-02 -0.287296030201D-01
  0.132167078872D-02 -0.353013231501D-02  0.377805652716D-01  0.191164758002D-03
 -0.338486657776D-02  0.414882008886D-01  0.228057650087D-02 -0.355327414715D-02
 -0.384872681627D-01 -0.977061642976D-03 -0.433994319694D-02 -0.427844019318D-01
  0.240829557433D-02 -0.203624708862D-03 -0.188846857607D-02 -0.230512527963D-02
 -0.954699250067D-03  0.256039780062D-02  0.106155870847D-03 -0.100065394804D-02
  0.133097254252D-03  0.243287904487D-02  0.776366288961D-03 -0.366264093287D-02
 -0.765391047245D-02 -0.112455862479D-02 -0.152151985500D-02  0.697082677398D-02
 -0.150441730767D-02 -0.673354571593D-02 -0.129171305818D-03  0.483856795396D-03
  0.108429319218D-02  0.351050351920D-02  0.422091739098D-03  0.494322664825D-03
  0.275962553431D-02  0.152606271564D-02  0.833556189726D-01  0.108450471428D-02
 -0.188294377963D-02 -0.888010555479D-03  0.412190858600D-01 -0.427596394435D-02
 -0.546029974029D-02 -0.429446149870D-02  0.737800386856D-02  0.450961981099D-02
  0.263448647947D-02  0.156436181135D-02  0.184668705628D-02  0.314101173317D-02
 -0.832406139045D-02 -0.207463510995D-03  0.565720679600D-02 -0.110301098907D-01
  0.263829828568D-02 -0.185772192962D-02  0.254932147381D-02  0.973501275981D-03
  0.274133700659D-02  0.373989069310D-02 -0.162388868032D-02 -0.375029813577D-02
 -0.869531368073D-02 -0.184987286422D-02  0.769769551236D-02 -0.167357200336D-02
 -0.147839221810D-02  0.763711788876D-02 -0.179931351958D-02 -0.141932492216D-02
 -0.817139133579D-02  0.146655095179D-01  0.586982993090D-02 -0.114955083778D-01
 -0.155495168655D-01 -0.133856928969D-02  0.119192918452D-01  0.341508234646D-03
 -0.115230459347D-01 -0.261101462260D-03 -0.105644926884D-01  0.150227655342D-02
  0.404295096571D-02 -0.552471796947D-01 -0.447026474555D-01  0.698000735797D-02
  0.610626383358D-02 -0.226251488814D-02  0.977789854316D-05  0.117701075671D-02
  0.287693761921D-02  0.255873921569D-02  0.193322911131D-02  0.188085873955D-02
 -0.767616739533D-03  0.187310916060D-01  0.118541390418D-01  0.551022039266D-02
  0.695026221255D-01 -0.365100016501D-02 -0.455139893741D-03  0.333772249474D-01
 -0.249495125163D-01  0.256210255929D-04 -0.272752555820D-03  0.473021736045D-03
  0.220045924048D-03 -0.568724031166D-03  0.229270230162D-02 -0.591749212742D-03
 -0.306514272036D-02 -0.460826392443D-02 -0.198024583503D-03 -0.371162456633D-03
  0.759562313508D-02  0.220050259821D-03 -0.115559135997D-02  0.163378279908D-02
  0.292343870043D-02  0.142900295398D-03 -0.216177049027D-02  0.631478816587D-03
  0.741476676910D-02  0.804769758446D-02 -0.180788246968D-02  0.981109832666D-02
 -0.543089322094D-03 -0.365269188600D-02  0.495197676250D-02  0.110903126467D-02
  0.346739106991D-02  0.453869542917D-02  0.503290104455D-02 -0.190179894063D-02
 -0.287146119939D-02 -0.568971734467D-03  0.392652979127D-03 -0.258636694691D-02
  0.659089117568D-03  0.109050187800D-02 -0.167704105905D-02  0.906990771630D-03
  0.519160663987D-02  0.717694319407D-02  0.295355792841D-02  0.339260311704D-02
 -0.870064121089D-02  0.231327594538D-01  0.487604698698D-02  0.112333711507D-02
 -0.515729928368D-02  0.814873378569D-02  0.362484841677D-03 -0.107235959594D-01
 -0.244811168100D-02  0.480325330323D-02 -0.379376343577D-03 -0.648066772985D-02
  0.346199084695D-02  0.314224534895D-02 -0.124484257416D-04  0.277173515848D+00
  0.192310421082D-02  0.528863111811D-03 -0.382619695838D-02  0.169527297670D-01
  0.132464269163D-02 -0.528992175853D-03  0.241955099836D-02  0.110578468814D-02
  0.336316148418D-03  0.753623298654D-02  0.191228342304D-02  0.712946989750D-03
  0.819943268829D-02  0.400483915211D-03 -0.151745209868D-03 -0.209984568188D-02
  0.247265154408D-02  0.994835853093D-04 -0.155608986474D-02 -0.118114327914D-02
 -0.526083117584D-03  0.155167149330D-03  0.403874650803D-03 -0.444346637909D-02
  0.810285999359D-03  0.257085880853D-02 -0.407416307049D-02  0.151526009121D-01
  0.256767884422D-02 -0.411572785054D-02 -0.120489357204D-01  0.369872364541D-03
 -0.408333706245D-02  0.576568796699D-03  0.206353872031D-02  0.389314500073D-02
  0.956317191748D-03  0.395980081770D-03  0.279961330443D-02  0.161829814162D-02
 -0.731559741793D-03  0.595000521088D-03  0.479055686365D-03 -0.670649713435D-03
 -0.172279705602D-02 -0.286733408819D-02 -0.128649760758D-01  0.485523412181D-02
 -0.230733207630D-02 -0.438880338754D-02 -0.201910000555D-02 -0.204783343391D-02
 -0.676756487676D-02 -0.102026828959D-04  0.326933267389D-02  0.280584480184D-02
 -0.126902676145D-02  0.480332867229D-03  0.211544740514D-02  0.370175066173D-01
  0.375686248501D-01  0.978526141667D-03  0.527415106623D-02  0.100982699459D+00
 -0.348649910321D-02  0.908869449260D-03  0.145882166933D-02 -0.238305795940D-03
 -0.379549687098D-03 -0.396159172269D-02  0.180497799915D-02 -0.122913005742D-03
 -0.568890824405D-03 -0.129085903224D-02 -0.338082057278D-03 -0.334171347172D-02
  0.127300951762D-03 -0.229862423130D-02 -0.186576790669D-02  0.106912671446D-01
  0.214678011108D-02 -0.133775173540D-02 -0.152028498332D-02  0.205151031437D-02
 -0.485649718691D-03 -0.217261277295D-02  0.110439756596D-01 -0.216924449674D-02
  0.561972273803D-02 -0.195915389341D-02 -0.865065118427D-03  0.212249759827D-02
  0.802163331471D-02 -0.255638419549D-02 -0.774975460397D-03  0.963489508994D-02
 -0.392560513793D-02 -0.407097150991D-02  0.173009471708D-02  0.164986590479D-02
 -0.120823098447D-03 -0.161558599098D-02  0.223846594176D-03  0.198620949516D-02
 -0.348531756870D-04 -0.222944196032D-02 -0.251235536178D-03  0.347188363498D-02
 -0.164408173145D-02  0.270499302140D-02 -0.841569082244D-02 -0.989144778904D-02
  0.161849025038D-02  0.104515302181D-01  0.179103285488D-02  0.144357463297D-02
  0.687952946903D-02  0.627044171425D-03  0.243005305143D-02  0.108466274918D-02
  0.160233794533D-04 -0.131520573088D-02  0.189034099747D-02  0.296485001151D-02
  0.389260489934D-02  0.109539632305D-01 -0.425897503248D-02  0.318876385842D-02
  0.213770953976D+00  0.839205174922D-02  0.110446859855D-01 -0.871815617857D-01
  0.295763635062D-01  0.353957144304D-02 -0.221030688911D-02 -0.198151947822D-02
 -0.267989212910D-02 -0.107597689465D-02  0.239501763196D-02  0.102778448174D-02
 -0.135081075117D-02  0.450445000590D-02  0.488273959605D-02 -0.149560140258D-02
 -0.385498503112D-02  0.650204729898D-02 -0.843834386269D-03 -0.727867971881D-02
  0.201182851247D-02 -0.195973390173D-02  0.241312801684D-02  0.175969249394D-02
 -0.179064222953D-02 -0.249588328308D-02 -0.711972166429D-02 -0.549761029470D-02
  0.257483399891D-02  0.513346982949D-02  0.165274743309D-04 -0.195547986522D-02
  0.264582926166D-02  0.112523232867D-02 -0.163330315520D-02 -0.329093884471D-02
  0.961607577823D-02  0.100137964960D-01  0.702826088343D-02  0.578076608058D-02
 -0.519987079533D-02 -0.662319198140D-02  0.556199360768D-03 -0.145431212166D-02
 -0.199290694068D-02 -0.389747700970D-01 -0.127585704866D-01 -0.554844025848D-02
  0.199036874288D-02 -0.832940985072D-01  0.668113333021D-02  0.230677147202D-02
  0.848000342393D-02  0.917727754952D-02 -0.152091981660D-02  0.179555291009D-02
 -0.364664519025D-02  0.524022553453D-02 -0.272495693289D-02  0.103626528366D-02
  0.617259249281D-02  0.201316616922D-02 -0.382046114414D-02 -0.194862380742D-01
  0.124218947906D-01  0.279939344662D-02  0.123520254978D+00
$end
