$vibrational normal modes
 1  1   0.3056920043  -0.0471878168   0.1735672904  -0.0166405778   0.0417768352
 1  2   0.0355160574   0.0444744467   0.1512880211  -0.0618469752  -0.0148336763
 1  3  -0.0520800728   0.0209357447   0.0565132421  -0.0582585641   0.0506573155
 1  4   0.0261926418  -0.1537909767  -0.1235669375  -0.1991468145   0.0510589300
 1  5  -0.0046332640  -0.0753210475  -0.0010151967   0.0684997577  -0.0263225615
 1  6   0.0289935410   0.0502380189   0.0852244782   0.0050417602  -0.0001819782
 1  7   0.0867828909   0.0620646763   0.0065151648   0.0628651241   0.1903101409
 1  8   0.0477894880  -0.0071622120   0.1824013146  -0.1643839850   0.1401268492
 1  9   0.3033650818   0.1907764564  -0.0052478316   0.3101572741  -0.0134346648
 1 10  -0.2056553429   0.3408169499   0.1646982878   0.0018553662   0.2075464230
 1 11   0.0047204637   0.3048734040   0.0087003104   0.2977646593   0.1530620794
 1 12   0.2413027064  -0.2423427841   0.1721513717  -0.0418507893   0.1447599713
 1 13  -0.0013215366   0.2449450666   0.0029611219   0.1956903921  -0.3126960009
 1 14   0.0011874387   0.0236644699   0.1784850852   0.3100933789   0.0027442442
 1 15  -0.2569392196   0.0418316145
 2  1  -0.0016862483  -0.0639175548   0.1132595084   0.1663850973   0.0694425113
 2  2  -0.1336023071   0.2428249479  -0.0713439849  -0.1208429088  -0.3116084734
 2  3  -0.3126581781  -0.1782522923   0.2955798307  -0.3064516919   0.2633760385
 2  4   0.1361475190   0.0443356430   0.0184815971   0.0274550775  -0.0000726234
 2  5  -0.0292023901  -0.3958591274  -0.0034063060   0.3566383163  -0.1450911273
 2  6   0.1597699043   0.2641655069   0.4438400193   0.0204328629   0.0092805604
 2  7   0.4571605225   0.3210584690   0.0097613740   0.3969568426   0.0803126820
 2  8  -0.0759599633   0.0165133939  -0.0072267459   0.0355546118  -0.0341636418
 2  9  -0.0614610363  -0.0395999956   0.0001095704  -0.0665852441   0.0030486759
 2 10   0.0444992007  -0.0746869542  -0.0340642479   0.0007681422  -0.0471562959
 2 11  -0.0004535132  -0.0658704032  -0.0017996769  -0.0622838019  -0.0370618766
 2 12  -0.0517905623   0.0531075048  -0.0312346604   0.0101168191  -0.0339535768
 2 13   0.0001641976  -0.0370703325  -0.0004299317  -0.0296651432   0.0472225221
 2 14  -0.0000549934  -0.0034762424  -0.0267874504  -0.0469885048  -0.0006016879
 2 15   0.0388001004  -0.0066676428
 3  1  -0.1397437945   0.2577438690   0.0523741365   0.1293244520   0.0406556873
 3  2  -0.1143884892   0.0073778634  -0.1216092169   0.0124707837   0.0162937995
 3  3   0.0691222826  -0.0058136408  -0.0086438586   0.0089917028  -0.0083350776
 3  4  -0.0047697859   0.0491206702  -0.3077465214  -0.0248164812  -0.0014442060
 3  5   0.0009865292   0.0126217484  -0.0000804827  -0.0105096952   0.0041074799
 3  6  -0.0051903069  -0.0080513066  -0.0145220520  -0.0011393426   0.0000758407
 3  7  -0.0147129527  -0.0090430838  -0.0025218378  -0.0245190774   0.2115987800
 3  8   0.0707386101  -0.0202986437   0.2197627974   0.1937217450  -0.1857217879
 3  9  -0.1209764391  -0.2053381383   0.0038810891  -0.2605650139   0.0107803435
 3 10   0.1686898494  -0.2892955514  -0.1388068181  -0.0007509840  -0.1747848045
 3 11  -0.0037017760  -0.2565908833  -0.0052586377  -0.1851265333  -0.2528658197
 3 12  -0.1631922054   0.2052259777   0.0531557971   0.0880121103  -0.1856827389
 3 13  -0.0016076620   0.3003890157   0.0036525243   0.2373791453  -0.3855869791
 3 14   0.0015752946   0.0298502253   0.2255051540   0.3767717586   0.0036588985
 3 15  -0.3153345356   0.0515230884
 4  1   0.2245315574  -0.0078912202   0.1803182319   0.0152792957  -0.0192762243
 4  2   0.0238761906   0.0254936177   0.0857289724  -0.0512679638  -0.0047110872
 4  3  -0.0234432324   0.0383097524   0.0262143424  -0.0268253113   0.0231690780
 4  4   0.0120806864   0.0366118260  -0.2488417554  -0.0239426789   0.0003426926
 4  5   0.0012305829   0.0067055802  -0.0002243341   0.0388811470   0.0047130749
 4  6  -0.0054756344  -0.0074064612  -0.0124718508  -0.0002274243  -0.0012033799
 4  7  -0.0162334386  -0.0104245464   0.0010194302  -0.0212301709   0.1553633501
 4  8   0.0552261999  -0.0144780128   0.1799194003  -0.0048355352  -0.0033657639
 4  9   0.0977190436   0.0124955685  -0.0002708960   0.0235535264  -0.0015344668
 4 10  -0.0250191040   0.0370677871   0.0175570219   0.0020860193  -0.2297234434
 4 11  -0.0006423834  -0.0453829481  -0.0012243776  -0.0466246545  -0.1068169881
 4 12  -0.0445918840   0.1898002362   0.0268982147   0.0768162407  -0.1646205545
 4 13   0.0001198069  -0.0203826600  -0.0002423659  -0.0175640211   0.0260383283
 4 14  -0.0000825817  -0.0018528283  -0.0139362106  -0.0287663055  -0.0001531491
 4 15   0.0234562290  -0.0038042465
 5  1  -0.0268246406  -0.0861502499   0.1055396343   0.1260615284   0.0706928499
 5  2  -0.0801899259   0.1327439088  -0.0398073387  -0.0700972163  -0.2578300741
 5  3  -0.1638911446  -0.0910513277   0.1346302361  -0.1396373380   0.1191242122
 5  4   0.0621492026  -0.0099088866   0.0421016643  -0.0008851151   0.0017582840
 5  5   0.0030054302   0.0351311825   0.0004165404   0.1999694166   0.0213893028
 5  6  -0.0239330311  -0.0394561107  -0.0669642787  -0.0039518293  -0.0016258858
 5  7  -0.0845810193  -0.0587672287  -0.0020570101  -0.0554918369  -0.0401711883
 5  8   0.0005736236   0.0003336087  -0.0318194935   0.0027694884  -0.0007966144
 5  9  -0.0177660671  -0.0040970892   0.0002324851  -0.0052290888   0.0003292512
 5 10   0.0050897688  -0.0080596919  -0.0040585459  -0.0005370463   0.0502556325
 5 11   0.0000943102   0.0098452390   0.0003877048   0.0116243700   0.0202265285
 5 12   0.0107578536  -0.0412006515  -0.0009088291  -0.0151901570   0.0341617643
 5 13  -0.0000024797   0.0031068040   0.0000427274   0.0027326490  -0.0039079843
 5 14  -0.0000317193   0.0002520543   0.0019739196   0.0044534387   0.0000695769
 5 15  -0.0035564324   0.0006760131
 6  1  -0.0767064217   0.2229914992   0.0459242363   0.0983579296   0.0905547922
 6  2  -0.0983363663   0.0093798822  -0.0643643724   0.0100478093   0.0145315839
 6  3   0.0641167090  -0.0092590476  -0.0036922532   0.0038763977  -0.0036483494
 6  4  -0.0024544078  -0.1129464163  -0.2043683193  -0.1718472020   0.0402435678
 6  5  -0.0000302591  -0.0010916035  -0.0001871236  -0.0055472554  -0.0007294056
 6  6   0.0004891035   0.0013919582   0.0021106228   0.0001420647  -0.0002725345
 6  7   0.0024726948   0.0030591266   0.0002841426  -0.0103511496   0.1960116778
 6  8   0.0646044476  -0.0192022627   0.2218938546   0.0559422685  -0.0601006321
 6  9   0.0429690032  -0.0527011578   0.0000498299  -0.0195155606   0.0009062576
 6 10   0.0165905890  -0.0335007859  -0.0154882378  -0.0014133876   0.1935222472
 6 11   0.0006463987   0.0381539482   0.0027755489   0.0927590556  -0.0118197904
 6 12   0.0704234698  -0.1587816416   0.1559572441  -0.0166508447   0.0809541394
 6 13   0.0001247815  -0.0248926960  -0.0003278296  -0.0193314425   0.0333894376
 6 14  -0.0001729894  -0.0028614816  -0.0216279107  -0.0326302167  -0.0003743643
 6 15   0.0287847231  -0.0047750489
 7  1   0.2368054071  -0.0198942689   0.1769101025  -0.0083378473   0.0042154266
 7  2   0.0266772097   0.0249799931   0.1057112501  -0.0282303826   0.0027868338
 7  3  -0.0220042476   0.0853177862  -0.0284392236   0.0285914130   0.0204050797
 7  4  -0.0005825995  -0.0099912820  -0.1775284732  -0.0542069386   0.0097359245
 7  5   0.0001873031   0.0064365710  -0.0000142373  -0.0385583136   0.0038625625
 7  6  -0.0044115147  -0.0151490438   0.0021515369   0.0002174188   0.0011423446
 7  7   0.0179946973  -0.0084007373  -0.0008770969   0.0146484316  -0.0829901486
 7  8  -0.0285598165  -0.0197435798   0.0977824667  -0.0309544454   0.0367172142
 7  9  -0.0683144988   0.0268315116   0.0002838895  -0.0285484610   0.0023154116
 7 10  -0.0320525371  -0.0455455244  -0.0186990680  -0.0033412545   0.2802100056
 7 11  -0.0006161408  -0.0556170075  -0.0025056335  -0.0853458035   0.0913537080
 7 12  -0.0586743119  -0.1502751207  -0.1708211579  -0.1018338206   0.1780444971
 7 13  -0.0000480779  -0.0114642508  -0.0000130197   0.0082108598   0.0133353655
 7 14  -0.0002769754  -0.0008942043  -0.0069061548   0.0169723456  -0.0004470711
 7 15  -0.0126707117   0.0020201610
 8  1  -0.0716661334  -0.0866273604   0.0995062001   0.0594620314   0.1057882594
 8  2  -0.0967861918   0.1314792699  -0.0377573431   0.0508470770  -0.2191648790
 8  3  -0.1581576382   0.1554414464  -0.1480298286   0.1487839851   0.1057204354
 8  4  -0.0010349496  -0.0045404490   0.0410642380   0.0069005604  -0.0018675609
 8  5   0.0032300133   0.0328154027  -0.0001227166  -0.2011690659   0.0231018273
 8  6  -0.0258859102  -0.0769904117   0.0102422623   0.0030449806   0.0022934403
 8  7   0.0913467453  -0.0437332842   0.0015201514   0.0577539525   0.0414684022
 8  8  -0.0050923085   0.0088132072  -0.0219229562   0.0047836026  -0.0060396287
 8  9   0.0158488299  -0.0034466198  -0.0000280162   0.0051090685  -0.0004835570
 8 10   0.0060388402   0.0081305376   0.0032989018   0.0007643141  -0.0506063494
 8 11   0.0000398308   0.0100892471   0.0004694991   0.0144283922  -0.0191844578
 8 12   0.0097016860   0.0302237664   0.0278885935   0.0187149418  -0.0338302499
 8 13   0.0000187073   0.0032353628   0.0000202793  -0.0021809696  -0.0038777607
 8 14   0.0000627074   0.0002955268   0.0022245104  -0.0046706770   0.0001677525
 8 15   0.0035920242  -0.0005041101
 9  1   0.0477438014   0.1528452515   0.0328667742   0.0367067875   0.1881083347
 9  2  -0.0625349323   0.0060400448   0.0509473063   0.0046811099   0.0133373266
 9  3   0.0634000350  -0.0183474260   0.0041418359  -0.0043049534  -0.0034150918
 9  4  -0.0004291525  -0.1878748186   0.2421959417  -0.1389934488   0.0429406230
 9  5  -0.0000085985  -0.0010917242   0.0001746422   0.0054958051  -0.0004536145
 9  6   0.0006361635   0.0026642356  -0.0000595275   0.0001737610  -0.0005371372
 9  7  -0.0029509377   0.0020853004   0.0002139015  -0.0119658137   0.2352146746
 9  8   0.0737444059   0.0600024312  -0.2668385092  -0.0421015000   0.0349737130
 9  9   0.0891112235   0.0495307194  -0.0006898571  -0.0105800938   0.0003551955
 9 10  -0.0085404013  -0.0196356644  -0.0074934997  -0.0010423584   0.1062681333
 9 11  -0.0003838219  -0.0211797501  -0.0017826576  -0.0658773022  -0.0510342868
 9 12  -0.0553794792   0.0482648432  -0.1714772284  -0.0286562343   0.0154218396
 9 13   0.0001188494   0.0310783609   0.0001910307  -0.0178248663  -0.0395134581
 9 14   0.0007360000   0.0035466486   0.0271791656  -0.0422393027   0.0016666163
 9 15   0.0347121691  -0.0052466281
10  1   0.3274823529  -0.0685308789   0.1675034886  -0.0586730175   0.0835614501
10  2   0.0404945890   0.0434443483   0.1867381653  -0.0209941624  -0.0015915816
10  3  -0.0503117716   0.1054012344  -0.0633693629   0.0636159773   0.0452348897
10  4  -0.0009961496   0.1647046229   0.0218382917   0.1770995778  -0.0451343483
10  5  -0.0062027283  -0.0775288635  -0.0005018042  -0.0653945075  -0.0292303894
10  6   0.0345475497   0.0985965494  -0.0116337491  -0.0028048454  -0.0005832660
10  7  -0.0950597857   0.0451147374  -0.0069398036  -0.0757104151  -0.1209940773
10  8  -0.0121706756  -0.0185002812   0.0916497130  -0.2486697729   0.2708275583
10  9  -0.2414399254   0.2396880565  -0.0019491562  -0.3759518053   0.0170667845
10 10  -0.2790794730  -0.4167389808  -0.1649335556   0.0058674497  -0.2503678143
10 11   0.0038557417   0.3727870774   0.0104755910   0.3681790392  -0.2031106796
10 12   0.2671168554   0.1131996093   0.3003820607   0.1245663936  -0.1885244069
10 13   0.0005023698   0.1362767802   0.0005731383  -0.0807198720  -0.1655029592
10 14   0.0032181853   0.0134764565   0.1032431463  -0.1760966079   0.0062166402
10 15   0.1379620290  -0.0211184775
11  1  -0.0814260177  -0.0647682821   0.1025300477   0.0479536572   0.1318492938
11  2  -0.1631081880   0.2410842800  -0.0671017168   0.0944842472  -0.2422571407
11  3  -0.3028964383   0.2641272674  -0.3269557586   0.3269876118   0.2351708586
11  4  -0.0018929433  -0.0223620851   0.0056233878  -0.0444848073   0.0180665378
11  5  -0.0298506679  -0.4016599447  -0.0062478772  -0.3412349898  -0.1501585025
11  6   0.1700149591   0.5112289870  -0.0651095553  -0.0147066702  -0.0141850532
11  7  -0.4929767752   0.2319261537  -0.0056260883  -0.4023022963  -0.0952252409
11  8   0.0905398662  -0.0172820877  -0.0525050931   0.0445399523  -0.0479147656
11  9   0.0468272404  -0.0450571939  -0.0004258685   0.0686169961  -0.0033507976
11 10   0.0507725609   0.0752782752   0.0301818524  -0.0019891993   0.0441442293
11 11  -0.0004733419  -0.0677608512  -0.0022086562  -0.0675245868   0.0337576088
11 12  -0.0499910031  -0.0167057408  -0.0575883758  -0.0222520957   0.0324577915
11 13  -0.0001530688  -0.0388785840  -0.0002690082   0.0228580758   0.0473777720
11 14  -0.0008875922  -0.0039998629  -0.0298351442   0.0500744300  -0.0019247339
11 15  -0.0394174968   0.0056685945
12  1   0.0815581514   0.1329880276   0.0291508304   0.0196876808   0.2141169862
12  2  -0.0506736810   0.0012974653   0.0832499089   0.0027941710   0.0142554835
12  3   0.0681324873  -0.0223957331   0.0101045606  -0.0100388251  -0.0078150607
12  4  -0.0004879332  -0.1222100794   0.3167699944  -0.0494686393   0.0208274353
12  5   0.0013085541   0.0134065804   0.0006695318   0.0103504403   0.0056713337
12  6  -0.0056052133  -0.0168507257   0.0028097358   0.0010504952   0.0004620606
12  7   0.0164586137  -0.0069078647  -0.0012292099   0.0014824432   0.2595349863
12  8   0.0777990604   0.0649441473  -0.2630559338  -0.1272010648   0.1254550339
12  9   0.0316654467   0.1338066992  -0.0015816445  -0.1428155463   0.0058709333
12 10  -0.1025729536  -0.1609134149  -0.0630815362   0.0025550955  -0.0954633203
12 11   0.0013111661   0.1418685920   0.0029486282   0.0994229661  -0.1819731897
12 12   0.0612932359   0.1600472220  -0.0037081372   0.0583803398  -0.1295858580
12 13  -0.0014067444  -0.3757581211  -0.0017750100   0.2168483691   0.4608257179
12 14  -0.0087395430  -0.0386700841  -0.2969492053   0.4800710839  -0.0178943570
12 15  -0.3809206237   0.0577922058
13  1   0.1323849721   0.0305696405   0.1855584705   0.0324360885  -0.0741119373
13  2   0.0117177232   0.0005621556   0.0214556135  -0.0145256450   0.0150500366
13  3   0.0144992156   0.1082557439   0.0026379683  -0.0018337662  -0.0441132643
13  4  -0.0114597290  -0.2342582538  -0.0020483217  -0.2479112572   0.0648079490
13  5   0.0004162344   0.0065205118   0.0001277904   0.0381814003  -0.0000360514
13  6  -0.0003038904  -0.0068258684   0.0139832636   0.0000103598   0.0000761724
13  7  -0.0012970958   0.0183409987   0.0007097327   0.0046261815  -0.2464567825
13  8  -0.0799802435   0.0190556598  -0.2796613681   0.0649324747  -0.0626403816
13  9  -0.0258103904  -0.0703714558   0.0010928447   0.0049639852   0.0005973188
13 10   0.0103866321  -0.0028023944  -0.0030347097   0.0002971324  -0.0506620158
13 11  -0.0001496875  -0.0099701521   0.0016626003   0.0681747158   0.0268086089
13 12   0.0554215069   0.0754728266   0.0866663178   0.0521209891  -0.0898395994
13 13   0.0001286409   0.0378395608  -0.0008434001  -0.0492660131   0.0000899636
13 14   0.0009551826  -0.0057522689  -0.0458724512   0.0017100986  -0.0028132548
13 15  -0.0319856549   0.0044287153
14  1  -0.1039171113  -0.1151837193   0.0895955291   0.0077249092   0.1073645108
14  2  -0.0281666453  -0.0084643629   0.0015208321   0.1128328686  -0.1543992403
14  3   0.0307166482   0.2656973183   0.0134565712  -0.0092314106  -0.2282040648
14  4  -0.0586703402   0.0443793587   0.0044145103   0.0510909650  -0.0150528966
14  5   0.0021666183   0.0343141934   0.0006810042   0.2013536694  -0.0001359827
14  6  -0.0018180655  -0.0357674570   0.0741481229   0.0000529047   0.0001624133
14  7  -0.0065177473   0.1023091686  -0.0000427014  -0.0628340549   0.0281342278
14  8   0.0289552683  -0.0099375307   0.0495693644  -0.0119910674   0.0131017117
14  9   0.0026563166   0.0125575428  -0.0005296183  -0.0001651093  -0.0004494923
14 10  -0.0002400334   0.0007904087   0.0008675412   0.0003291558   0.0015801321
14 11  -0.0002032784   0.0003026006  -0.0005187977  -0.0137590224  -0.0012134584
14 12  -0.0107327196  -0.0181566023  -0.0085432386  -0.0094785540   0.0176628855
14 13  -0.0000340900  -0.0075010256   0.0002000963   0.0097731298   0.0000323008
14 14  -0.0001732483   0.0011822625   0.0090923076  -0.0002438283   0.0005723705
14 15   0.0063527117  -0.0008098177
15  1   0.1285941112   0.1081550205   0.0245694930  -0.0030496711   0.2520344323
15  2  -0.0416322585   0.0081643074   0.1245468999   0.0015997290   0.0114347427
15  3   0.0576307439  -0.0228599847  -0.0003962904   0.0000256292   0.0064531022
15  4   0.0010555366   0.0123863882   0.1526882039   0.0512214001  -0.0095803981
15  5  -0.0005832112  -0.0009013323   0.0003718770  -0.0054705599  -0.0003842802
15  6   0.0006365734   0.0004998207  -0.0022377946  -0.0004083846   0.0007771652
15  7   0.0001936595  -0.0025763987  -0.0020236468  -0.0010645703   0.0415161344
15  8   0.0136524615  -0.0031687926   0.0478903965  -0.0155909129   0.0223926616
15  9  -0.0804842115   0.0109581346  -0.0005716672   0.0296196561  -0.0006206095
15 10   0.0626055685  -0.0002247875  -0.0027832024   0.0029904992  -0.2993667216
15 11  -0.0004513495  -0.0594274008  -0.0011681612  -0.0209066666   0.1437065292
15 12  -0.0041974675  -0.1397014475   0.2912775797   0.0251616573   0.0210181484
15 13  -0.0000232491  -0.0064361726   0.0001455422   0.0083503092   0.0017826664
15 14  -0.0001688362   0.0009879103   0.0078422504   0.0031348158   0.0005193634
15 15   0.0054705586  -0.0007490417
16  1   0.1419004480   0.0212191256   0.1828985513   0.0139870982  -0.0557938694
16  2   0.0138969775  -0.0000207579   0.0369903286   0.0026235943   0.0209664719
16  3   0.0155101330   0.1453692528   0.0056994427  -0.0040312336  -0.0965433788
16  4  -0.0249495782  -0.2188319425  -0.0645905967  -0.2530682277   0.0667568999
16  5  -0.0050462188  -0.0765518252  -0.0006675069   0.0680823632  -0.0004923238
16  6   0.0025555621   0.0465503591  -0.0973190323  -0.0007373390   0.0001548466
16  7   0.0065522950  -0.1085789244   0.0000838488   0.0969911796  -0.2390793231
16  8  -0.1068999068   0.0259099782  -0.2688663400   0.0643675215  -0.0578451666
16  9  -0.1024306263  -0.0745489684   0.0012908735   0.0673273819   0.0007190019
16 10   0.0955145763  -0.0036333669  -0.0081742835  -0.0009657757   0.0447076421
16 11   0.0006824505   0.0669973804   0.0029581203   0.0905956052  -0.0863466959
16 12   0.0634560206   0.1328896339  -0.0242305969   0.0444664408  -0.1014943501
16 13  -0.0014038060  -0.4520177538   0.0092152025   0.5761465197   0.0020385194
16 14  -0.0114982196   0.0638205062   0.5131102053  -0.0135670957   0.0312009272
16 15   0.3477494725  -0.0481996860
17  1  -0.1388269045  -0.1155548125   0.0848984756  -0.0441237787   0.1346871170
17  2  -0.0410880781  -0.0092936182   0.0026313409   0.2031549640  -0.1237892377
17  3   0.0356658706   0.4583025720   0.0292389821  -0.0199698183  -0.4984681244
17  4  -0.1285407069   0.0580053558   0.0091991923   0.0392574981  -0.0019189463
17  5  -0.0246479778  -0.3945029236  -0.0023429033   0.3550214150   0.0004312125
17  6   0.0124513343   0.2406639775  -0.4992544479  -0.0007006010  -0.0008633911
17  7   0.0338381620  -0.5517053370  -0.0006889495   0.4071983347   0.1824060739
17  8  -0.0726982947   0.0410727612   0.0897787204  -0.0193320617   0.0071606121
17  9   0.0051362540   0.0232299313   0.0038044781  -0.0019352346   0.0039592575
17 10  -0.0029769155   0.0014500605  -0.0023613724  -0.0022658462  -0.0015893173
17 11   0.0024181027  -0.0020945198   0.0019698987  -0.0171471992   0.0021068391
17 12  -0.0134813447  -0.0225622086  -0.0065712803  -0.0079249070   0.0212860723
17 13   0.0001606709   0.0897214355  -0.0017820212  -0.1143684428  -0.0004680401
17 14   0.0024928587  -0.0125179663  -0.1019415322   0.0025598610  -0.0064257905
17 15  -0.0690794573   0.0095649784
18  1   0.2254774774   0.0535167360   0.0143980417  -0.0510546207   0.3279602227
18  2  -0.0136807506   0.0056733358   0.2147410553  -0.0024724900   0.0105134026
18  3   0.0577685526  -0.0300278441  -0.0008403364  -0.0003675138   0.0138553225
18  4   0.0034068308   0.0791072293  -0.2223709686   0.0289350611  -0.0135578708
18  5  -0.0013864755   0.0110904156  -0.0008382334  -0.0097098535  -0.0037712953
18  6   0.0007524002  -0.0084381280   0.0128793712  -0.0039930948   0.0024523589
18  7  -0.0007450670   0.0154468507  -0.0054933683  -0.0139615324   0.0404973491
18  8   0.0175868465  -0.0034173246   0.0477758130  -0.0403501621   0.0855647551
18  9  -0.5295335083   0.0063811308  -0.0044363016   0.3989811698  -0.0045536509
18 10   0.5671550627  -0.0062808944  -0.0293403506  -0.0025609080   0.2660167543
18 11   0.0030774800   0.3965753811   0.0028815628   0.0190011391  -0.5299499135
18 12  -0.0298644640   0.1400100822  -0.3883440066  -0.0512358086   0.0100265366
18 13   0.0002395829   0.0767700780  -0.0015699694  -0.0978155997  -0.0025971935
18 14   0.0019638263  -0.0108505509  -0.0872004590  -0.0025344238  -0.0053628755
18 15  -0.0591059166   0.0081658517
19  1   0.0155531752   0.0930161268   0.1975921150   0.0966113400  -0.1758295762
19  2  -0.0060475544  -0.0231317887  -0.0825390067  -0.0232807493   0.0195498981
19  3   0.0500177677   0.0848271252   0.0258867536  -0.0268971118   0.0229092796
19  4   0.0116610141  -0.0369035225   0.2487755383   0.0240520188  -0.0001689552
19  5   0.0006127396   0.0063670809  -0.0000233749  -0.0386120337  -0.0037921538
19  6   0.0039119623   0.0077839791   0.0134786203  -0.0000867422  -0.0014775438
19  7  -0.0170711417  -0.0110711734   0.0027057438   0.0174206081  -0.1552145967
19  8  -0.0512023158  -0.0386427900   0.1792315165  -0.0049862138  -0.0033866033
19  9   0.0977947158   0.0112704979   0.0000265866   0.0232339855   0.0016586061
19 10   0.0250773958  -0.0373074188  -0.0180164098   0.0017688270  -0.2295026680
19 11   0.0002542356   0.0454803891  -0.0004274611  -0.0457534946  -0.1066507530
19 12  -0.0446233442  -0.1903347165  -0.0270467755  -0.0781832213   0.1648018138
19 13  -0.0000649814  -0.0205776623  -0.0001182319   0.0141977580  -0.0254191082
19 14  -0.0002609594  -0.0021815860  -0.0164435063  -0.0289740489  -0.0017060097
19 15  -0.0239917974   0.0035708182
20  1  -0.0913320548  -0.1432624929   0.0857176631   0.0225792496   0.0738500716
20  2   0.0570456254  -0.1469868119   0.0395491232   0.0576983662  -0.1334436511
20  3   0.2142027260   0.1318735278   0.1348111783  -0.1398995774   0.1186859712
20  4   0.0587607281   0.0091410716  -0.0429233763   0.0003052688  -0.0022926372
20  5   0.0006577180   0.0327698016  -0.0002019708  -0.2012507863  -0.0231030470
20  6   0.0237993856   0.0391699982   0.0674477730  -0.0030591544  -0.0022898127
20  7  -0.0857777276  -0.0559441973  -0.0022101668   0.0560202377   0.0432066117
20  8  -0.0042454538   0.0093282238  -0.0243422295   0.0023279803  -0.0006672956
20  9  -0.0176961106  -0.0032514162   0.0001104172  -0.0048660340  -0.0003815302
20 10  -0.0053914579   0.0080276715   0.0037366181  -0.0002052034   0.0490742652
20 11  -0.0001612576  -0.0097841096   0.0001681950   0.0110938662   0.0204011979
20 12   0.0105019854   0.0408075863   0.0011236941   0.0155527573  -0.0339238218
20 13   0.0000164919   0.0034506467   0.0000309283  -0.0024408385   0.0042220495
20 14   0.0000296349   0.0003603538   0.0026512148   0.0049106886   0.0003094489
20 15   0.0040240943  -0.0005359258
21  1   0.0849987207   0.1335057170   0.0293075447   0.0188082635   0.2183464320
21  2  -0.0562548649   0.0127438201   0.0831351571   0.0038598718   0.0109736183
21  3   0.0530707636  -0.0184003832  -0.0036980937   0.0036973022  -0.0026198607
21  4  -0.0018292076   0.1133127494   0.2044993594   0.1715215672  -0.0401809826
21  5  -0.0001248241  -0.0007794389   0.0002429656   0.0054594331   0.0006615040
21  6  -0.0005332787  -0.0005484556  -0.0016435625   0.0003357702  -0.0003209689
21  7   0.0019393402   0.0006570399   0.0018755266   0.0070357819  -0.1943973598
21  8  -0.0603260289  -0.0502117026   0.2192310355   0.0556270729  -0.0596699083
21  9   0.0431725850  -0.0544640999   0.0009996997  -0.0191873560  -0.0008133386
21 10  -0.0166501008   0.0340649096   0.0150317381  -0.0017712137   0.1926662360
21 11  -0.0000975998  -0.0382424348   0.0026192725   0.0922116439  -0.0115478120
21 12   0.0706763569   0.1596745531  -0.1566846055   0.0190855177  -0.0805250040
21 13  -0.0000714690  -0.0249752223  -0.0002275405   0.0149184143  -0.0327577189
21 14  -0.0002889161  -0.0032493044  -0.0245717847  -0.0330180642  -0.0022654595
21 15  -0.0293024526   0.0042398290
22  1  -0.0660090670   0.1322688261   0.2042825540   0.1279499482  -0.2366238813
22  2  -0.0177040984  -0.0424913794  -0.1480597270  -0.0121141256   0.0285559125
22  3   0.0799236255   0.1046097108   0.0579693891  -0.0599944074   0.0510897773
22  4   0.0256183162   0.1582441456   0.1252342816   0.1958601746  -0.0474260893
22  5  -0.0036047278  -0.0786088622  -0.0006688531  -0.0654211883   0.0298730085
22  6  -0.0323502021  -0.0517564268  -0.0867642156   0.0030515772   0.0004251260
22  7   0.0915675209   0.0585644528   0.0092718019  -0.0715275302  -0.1982494452
22  8  -0.0371783700  -0.0393981339   0.1711725015  -0.1631182692   0.1389387057
22  9   0.3025560479   0.1882437414  -0.0069356227   0.3055650262   0.0110835747
22 10   0.2082059591  -0.3470207326  -0.1588357074   0.0003283915   0.2045014676
22 11  -0.0018124649  -0.3053035540   0.0070084227   0.2970367643   0.1541230180
22 12   0.2424050669   0.2444245527  -0.1726133395   0.0479213345  -0.1445258571
22 13   0.0007075334   0.2465233616   0.0016046876  -0.1548152790   0.3061077241
22 14   0.0029622948   0.0272703411   0.2061424581   0.3130527648   0.0196951981
22 15   0.2620100351  -0.0384267147
23  1  -0.1163998320  -0.1654889403   0.0780083757  -0.0176386929   0.0750497533
23  2   0.1104684487  -0.2573822239   0.0700032670   0.1066327847  -0.0886067546
23  3   0.3655817652   0.2216897414   0.2971132414  -0.3065923528   0.2639424090
23  4   0.1292752997  -0.0189060391  -0.0115422349  -0.0456194378   0.0178971163
23  5  -0.0206090295  -0.4016204043  -0.0009954969  -0.3390493967   0.1505520837
23  6  -0.1566671469  -0.2623502238  -0.4465563041   0.0149900267   0.0143148772
23  7   0.4671363034   0.2979257493   0.0074249750  -0.3937388551  -0.0912817072
23  8   0.0904579307  -0.0160684610  -0.0540078144   0.0375771157  -0.0319512628
23  9  -0.0618241495  -0.0450500017   0.0005797528  -0.0663314579  -0.0027192691
23 10  -0.0448118713   0.0745599451   0.0346444056  -0.0011531568  -0.0426955367
23 11   0.0007030099   0.0659987832  -0.0017054556  -0.0617704112  -0.0363048954
23 12  -0.0516167193  -0.0520609013   0.0319426425  -0.0117462078   0.0327610045
23 13  -0.0001209496  -0.0414680584  -0.0003740853   0.0261234318  -0.0514411243
23 14  -0.0004940827  -0.0046928483  -0.0344941395  -0.0527385287  -0.0034172193
23 15  -0.0441016277   0.0061422590
24  1   0.1478108763   0.0985856209   0.0228191852  -0.0121456332   0.2678852019
24  2  -0.0394794604   0.0132744713   0.1404484460   0.0014661799   0.0096766968
24  3   0.0495437601  -0.0220900229  -0.0074379211   0.0078128846  -0.0056322700
24  4  -0.0035528612  -0.0491944784   0.3075627029   0.0248954832   0.0011832871
24  5   0.0006334665   0.0088838309   0.0007348949   0.0082961555  -0.0027151009
24  6   0.0041845092   0.0067699852   0.0096042968   0.0004373609   0.0003107291
24  7  -0.0108396708  -0.0077322910  -0.0019087366   0.0195221195  -0.2068320753
24  8  -0.0685087638  -0.0552949791   0.2182350313   0.1926150447  -0.1839696195
24  9  -0.1200696228  -0.2072855339   0.0068842588  -0.2568562633  -0.0086351160
24 10  -0.1708310043   0.2947369042   0.1334937334  -0.0006986044  -0.1723597775
24 11   0.0016542168   0.2570256938  -0.0031018993  -0.1845123341  -0.2533219039
24 12  -0.1635656173  -0.2063169316  -0.0538453065  -0.0918820996   0.1859360386
24 13   0.0008773580   0.3030063145   0.0020781189  -0.1873366137   0.3787505832
24 14   0.0035425397   0.0343205993   0.2600090200   0.3816757783   0.0245387260
24 15   0.3222950315  -0.0470259152
25  1   0.0032623971   0.1050258649   0.2010010588   0.1202304683  -0.1993304157
25  2  -0.0088507425  -0.0220051084  -0.1023268485  -0.0463799326   0.0121112610
25  3   0.0492020394   0.0377225699  -0.0288753992   0.0286926750   0.0211494459
25  4  -0.0008658340   0.0095347679   0.1774898773   0.0545352171  -0.0095858719
25  5  -0.0002934174   0.0068416295   0.0004130802   0.0387886751  -0.0047543624
25  6   0.0057391185   0.0144450939  -0.0016808419   0.0002149360   0.0010418377
25  7   0.0179309150  -0.0086943786  -0.0014961545  -0.0162052040   0.0819743196
25  8   0.0307926227  -0.0071618958   0.0976228793  -0.0309056175   0.0368850498
25  9  -0.0682884475   0.0274351767   0.0001296294  -0.0282828980  -0.0022779237
25 10   0.0320447049   0.0456407527   0.0185967444  -0.0031602095   0.2804141129
25 11   0.0001080619   0.0553544180  -0.0032713744  -0.0862984434   0.0908859081
25 12  -0.0586309511   0.1499302811   0.1709255294   0.0998901559  -0.1784836232
25 13   0.0000717062  -0.0107579817  -0.0001320788  -0.0096514277  -0.0140694913
25 14   0.0001643837  -0.0007071066  -0.0058204132   0.0164019028   0.0003562305
25 15   0.0131316506  -0.0020202551
26  1  -0.0464949157  -0.1427893280   0.0917497415   0.0891717499   0.0387547988
26  2   0.0736514136  -0.1457603732   0.0386443631  -0.0635069523  -0.1726246700
26  3   0.2075841455  -0.1147126759  -0.1481516774   0.1488743254   0.1076352030
26  4  -0.0040722492   0.0032671752  -0.0404621208  -0.0073678620   0.0013708842
26  5   0.0015778648   0.0354557395   0.0010122788   0.1997777719  -0.0214519362
26  6   0.0261118935   0.0766247650  -0.0094553211   0.0039186158   0.0015598569
26  7   0.0929431157  -0.0464921615   0.0019999244  -0.0535163898  -0.0373560741
26  8   0.0009036443  -0.0000086931  -0.0293178686   0.0052179513  -0.0060843379
26  9   0.0157329735  -0.0042198072   0.0001064144   0.0053554897   0.0004266048
26 10  -0.0057886669  -0.0083104999  -0.0035793667   0.0005066871  -0.0517864988
26 11  -0.0000467370  -0.0101352407   0.0006764491   0.0148973487  -0.0188842798
26 12   0.0099777206  -0.0303679034  -0.0284380983  -0.0184570625   0.0341038390
26 13  -0.0000022444   0.0027404468   0.0000412945   0.0023579558   0.0036365141
26 14  -0.0000785402   0.0001952145   0.0016780216  -0.0040711556  -0.0000307395
26 15  -0.0033376304   0.0006160194
27  1  -0.0394408043   0.2036442597   0.0423635315   0.0804535435   0.1208002306
27  2  -0.0920487416   0.0159976328  -0.0322008979   0.0092776504   0.0122936490
27  3   0.0536158566  -0.0092428428   0.0040982401  -0.0039830851  -0.0024517007
27  4  -0.0002665920   0.1876723216  -0.2422293537   0.1392995937  -0.0429845995
27  5   0.0002309732  -0.0008129315  -0.0002621942  -0.0055448086   0.0007126327
27  6  -0.0012488950  -0.0014673168   0.0003297817   0.0001708542  -0.0009156270
27  7  -0.0021086701  -0.0003219010   0.0030925329   0.0160165250  -0.2361316651
27  8  -0.0791242856   0.0226547960  -0.2695756631  -0.0423791256   0.0353052755
27  9   0.0895918108   0.0475170719   0.0001848955  -0.0104012821  -0.0005068120
27 10   0.0087000888   0.0192303575   0.0080003607  -0.0014733163   0.1067786101
27 11  -0.0000344558   0.0209834932  -0.0015725742  -0.0658595578  -0.0514631248
27 12  -0.0552377732  -0.0485268334   0.1711058469   0.0265839017  -0.0157679698
27 13  -0.0001635870   0.0293274911   0.0004324505   0.0223809752   0.0411064131
27 14  -0.0003284113   0.0030711777   0.0245116589  -0.0403507024  -0.0005181249
27 15  -0.0359957671   0.0057727435
28  1  -0.0878463478   0.1536335845   0.2103498549   0.1699976601  -0.2784413835
28  2  -0.0226891845  -0.0405050076  -0.1832842859  -0.0531214290   0.0151209975
28  3   0.0775622621   0.0199867374  -0.0624595297   0.0623801358   0.0463302336
28  4  -0.0017544381  -0.1601219858  -0.0216794701  -0.1800457549   0.0486482686
28  5  -0.0045463683  -0.0758402714   0.0000028112   0.0682276167   0.0263640070
28  6  -0.0322389267  -0.0979980910   0.0123193076  -0.0052857729   0.0000366096
28  7  -0.0960775988   0.0489998758  -0.0065133657   0.0659435807   0.1085334754
28  8   0.0221855015   0.0006987608   0.1017824090  -0.2497260901   0.2721424471
28  9  -0.2409456693   0.2410909951  -0.0008857794  -0.3751935689  -0.0212155433
28 10   0.2770047119   0.4143910579   0.1753867707   0.0071003377  -0.2533735991
28 11  -0.0005460319  -0.3719826365   0.0125797734   0.3692754123  -0.2014144961
28 12   0.2666865454  -0.1112895197  -0.3009783144  -0.1179382630   0.1893796607
28 13  -0.0007392604   0.1288682892   0.0017815475   0.0998340871   0.1732696362
28 14  -0.0015944192   0.0115303492   0.0923654372  -0.1692769422  -0.0024649783
28 15  -0.1436027652   0.0226527286
29  1  -0.0366691873  -0.1646499886   0.0887343024   0.1007776066   0.0126403163
29  2   0.1400042975  -0.2547454038   0.0691866618  -0.1091876301  -0.1591089829
29  3   0.3534551309  -0.2210606052  -0.3257992540   0.3270691145   0.2379193792
29  4  -0.0086801738   0.0478152677  -0.0023372841   0.0260663526  -0.0002923451
29  5  -0.0200514474  -0.3968141600  -0.0008115184   0.3548897297   0.1452136240
29  6  -0.1738174125  -0.5091233610   0.0608206163  -0.0203162337  -0.0089901393
29  7  -0.5062859832   0.2547462965  -0.0084138306   0.3849384745   0.0796867625
29  8  -0.0727226975   0.0167065594  -0.0059878447   0.0423251802  -0.0501936131
29  9   0.0468675546  -0.0398226656  -0.0005858692   0.0677057271   0.0040285936
29 10  -0.0504521192  -0.0761304021  -0.0305897879  -0.0002498911   0.0485889275
29 11   0.0005831693   0.0676714773  -0.0023898156  -0.0681784333   0.0344153992
29 12  -0.0502844888   0.0177879665   0.0584228512   0.0207509620  -0.0336326447
29 13   0.0001501251  -0.0326674133  -0.0004334013  -0.0251675362  -0.0439735448
29 14   0.0005220468  -0.0028772214  -0.0236883913   0.0427316632   0.0004100240
29 15   0.0363399857  -0.0061009184
30  1  -0.0734695240   0.2233278248   0.0460399161   0.0974799631   0.0944398605
30  2  -0.1031840765   0.0192429813  -0.0644012515   0.0109926022   0.0120371704
30  3   0.0505310740  -0.0059340831   0.0081704230  -0.0081098753  -0.0052884182
30  4  -0.0001176836   0.1212326674  -0.3169303916   0.0504304522  -0.0215239268
30  5   0.0008285186   0.0089534803  -0.0002838107  -0.0090215717  -0.0032952659
30  6   0.0031931245   0.0117035058  -0.0010089534   0.0004087887  -0.0004504540
30  7   0.0116750870  -0.0072345627   0.0026323026   0.0066180715  -0.2612926045
30  8  -0.0833183916   0.0215720868  -0.2677102626  -0.1275748333   0.1264907769
30  9   0.0323701283   0.1311456360   0.0000381107  -0.1422412052  -0.0075943120
30 10   0.1019181475   0.1596137203   0.0672830595   0.0020775346  -0.0965914593
30 11  -0.0003932217  -0.1415944952   0.0044665632   0.1000772179  -0.1816108738
30 12   0.0614764381  -0.1595360127   0.0028991729  -0.0572465018   0.1298456207
30 13   0.0020076781  -0.3539552342  -0.0049370510  -0.2693846488  -0.4795779152
30 14   0.0042056124  -0.0332314693  -0.2661518985   0.4588080388   0.0060544162
30 15   0.3947826291  -0.0627006804
31  1   0.1077988146   0.0545751702   0.1923703696   0.0796260054  -0.1210790223
31  2   0.0061134648   0.0022054224  -0.0182420848  -0.0606380520   0.0001941020
31  3   0.0122566984   0.0142277417   0.0025728167  -0.0017520021  -0.0433764983
31  4  -0.0113128930   0.2339205335   0.0020099822   0.2482135272  -0.0657552495
31  5   0.0001585366   0.0061538250   0.0001227464  -0.0392812228  -0.0000944369
31  6   0.0006733633   0.0069967973  -0.0147883253  -0.0000811254   0.0003999422
31  7  -0.0015023899   0.0201530117  -0.0020246081   0.0013609989   0.2483288063
31  8   0.0728333065   0.0594908155  -0.2749747997   0.0650494032  -0.0631633712
31  9  -0.0261582916  -0.0676704327   0.0003514225   0.0050918661  -0.0002250069
31 10  -0.0105272240   0.0038329573   0.0017972212   0.0007449011  -0.0506217305
31 11   0.0004045574   0.0101231810   0.0020663622   0.0687023685   0.0270614203
31 12   0.0551927644  -0.0750255674  -0.0865181636  -0.0498260576   0.0900510022
31 13  -0.0000245392   0.0327522419   0.0000392368   0.0483978582   0.0011313286
31 14  -0.0019918853  -0.0066342972  -0.0485942864   0.0005212813  -0.0008077877
31 15   0.0347367476  -0.0058336409
32  1  -0.0142478324  -0.1142328907   0.1016599122   0.1409031041   0.0371816962
32  2   0.0050300834  -0.0058167445  -0.0013576023  -0.1284621444  -0.2329583874
32  3   0.0183382748  -0.2263102736   0.0136593001  -0.0094699257  -0.2268630164
32  4  -0.0584510855  -0.0456772478  -0.0047446985  -0.0479741103   0.0113397471
32  5   0.0018582198   0.0321456142  -0.0001635177  -0.2025794983   0.0000858023
32  6   0.0020117964   0.0364123910  -0.0756300348  -0.0000357782   0.0000439188
32  7  -0.0076088053   0.1031209311   0.0005101867   0.0576079401  -0.0346934672
32  8  -0.0237782717  -0.0105220130   0.0576196970  -0.0134675884   0.0133328639
32  9   0.0029540398   0.0138789582   0.0003483116  -0.0001776776   0.0000942921
32 10   0.0002830435  -0.0002735669  -0.0006329546  -0.0003966149   0.0014857432
32 11  -0.0001513232  -0.0003029083  -0.0004592610  -0.0139671600  -0.0012681326
32 12  -0.0106035729   0.0185652073   0.0087456489   0.0092468707  -0.0180113764
32 13   0.0000211884  -0.0064184301   0.0000081103  -0.0094703544  -0.0002726881
32 14   0.0003448826   0.0012955328   0.0095093007  -0.0000112454   0.0002257511
32 15  -0.0067778297   0.0012951064
33  1  -0.1202715207   0.2484067525   0.0506763101   0.1202282681   0.0569414515
33  2  -0.1131685732   0.0146370672  -0.1059256769   0.0124264784   0.0139926449
33  3   0.0590700378  -0.0046370061  -0.0004361619   0.0003744152   0.0064032417
33  4   0.0007493787  -0.0123985268  -0.1526897648  -0.0512744721   0.0097594166
33  5  -0.0004647068  -0.0008333898   0.0002689903   0.0056306374  -0.0002305513
33  6   0.0006032945  -0.0015017855   0.0019065344  -0.0001479580   0.0008807875
33  7   0.0003370569  -0.0028714898  -0.0021412092   0.0001340803  -0.0422331125
33  8  -0.0123802081  -0.0099556166   0.0470792886  -0.0157098818   0.0225473350
33  9  -0.0805286456   0.0105399306  -0.0002353964   0.0301668544   0.0005824801
33 10  -0.0627541106  -0.0000964510   0.0030083841   0.0029457304  -0.2996687991
33 11   0.0004338188   0.0597603104  -0.0013059469  -0.0212680209   0.1440754039
33 12  -0.0041776880   0.1390711149  -0.2898171002  -0.0252236241  -0.0211865533
33 13   0.0000077801  -0.0055395247  -0.0000073618  -0.0081710683  -0.0020775741
33 14   0.0003432374   0.0011328345   0.0082805458   0.0032694384   0.0001845334
33 15  -0.0058541496   0.0010066959
34  1   0.0981568377   0.0639152192   0.1950125616   0.0979023918  -0.1393235172
34  2   0.0039283837   0.0027906796  -0.0336872826  -0.0786703635  -0.0060608728
34  3   0.0115250572  -0.0225558261   0.0055365817  -0.0037841382  -0.0950318379
34  4  -0.0246896954   0.2235756290   0.0655725330   0.2494215646  -0.0637844541
34  5  -0.0051184106  -0.0764152133  -0.0005091259  -0.0639679832  -0.0002140883
34  6  -0.0020057673  -0.0465278710   0.0961013848  -0.0000534948   0.0007450150
34  7   0.0082855499  -0.1067600006  -0.0036028225  -0.0845773577   0.2479464926
34  8   0.0938131634   0.0585162708  -0.2763320194   0.0661931640  -0.0579891196
34  9  -0.1029224395  -0.0736896343  -0.0009492443   0.0679223590   0.0004105156
34 10  -0.0951279401   0.0039184118   0.0071520441   0.0006936576   0.0451363586
34 11   0.0000358935  -0.0671750651   0.0034530046   0.0917089021  -0.0863342676
34 12   0.0628531477  -0.1326753592   0.0236634946  -0.0426760285   0.1018676416
34 13   0.0002940497  -0.3928962809  -0.0008299376  -0.5686054115  -0.0164212650
34 14   0.0229828324   0.0744692831   0.5459426919  -0.0004460033   0.0093724163
34 15  -0.3792040230   0.0631497886
35  1   0.0206804129  -0.1138615983   0.1063594489   0.1927791977   0.0098446508
35  2   0.0179583373  -0.0047927044  -0.0024340653  -0.2246460301  -0.2662991091
35  3   0.0138799015  -0.4207773296   0.0295852421  -0.0205820323  -0.4977880910
35  4  -0.1286332172  -0.0344185680  -0.0045329002  -0.0563922906   0.0169832566
35  5  -0.0251012860  -0.4005077921  -0.0037738280  -0.3325678777  -0.0004103061
35  6  -0.0137626880  -0.2434955249   0.5059754404   0.0004111471  -0.0005742736
35  7   0.0434281869  -0.5625371825  -0.0004107658  -0.3868760981  -0.1544488168
35  8   0.0478462073  -0.0236540006   0.0340938119  -0.0116841565   0.0112590509
35  9   0.0044595815   0.0126907312  -0.0033237995  -0.0018228713  -0.0001466209
35 10   0.0028325458  -0.0024169893   0.0034046628   0.0022515611  -0.0013722087
35 11   0.0004441727   0.0018985822  -0.0000130772  -0.0163359444   0.0020180322
35 12  -0.0135984551   0.0211288852   0.0060817495   0.0076829622  -0.0203681587
35 13  -0.0000579298   0.0768203836   0.0002064652   0.1111426324   0.0032753981
35 14  -0.0044315041  -0.0144717457  -0.1066612780  -0.0000421306  -0.0020015754
35 15   0.0740422943  -0.0126665626
36  1  -0.2172153814   0.3029907100   0.0608354767   0.1682334948  -0.0190869117
36  2  -0.1409009989   0.0169149779  -0.1956224840   0.0166552130   0.0151297506
36  3   0.0599314730   0.0024573438  -0.0013280289   0.0011687125   0.0138225114
36  4   0.0026872824  -0.0799323996   0.2221521635  -0.0284728288   0.0131511767
36  5  -0.0004921788   0.0110292945   0.0007089986   0.0092032095  -0.0003919685
36  6   0.0029272048   0.0054364045  -0.0143810280  -0.0005197359   0.0035426404
36  7  -0.0006728810   0.0153644692  -0.0096207310   0.0128227571  -0.0435918881
36  8  -0.0155594964  -0.0093206875   0.0486767506  -0.0409669467   0.0857404263
36  9  -0.5287422573   0.0061865055  -0.0023203580   0.4020753258   0.0050624486
36 10  -0.5639399830   0.0038766620   0.0280801773  -0.0027271436   0.2676139331
36 11  -0.0032898899  -0.3980147832   0.0029778573   0.0193623816  -0.5311847194
36 12  -0.0298202816  -0.1395164628   0.3863125169   0.0503107045  -0.0096721207
36 13  -0.0000510007   0.0666891390   0.0001397386   0.0964945687   0.0051942197
36 14  -0.0039166128  -0.0126619940  -0.0927493506  -0.0047010906  -0.0016517459
36 15   0.0643312042  -0.0107359383
37  1  -0.1440144287   0.0378451369   0.1586991231  -0.2512370775   0.0157211498
37  2  -0.0061899758   0.0457146990   0.0492158166  -0.1562308347   0.0223044089
37  3   0.0114341442   0.0069826894   0.0487284018   0.0385953764   0.0138054769
37  4  -0.0446636953  -0.0181903017   0.0036604616  -0.0627077844  -0.3029365101
37  5   0.0617309575  -0.0045866929  -0.0450365733   0.0002091983  -0.0805153836
37  6  -0.0034322797  -0.0229727216  -0.0112312063   0.0682634925   0.0734272124
37  7  -0.0044901593   0.0004455667   0.0296480883  -0.0125089224   0.0779237781
37  8  -0.2164713978  -0.2147501448  -0.0304386979  -0.2444927392  -0.2545636901
37  9  -0.0225992531   0.0148567771   0.2504355998   0.0022842819  -0.3441342793
37 10   0.0019186664  -0.0562995945   0.0957265069  -0.1598486798  -0.0016135225
37 11  -0.2537819326   0.0020707700   0.3142824128   0.0867305678   0.0118322991
37 12  -0.1217648326   0.1873841903   0.0838504878  -0.0897456591   0.1854223806
37 13   0.3974056281  -0.0004366510   0.3299235648   0.0022145634   0.0008821816
37 14   0.2049555359  -0.3831115405   0.0575665232   0.0039806845  -0.3362511813
37 15   0.0244300830   0.0953252003
38  1   0.0114645342  -0.1168093642   0.1045567149   0.1787039948   0.0146671772
38  2   0.0226841028   0.0169172711   0.0073297420   0.2512640842   0.1593143241
38  3  -0.0245933343  -0.1079625353   0.0152596048   0.0122030910   0.0040978639
38  4  -0.0140188446  -0.2004494538  -0.0439351691   0.1542067575  -0.1331321947
38  5   0.0193657820  -0.0051036476  -0.0143264830   0.0010151478  -0.0251881413
38  6  -0.0012412947  -0.0065894464  -0.0048045561   0.0217601994   0.0230822569
38  7  -0.0013244812  -0.0009431259   0.0096874568  -0.0067104452   0.0679788013
38  8  -0.1663836974  -0.1799909059  -0.0225738175   0.1794930151   0.3534294157
38  9   0.0411061150  -0.1716817234  -0.3093276855  -0.0028409721   0.4260334913
38 10  -0.0028203723   0.0733700504  -0.1271090467   0.1989395624   0.0018679006
38 11   0.3142435782  -0.0025610568  -0.4258764154  -0.0017397995  -0.0033533370
38 12   0.0145041819  -0.1542378421  -0.0943839429   0.2859753640  -0.0570001748
38 13   0.3249631826  -0.0003539424   0.2675794954   0.0019150706   0.0007474563
38 14   0.1723902649  -0.3153326189   0.0471706872   0.0032149112  -0.2715900205
38 15   0.0200739597   0.0794543980
39  1  -0.2103433020   0.1293958781   0.0243527176   0.1078400794  -0.1195592990
39  2   0.3149825316   0.2791077527   0.2916194612   0.0292992701  -0.0113170064
39  3   0.0737635214  -0.0010686121   0.3234021546   0.2558595851   0.0840292559
39  4  -0.2981464566   0.0129478726   0.0038085356   0.0020191028   0.0519628560
39  5   0.4102121574  -0.0247907099  -0.2993783192  -0.0002806404  -0.5344685891
39  6  -0.0227366904  -0.1523210749  -0.0748654347   0.4545546878   0.4882034225
39  7  -0.0295858579  -0.0030594061   0.1974729603   0.0019896775  -0.0116041434
39  8   0.0420227530   0.0403352468   0.0051595640   0.0282215058   0.0216497829
39  9   0.0001483993   0.0058193636  -0.0229436693  -0.0003157108   0.0315275138
39 10  -0.0003833497   0.0049977002  -0.0083598827   0.0147881330  -0.0002353567
39 11   0.0232962765  -0.0001963715  -0.0271859075  -0.0129801741  -0.0016496005
39 12   0.0176427127  -0.0208987203  -0.0081864365  -0.0000336309  -0.0252057280
39 13  -0.0752460672   0.0000826808  -0.0623646573  -0.0004242584  -0.0001611875
39 14  -0.0390371514   0.0726380145  -0.0109035089  -0.0007747135   0.0635091868
39 15  -0.0046309154  -0.0181232140
40  1  -0.1065074219   0.0332800872   0.1609345790  -0.2238359969   0.0119487659
40  2  -0.0031455137   0.0251267020   0.0269676164  -0.0717826170   0.0088018915
40  3   0.0005356137  -0.0231437576   0.0226928006   0.0179954452   0.0067516319
40  4  -0.0206518934  -0.1668549531  -0.0340123934   0.1014225661  -0.2120582816
40  5  -0.0049175881  -0.0021250256  -0.0329668699   0.0006986050   0.0121085736
40  6   0.0005573697   0.0037275957   0.0010854392  -0.0122516422  -0.0113628711
40  7   0.0007313577   0.0001689758  -0.0029556212  -0.0099503302   0.0740580051
40  8  -0.1945758813  -0.2192445158  -0.0301111461  -0.0850074725  -0.0253813302
40  9   0.0015647316  -0.0562093375   0.0196401112   0.0001932199  -0.0390070499
40 10   0.0000454724  -0.0048419116   0.0072975989   0.1889590351   0.0018689874
40 11   0.0392502673  -0.0003243411  -0.1033097762   0.0323794569   0.0028129279
40 12  -0.0399331561  -0.0815799861  -0.0572601009   0.2124880610  -0.0030818779
40 13  -0.0331137476   0.0000326597  -0.0288358935  -0.0001484733  -0.0000678866
40 14  -0.0163049234   0.0336857663  -0.0051409275  -0.0003710431   0.0313757090
40 15  -0.0022295517  -0.0085317267
41  1  -0.0161304813  -0.1167280743   0.1009178303   0.1377703071   0.0365790123
41  2   0.0114004906   0.0126638923   0.0040461368   0.1443795891   0.1757365344
41  3  -0.0247876503  -0.0696005810   0.0070708079   0.0057751757   0.0022617058
41  4  -0.0063097591  -0.0167353904   0.0023062605  -0.0495782587  -0.2487580113
41  5  -0.0015578278  -0.0017956892  -0.0103295600   0.0005855959   0.0038845398
41  6   0.0000905652   0.0013389473   0.0000757740  -0.0038100227  -0.0036000392
41  7   0.0002545401  -0.0000434694  -0.0007960525  -0.0076296754   0.0612066528
41  8  -0.1575029041  -0.1796576743  -0.0241520237  -0.0107584363   0.0658551066
41  9   0.0104172931  -0.0729579868  -0.0224925417  -0.0002218972   0.0464638820
41 10  -0.0004365228   0.0092722970  -0.0169161358  -0.2348839562  -0.0023673873
41 11  -0.0500228391   0.0004155924   0.0999325342   0.0467126965   0.0058489647
41 12  -0.0627005377   0.1729744044   0.0802404636  -0.1062982118   0.1613416075
41 13  -0.0271696018   0.0000302828  -0.0218739757  -0.0002079980  -0.0000737108
41 14  -0.0166719170   0.0289098705  -0.0042480878  -0.0002734396   0.0232461971
41 15  -0.0019492887  -0.0081577475
42  1  -0.1314681007   0.1056371636   0.0204385396   0.0757166398  -0.0448203313
42  2   0.2823146562   0.1519954489   0.1599514273   0.0134418716  -0.0119257663
42  3   0.0153828361   0.0055017370   0.1505129750   0.1192930778   0.0388897288
42  4  -0.1380412353   0.0260016722   0.0054114090  -0.0129502755   0.0436466747
42  5  -0.0321152606   0.0030015757  -0.2183524409   0.0003758463   0.0802741579
42  6   0.0040821980   0.0228490140   0.0114125058  -0.0810732993  -0.0749122992
42  7   0.0047547745   0.0004464010  -0.0197035115   0.0018849234  -0.0143581601
42  8   0.0367082191   0.0415937560   0.0057202827   0.0133789326   0.0007368800
42  9  -0.0008816054   0.0119552337  -0.0019252328  -0.0000373663   0.0036766633
42 10  -0.0000060093   0.0002910749  -0.0003002590  -0.0173807718  -0.0001789774
42 11  -0.0035202982   0.0000225357   0.0108541432  -0.0070977233  -0.0006128131
42 12   0.0089963994   0.0040853080   0.0048083842  -0.0269991406  -0.0072028679
42 13   0.0062746332  -0.0000064336   0.0053803549   0.0000321493   0.0000115328
42 14   0.0032448554  -0.0064432206   0.0009753701   0.0000707929  -0.0058279341
42 15   0.0004285881   0.0016715821
43  1  -0.0571795124   0.0376319909   0.1679537801  -0.1556909937  -0.0173775711
43  2  -0.0009199312  -0.0108706533   0.0287667203   0.1001204071  -0.0186183279
43  3  -0.0268123737  -0.0836233892  -0.0223046749  -0.0247997400   0.0028888835
43  4  -0.0131621702  -0.1451369336  -0.0401350202   0.1964248476   0.2270046415
43  5  -0.0055281286  -0.0008763789   0.0316584039  -0.0002101142   0.0066473180
43  6   0.0108954507  -0.0021269214  -0.0004699846   0.0141466937  -0.0019548808
43  7  -0.0008539004   0.0023039735   0.0103402378  -0.0159310990   0.0542171493
43  8  -0.2415476474   0.2621445894   0.0424074620   0.0435798243   0.0936859236
43  9   0.0110580103  -0.0508494432   0.0112826512   0.0000925956  -0.0196977599
43 10  -0.0007345968   0.0048155912  -0.0126071700   0.1067305572   0.0010411564
43 11  -0.0210908811   0.0001711474   0.0976243913   0.0088789906   0.0016887303
43 12  -0.0138556967  -0.0160089471   0.0122251115  -0.1550119011  -0.0897431985
43 13   0.0299855419  -0.0000663991   0.0444282999  -0.0010557007  -0.0002284588
43 14  -0.0388552756   0.0361782850  -0.0047468746  -0.0000437823   0.0074988685
43 15  -0.0044309659  -0.0249796534
44  1  -0.0086274105  -0.1150463062   0.1022437064   0.1491319017   0.0320503955
44  2   0.0096035119   0.0017868881   0.0053889293   0.1707827488   0.1708553547
44  3  -0.0326685289  -0.0786190844  -0.0070853924  -0.0077284915   0.0012495512
44  4  -0.0039923652  -0.0500264073  -0.0071757013  -0.0018080408  -0.1862657174
44  5  -0.0018089257  -0.0016865158   0.0100513543   0.0004150711   0.0020909410
44  6   0.0034171818  -0.0004007504  -0.0007249442   0.0043891458  -0.0004543731
44  7  -0.0001757756  -0.0009796308   0.0027140120   0.0064032972  -0.0220212006
44  8   0.0975247198  -0.1026688845  -0.0168578218   0.0552597658  -0.0150068553
44  9  -0.0059781178   0.0699967958   0.0239574312   0.0002107924  -0.0451204453
44 10  -0.0020477873   0.0138610875  -0.0357723303   0.2856866447   0.0028858807
44 11  -0.0527908553   0.0004241730   0.0664232423  -0.0773618003  -0.0079441311
44 12   0.0979186924  -0.1851680569  -0.0689682270  -0.0279152092  -0.2370223778
44 13  -0.0109818963   0.0000250358  -0.0165310696   0.0004293228   0.0000933662
44 14   0.0159765779  -0.0159749029   0.0021833830   0.0000526464  -0.0054875292
44 15   0.0014101874   0.0073618623
45  1  -0.1483638897   0.1478352205   0.0290961141   0.0950581459  -0.0376845130
45  2   0.1900680348  -0.0670508093   0.2043302440  -0.0185199556  -0.0219237110
45  3  -0.1365914083   0.0213904645  -0.1479510827  -0.1643865209   0.0200654893
45  4  -0.0871227932   0.0241039769   0.0055693390  -0.0294442986  -0.0253482996
45  5  -0.0369050699   0.0021594296   0.2115711511  -0.0002963740   0.0436689474
45  6   0.0728267256  -0.0136088344  -0.0046674257   0.0930522976  -0.0113065832
45  7  -0.0049650492  -0.0008416760   0.0633101582   0.0020493493  -0.0057699194
45  8   0.0325376074  -0.0350995007  -0.0058342958  -0.0092254398  -0.0133307724
45  9  -0.0029595806   0.0043894286  -0.0028360721  -0.0000378322   0.0051080954
45 10   0.0003129291  -0.0013919381   0.0036053792  -0.0296713748  -0.0002426016
45 11   0.0056648696  -0.0000440720  -0.0178767922   0.0023333429   0.0001753028
45 12  -0.0025533667   0.0112260730   0.0013748820   0.0246927441   0.0247854105
45 13  -0.0039969042   0.0000089711  -0.0059084346   0.0001386557   0.0000267724
45 14   0.0050957765  -0.0046910150   0.0006106131   0.0000130631  -0.0008688210
45 15   0.0006006153   0.0034137229
46  1  -0.0562707931   0.0455969817   0.1711889930  -0.1299885784  -0.0364693343
46  2  -0.0022329946  -0.0181474833   0.0524357261   0.1496299756  -0.0266676488
46  3  -0.0368888934  -0.1010905394  -0.0476861529  -0.0532216563   0.0062185028
46  4  -0.0297075313  -0.0561761941  -0.0208537861   0.1336132253   0.3061773646
46  5   0.0600011426  -0.0045280768   0.0548591808  -0.0007537677  -0.0447866518
46  6  -0.0738260270   0.0131027888   0.0060314024  -0.0787392101  -0.0027355857
46  7   0.0047045626   0.0029984059  -0.0632629664  -0.0173099646   0.0574517843
46  8  -0.2607689389   0.2581922519   0.0415898771   0.1737363856   0.1394520092
46  9   0.0109521899   0.0354842088   0.1366003365   0.0012259589  -0.1581762772
46 10  -0.0072976430   0.0497007465  -0.1280262103  -0.1036859336  -0.0011529154
46 11   0.1365803357  -0.0011042410  -0.0489386058   0.1290882385   0.0135860071
46 12  -0.1639915246   0.1320383980   0.0637278099  -0.1020400935   0.1133888841
46 13  -0.3562295935   0.0007197999  -0.5184718249   0.0125262030   0.0026754826
46 14   0.4491654324  -0.4104420017   0.0543106296   0.0005925438  -0.0909239503
46 15   0.0470880544   0.2595700641
47  1   0.0248317075  -0.1138193524   0.1069176268   0.1989445233   0.0065940067
47  2   0.0195002635  -0.0024218350   0.0097367165   0.3005309522   0.1528796571
47  3  -0.0389219164  -0.1249687107  -0.0151477952  -0.0167568017   0.0012049435
47  4  -0.0094059650   0.1836713840   0.0426661084  -0.1654740902   0.0275208213
47  5   0.0189140087  -0.0015443883   0.0175344083  -0.0007002357  -0.0141611299
47  6  -0.0233958194   0.0033576518   0.0036462564  -0.0249743856  -0.0006661691
47  7   0.0016441489  -0.0008440013  -0.0206521564   0.0062596760  -0.0301477187
47  8   0.1123566934  -0.1037766396  -0.0189588678   0.3967708761   0.0878872641
47  9  -0.0126395624   0.3133131381   0.3557043401   0.0030551728  -0.4127912081
47 10  -0.0191802622   0.1326290695  -0.3413185683  -0.2713796976  -0.0031117797
47 11   0.3660387199  -0.0029600452  -0.3647299770   0.2197722906   0.0211699751
47 12  -0.2707406732   0.1922697022   0.0570225697   0.1510504829   0.3012219227
47 13   0.1381680338  -0.0003229551   0.2014358999  -0.0049397450  -0.0010459931
47 14  -0.1762073485   0.1631003042  -0.0215372730  -0.0002857814   0.0389926085
47 15  -0.0180179151  -0.0983749333
48  1  -0.2404546427   0.2044986123   0.0397606238   0.1422759437  -0.1069054846
48  2   0.1508547048  -0.1097404476   0.3706759310  -0.0275816299  -0.0288726391
48  3  -0.1944339353   0.0271720359  -0.3162711502  -0.3528755550   0.0454597675
48  4  -0.1962942277   0.0003341656   0.0023980742  -0.0122866508  -0.0472226789
48  5   0.3979403119  -0.0254513860   0.3650900790  -0.0012027636  -0.2976393662
48  6  -0.4892203495   0.0911232452   0.0305549996  -0.5232916433  -0.0165714201
48  7   0.0318035450   0.0031708968  -0.4249607795   0.0026552514  -0.0160065199
48  8   0.0287099914  -0.0312332460  -0.0037872730  -0.0450727985  -0.0257996470
48  9   0.0085485539  -0.0205796532  -0.0375168187   0.0001214886   0.0435460393
48 10   0.0013503681  -0.0137934497   0.0355358164   0.0285990294   0.0009927376
48 11  -0.0379708938   0.0002937155   0.0247440651  -0.0298736638  -0.0037141854
48 12   0.0375414615  -0.0290828751  -0.0120966546   0.0081913837  -0.0314302198
48 13   0.0471042097  -0.0000957962   0.0685393580  -0.0016578056  -0.0002901211
48 14  -0.0592967682   0.0540858811  -0.0071518319  -0.0001666518   0.0118434185
48 15  -0.0062437816  -0.0344387476
49  1  -0.0089968525   0.0317832339   0.1708316793  -0.1204422052  -0.0222605063
49  2   0.0029883918  -0.0372983355   0.0001749349   0.2088837325  -0.0346606600
49  3  -0.0403041569  -0.1216578772  -0.0002789040   0.0067970917  -0.0098317439
49  4   0.0341240282   0.0466236378   0.0070998373  -0.0039406104   0.1519749314
49  5  -0.0040160057   0.0008509884  -0.0320191652  -0.0002334724  -0.0043927724
49  6   0.0091041127  -0.0045753643  -0.0021215360  -0.0017922801   0.0106802818
49  7   0.0000915640   0.0002900949  -0.0152727723  -0.0021484896   0.0132625528
49  8  -0.0406300384  -0.0459052942  -0.0072333716   0.0367630653  -0.0330547829
49  9  -0.0068130807   0.0680049890  -0.0292505821  -0.0002066193  -0.0100349148
49 10   0.0026983386  -0.0264339263   0.0598971902  -0.2918857605  -0.0027515869
49 11  -0.0584842243   0.0004744954  -0.0300971580  -0.0850249132  -0.0095474166
49 12   0.1092588215  -0.0220753586  -0.0443443282   0.2999894286   0.1095177133
49 13  -0.0019875748  -0.0000114320  -0.0021379665   0.0001242581   0.0000275477
49 14   0.0042317793  -0.0023299714   0.0005730187   0.0000745593  -0.0043829822
49 15  -0.0017314273  -0.0120008257
50  1  -0.0440190853  -0.1149405689   0.0975769883   0.0966330652   0.0601544130
50  2  -0.0048723828  -0.0037467200   0.0011639651   0.0330120935   0.1888840011
50  3  -0.0323757459  -0.0296694782  -0.0001159787   0.0022105940  -0.0016572448
50  4   0.0110636782  -0.2564686510  -0.0600847896   0.2361592165  -0.0209213748
50  5  -0.0012773490  -0.0017755066  -0.0102334095   0.0004018835  -0.0014657043
50  6   0.0028304777  -0.0015606926  -0.0002739896  -0.0005880382   0.0032169809
50  7   0.0000767385  -0.0003627500  -0.0045383108   0.0123336987  -0.0931612549
50  8   0.2475919868   0.2833828678   0.0395336060  -0.0876256726  -0.0802222925
50  9  -0.0058656275  -0.0101924843  -0.0056988756  -0.0000252459  -0.0059916015
50 10   0.0004204205  -0.0041950979   0.0095402554  -0.0456314038  -0.0004736901
50 11  -0.0095883249   0.0000762208  -0.0940138607   0.0068394558  -0.0000473384
50 12  -0.0049764818   0.0934418520   0.0352283146   0.0112917219   0.1193170049
50 13   0.0103860532   0.0000438868   0.0049084472  -0.0007493244  -0.0001852184
50 14  -0.0243904555  -0.0055060632  -0.0009009339  -0.0004521412   0.0302188416
50 15   0.0105780059   0.0749170794
51  1  -0.0471973944   0.1174131267   0.0240865167   0.0538733353   0.0582087124
51  2   0.1480308505  -0.2302296961   0.0352129855  -0.0388624428  -0.0225293062
51  3  -0.2075662322   0.0294087886  -0.0020377688   0.0451049482  -0.0594719954
51  4   0.2275125996   0.0049662370   0.0012874022  -0.0106702567  -0.0222201402
51  5  -0.0269337670   0.0017556363  -0.2121475524   0.0004577882  -0.0295378568
51  6   0.0602257595  -0.0306875078  -0.0132979921  -0.0120447335   0.0700859823
51  7   0.0009082129   0.0001778866  -0.0997927372  -0.0002214024   0.0001279306
51  8  -0.0069658967  -0.0057914907  -0.0003684965  -0.0014294095   0.0085438359
51  9   0.0052351335  -0.0098701793   0.0047881197   0.0001323247   0.0018172597
51 10  -0.0001600373   0.0042507284  -0.0096118229   0.0461632988   0.0005858670
51 11   0.0092393025  -0.0000721413   0.0089854156   0.0124772207   0.0008098643
51 12  -0.0162362323  -0.0011455469   0.0052158711  -0.0456871053  -0.0221561669
51 13  -0.0001878917  -0.0000001294   0.0000921938   0.0000171594   0.0000007722
51 14   0.0005083625   0.0006105559  -0.0000440221   0.0000283185  -0.0007588949
51 15  -0.0002382581  -0.0017115808
52  1   0.0293497572   0.0351804560   0.1762938440  -0.0674237159  -0.0450915118
52  2   0.0047160918  -0.0644252307   0.0016206320   0.3381106041  -0.0562823885
52  3  -0.0592877305  -0.1655330548  -0.0009972043   0.0140185561  -0.0202319329
52  4   0.0740034377   0.0327307835   0.0139500926  -0.0880477666  -0.2112916199
52  5   0.0584214160  -0.0002260359  -0.0532424866   0.0002266095   0.0309668366
52  6  -0.0619045998   0.0338192796   0.0092949093   0.0115344724  -0.0477592913
52  7  -0.0018290476   0.0012134282   0.0943292702  -0.0015180431   0.0037443419
52  8  -0.0503076975  -0.0494384891  -0.0122957865   0.1600189765  -0.2667149085
52  9  -0.0544483229   0.3971388366  -0.3756928104  -0.0030566934  -0.0902057083
52 10   0.0228986168  -0.2320791009   0.5209925908   0.2472919592   0.0032160791
52 11   0.4065304801  -0.0033547464   0.1839785408   0.2992105861   0.0354336367
52 12  -0.4052951829  -0.0045668249   0.0426072612  -0.3800600956  -0.1844308905
52 13   0.0215280105   0.0000819040   0.0118551379  -0.0013287202  -0.0003147747
52 14  -0.0481181224  -0.0047720565  -0.0024822570  -0.0008637907   0.0552615091
52 15   0.0191152758   0.1334826974
53  1  -0.0382685488  -0.1136490444   0.0985936809   0.1053412189   0.0566857316
53  2  -0.0062569875  -0.0118452990   0.0021496379   0.0520123978   0.1832814552
53  3  -0.0374935795  -0.0362159720  -0.0002743184   0.0044347526  -0.0051192163
53  4   0.0232855601  -0.2574962093  -0.0587162806   0.2221304103  -0.0766637633
53  5   0.0181843849  -0.0013797902  -0.0167581298   0.0004214980   0.0095541729
53  6  -0.0192836770   0.0102114130   0.0036627626   0.0035541638  -0.0150082406
53  7  -0.0004121527  -0.0004819965   0.0296439800   0.0138194720  -0.1014944364
53  8   0.2688556279   0.2827112288   0.0384266921  -0.0757385791  -0.1213115912
53  9  -0.0143063635   0.0390251994  -0.0592359769  -0.0004942035  -0.0184891444
53 10   0.0034548337  -0.0358734296   0.0806739911   0.0373091504   0.0004647378
53 11   0.0620791135  -0.0005104991  -0.0799025010   0.0699628748   0.0074857242
53 12  -0.0895816854   0.1081337756   0.0536717194  -0.0979285339   0.0867589620
53 13  -0.1344688864  -0.0005863806  -0.0635868891   0.0093145378   0.0022669819
53 14   0.3032970962   0.0621027715   0.0107466509   0.0052417234  -0.3554162167
53 15  -0.1172051193  -0.8444441653
54  1  -0.0601054222   0.1501173323   0.0307988648   0.0688062382   0.0639508436
54  2   0.0763106861  -0.3966844548   0.0694309360  -0.0631611663  -0.0296842500
54  3  -0.3146390310   0.0408790433  -0.0068004669   0.0945325675  -0.1293701666
54  4   0.4933450464   0.0081115261   0.0036917631   0.0028942148   0.0354940487
54  5   0.3894961051  -0.0233244533  -0.3547718219   0.0001307630   0.2069452443
54  6  -0.4163175028   0.2124407176   0.0929467961   0.0762260093  -0.3230410964
54  7  -0.0078407299  -0.0014862336   0.6390445438  -0.0006179783   0.0191818518
54  8   0.0040033994  -0.0098291763  -0.0026885862  -0.0203827109   0.0476202036
54  9  -0.0201615093  -0.0609641580   0.0584609782  -0.0007402562   0.0141692184
54 10  -0.0058692492   0.0360650122  -0.0811801875  -0.0386940888   0.0005300303
54 11  -0.0638106450   0.0004898052  -0.0240791185  -0.0482545033   0.0015829928
54 12   0.0654180362  -0.0039481177  -0.0108477652   0.0612059154   0.0237948451
54 13   0.0030180583   0.0000096738   0.0011817099  -0.0002531652   0.0000429753
54 14  -0.0068779973  -0.0021676538  -0.0001275025  -0.0002966370   0.0082380606
54 15   0.0026516496   0.0192793278
55  1  -0.0102275221   0.0215685678   0.1666756741  -0.1534764836   0.0022489005
55  2   0.0046683893  -0.0277662971  -0.0302077584   0.1463589222  -0.0240012516
55  3  -0.0279171516  -0.0996665738   0.0226549922   0.0181529212   0.0045893018
55  4  -0.0204485190   0.1675517404   0.0342331763  -0.1016407986   0.2116564469
55  5  -0.0053530189   0.0022280973   0.0317039264  -0.0004869029  -0.0119964894
55  6   0.0006056446  -0.0037397568  -0.0022189786  -0.0126672772  -0.0036354801
55  7   0.0005384478  -0.0021959506   0.0110555917   0.0134688448  -0.0429463395
55  8   0.2007746508  -0.2172054344  -0.0341886543  -0.0866255045  -0.0274755290
55  9   0.0013152506  -0.0562334665   0.0193445814   0.0001247335   0.0375978314
55 10  -0.0001816828   0.0058057993  -0.0102727588   0.1917464121   0.0017375850
55 11  -0.0377883410   0.0003077619  -0.1051323635   0.0326466165   0.0027443781
55 12  -0.0367838981   0.0810689881   0.0570620491  -0.2125178995   0.0030972898
55 13  -0.0156883305   0.0000047312   0.0220764752   0.0007135448   0.0002179218
55 14   0.0332072456   0.0401560235  -0.0054825463   0.0000433764  -0.0159794906
55 15   0.0046784255   0.0250622251
56  1  -0.0869588599  -0.1165210885   0.0915775437   0.0327052106   0.0928189259
56  2  -0.0175565151   0.0016058403  -0.0043139574  -0.1300001426   0.2149677751
56  3  -0.0251140254   0.0290108758   0.0070963408   0.0057602613   0.0021109644
56  4  -0.0061817200   0.0161732449  -0.0024318608   0.0504066529   0.2488569243
56  5  -0.0016659739   0.0005358403   0.0098818308  -0.0002837909  -0.0037863779
56  6   0.0001896397  -0.0011051528  -0.0008626351  -0.0039458400  -0.0011181315
56  7   0.0002227241  -0.0020820990   0.0032327137   0.0118135384  -0.0355088689
56  8   0.1666066343  -0.1778277248  -0.0276122784  -0.0119812122   0.0645261721
56  9   0.0103906008  -0.0755856971  -0.0211618010  -0.0001451934  -0.0437807304
56 10   0.0003101912  -0.0089561079   0.0152946247  -0.2404102034  -0.0023715250
56 11   0.0450150361  -0.0003627074   0.1005528285   0.0467130136   0.0058325334
56 12  -0.0644440852  -0.1724143093  -0.0800269447   0.1053270562  -0.1632676719
56 13  -0.0120106995  -0.0000099141   0.0167488460   0.0006368965   0.0001816412
56 14   0.0267918979   0.0347558162  -0.0045287673   0.0000738966  -0.0165281581
56 15   0.0035237911   0.0179720683
57  1   0.0709823884   0.0446674322   0.0103945182  -0.0067311057   0.1470212272
57  2   0.1984327247  -0.1738800416  -0.1785582189  -0.0273402281  -0.0141215892
57  3  -0.1359308539   0.0223312959   0.1499978789   0.1204109615   0.0384077671
57  4  -0.1341408030  -0.0262269455  -0.0046403145   0.0130320660  -0.0435694569
57  5  -0.0358437472   0.0015548914   0.2102418458  -0.0003566842  -0.0795438224
57  6   0.0036711564  -0.0259992323  -0.0123112574  -0.0835122949  -0.0246733625
57  7   0.0025398487   0.0004688402   0.0762434784  -0.0026446221   0.0096269282
57  8  -0.0373459822   0.0406996763   0.0061868203   0.0138012999   0.0011456699
57  9  -0.0017609215   0.0120782480  -0.0020007512  -0.0001956023  -0.0036183340
57 10  -0.0005251239  -0.0004794515   0.0009208142  -0.0175368249  -0.0007330065
57 11   0.0035409339  -0.0000465993   0.0110813393  -0.0071301318  -0.0006355497
57 12   0.0086016023  -0.0040370807  -0.0048159637   0.0270220902   0.0072783918
57 13   0.0029278610   0.0000000804  -0.0041129247  -0.0001377591  -0.0000300887
57 14  -0.0062622472  -0.0076830012   0.0010394649   0.0000068440   0.0031845812
57 15  -0.0008698183  -0.0046199126
58  1   0.0273386472   0.0170487720   0.1689353185  -0.1258695444  -0.0016528500
58  2   0.0077086456  -0.0481252020  -0.0523125277   0.2323452874  -0.0387141752
58  3  -0.0385448201  -0.1310022458   0.0485200950   0.0379861434   0.0125076478
58  4  -0.0449940285   0.0165489606  -0.0040045762   0.0639517208   0.3016571672
58  5   0.0594749238  -0.0014095570   0.0571314037  -0.0015992385   0.0803764685
58  6  -0.0037259247   0.0252765081   0.0159914753   0.0688836989   0.0086990912
58  7  -0.0020076805   0.0005383358  -0.0743762167   0.0104075738  -0.0443144955
58  8   0.2134676599  -0.2079579475  -0.0335022049  -0.2508888446  -0.2602445161
58  9  -0.0220792410   0.0220722869   0.2568647621   0.0021250124   0.3368671945
58 10  -0.0013904894   0.0637440121  -0.1175054596  -0.1827969352  -0.0011021712
58 11   0.2468403101  -0.0019551994   0.3109684112   0.0886925784   0.0118113499
58 12  -0.1226620434  -0.1838560106  -0.0820304700   0.0848837531  -0.1894275472
58 13   0.1867581472   0.0002460198  -0.2565312621  -0.0088664665  -0.0025755629
58 14  -0.3871257965  -0.4653116744   0.0623669358  -0.0006784982   0.1962928137
58 15  -0.0498182549  -0.2587564717
59  1  -0.1144429505  -0.1164402361   0.0879532646  -0.0080639491   0.1146425882
59  2  -0.0287944539  -0.0024682595  -0.0075914583  -0.2365126569   0.2316345953
59  3  -0.0252640510   0.0685071009   0.0153179571   0.0119829243   0.0024561879
59  4  -0.0145637873   0.2009524577   0.0440520136  -0.1529417881   0.1344896559
59  5   0.0186074722  -0.0013385621   0.0181602586   0.0014138068   0.0254978692
59  6  -0.0009244205   0.0106600629  -0.0005365628   0.0221644151   0.0027364476
59  7  -0.0003644449  -0.0059739306  -0.0241623896   0.0182440853  -0.0465800570
59  8   0.1847985295  -0.1824796926  -0.0268720698   0.1821043457   0.3533880126
59  9   0.0414959261  -0.1815663154  -0.3141551609  -0.0021323958  -0.4129617933
59 10   0.0031096185  -0.0806581682   0.1476614139   0.2207262861   0.0027809415
59 11  -0.3065167098   0.0024993805  -0.4198712532  -0.0038336687  -0.0034214904
59 12   0.0175094360   0.1467368223   0.0904441225  -0.2772291075   0.0582263712
59 13   0.1527739897   0.0004317469  -0.2098653292  -0.0077008742  -0.0021071960
59 14  -0.3181401491  -0.3861483915   0.0511341310  -0.0005895241   0.1665206510
59 15  -0.0405812551  -0.2096891744
60  1   0.1495565791   0.0211483340   0.0065266622  -0.0386819398   0.2215678706
60  2   0.1654911747  -0.2990620622  -0.3097056032  -0.0432794483  -0.0147070050
60  3  -0.1931541363   0.0292240548   0.3224898015   0.2525424848   0.0849137061
60  4  -0.2998417783  -0.0112792592  -0.0027069346  -0.0024475971  -0.0516668675
60  5   0.3950214254  -0.0260349702   0.3809197196  -0.0010144281   0.5361841734
60  6  -0.0240466158   0.1785453627   0.0851160342   0.4611369974   0.0573940553
60  7  -0.0134648934   0.0000975496  -0.4945808365  -0.0019740710  -0.0006566434
60  8  -0.0458455292   0.0425800738   0.0080856303   0.0280659940   0.0223404337
60  9   0.0066509587   0.0052828642  -0.0232195395   0.0017597815  -0.0308093287
60 10   0.0051845580  -0.0057015362   0.0101127877   0.0171840452   0.0064104664
60 11  -0.0224423113   0.0004826772  -0.0267433715  -0.0130992994  -0.0018963725
60 12   0.0174281613   0.0207275727   0.0079764909   0.0003336179   0.0256026224
60 13  -0.0352746421  -0.0000591541   0.0484630973   0.0016985007   0.0002435266
60 14   0.0731912830   0.0881616785  -0.0118067964  -0.0000971490  -0.0373567938
60 15   0.0093997513   0.0488264921
61  1  -0.0595000028   0.0172016216   0.1596565086  -0.2216067152   0.0315891820
61  2   0.0024487307   0.0081068834  -0.0320762290  -0.0249995630   0.0038571801
61  3  -0.0005665781  -0.0398483016  -0.0222592244  -0.0246458937   0.0033420591
61  4  -0.0136460041   0.1444943384   0.0399119312  -0.1960682726  -0.2273846883
61  5  -0.0048360933   0.0013973200  -0.0325872027   0.0000984598  -0.0075675940
61  6  -0.0099746119   0.0009796218   0.0004362389   0.0136323013  -0.0095990363
61  7  -0.0000175851  -0.0005452140  -0.0042808374   0.0124424845  -0.0874967649
61  8   0.2354349696   0.2650842243   0.0378072461   0.0415561226   0.0913094774
61  9   0.0111622404  -0.0516476089   0.0129803923   0.0000965520   0.0199121465
61 10   0.0006211689  -0.0034219476   0.0088458428   0.1048468360   0.0010657616
61 11   0.0222016269  -0.0001816344   0.0983296968   0.0090834801   0.0017773315
61 12  -0.0165719526   0.0166379903  -0.0118348664   0.1533488530   0.0886286074
61 13   0.0361616077   0.0000886292  -0.0466950523   0.0002953679  -0.0000042205
61 14  -0.0144264253   0.0285562747  -0.0015075276   0.0004186969  -0.0420052308
61 15   0.0030689889   0.0117454839
62  1  -0.0945222048  -0.1182020213   0.0902438493   0.0212542965   0.0973959551
62  2  -0.0157860603   0.0124543724  -0.0056555826  -0.1572316552   0.2205595102
62  3  -0.0172596324   0.0384625258  -0.0070328918  -0.0076909328   0.0018725254
62  4  -0.0040479569   0.0491169122   0.0069678872   0.0023698488   0.1862509895
62  5  -0.0015115318   0.0009148597  -0.0103938019  -0.0007571611  -0.0023795471
62  6  -0.0031405493   0.0001586026   0.0003083959   0.0042685989  -0.0029275603
62  7  -0.0000803633   0.0006534738  -0.0016157099  -0.0050251593   0.0324616793
62  8  -0.0900479745  -0.1039420137  -0.0154485294   0.0561871487  -0.0124268764
62  9  -0.0056340916   0.0681089671   0.0305527154   0.0002347872   0.0433734611
62 10   0.0021009018  -0.0141328636   0.0356229590   0.2809477382   0.0028354815
62 11   0.0598168175  -0.0004929504   0.0661674349  -0.0769999695  -0.0077932532
62 12   0.0951620544   0.1855972422   0.0692821256   0.0273569527   0.2375229146
62 13  -0.0145129476  -0.0000489240   0.0180871853  -0.0001641988  -0.0000147426
62 14   0.0031532189  -0.0136366914   0.0010215990  -0.0001391049   0.0149025464
62 15  -0.0013452850  -0.0057480084
63  1   0.0880484343   0.0023973911   0.0017241332  -0.0261489027   0.1400338267
63  2   0.2906641900   0.0443337926  -0.2232108818   0.0045067198  -0.0038227263
63  3   0.0166901586   0.0064730383  -0.1474283071  -0.1635487857   0.0210308103
63  4  -0.0910161709  -0.0239414689  -0.0058759755   0.0293335739   0.0253881455
63  5  -0.0322859560   0.0023531263  -0.2176964213   0.0005136852  -0.0500821048
63  6  -0.0663908072   0.0068451205   0.0014187532   0.0901576597  -0.0630417979
63  7  -0.0004955472   0.0001603957  -0.0301965501  -0.0016061106   0.0112123260
63  8  -0.0313856358  -0.0349975890  -0.0049279531  -0.0089799902  -0.0131799608
63  9  -0.0016632553   0.0045819456  -0.0033816147  -0.0000054021  -0.0050190370
63 10  -0.0001998059   0.0011845716  -0.0030348444  -0.0291824443  -0.0003476822
63 11  -0.0061878452   0.0000589308  -0.0179727281   0.0022926154   0.0001735572
63 12  -0.0020151921  -0.0113215663  -0.0015379383  -0.0244189290  -0.0246438854
63 13  -0.0047534002  -0.0000109870   0.0061690016  -0.0000369520   0.0000081534
63 14   0.0020220874  -0.0036499631   0.0001785621  -0.0000511341   0.0056150343
63 15  -0.0003973523  -0.0014933636
64  1  -0.0604127934   0.0092442244   0.1564238490  -0.2472900974   0.0506646544
64  2   0.0037602447   0.0155363056  -0.0557180396  -0.0740766405   0.0121720554
64  3   0.0097690482  -0.0228768181  -0.0479804889  -0.0533144565   0.0074442733
64  4  -0.0294367954   0.0560637273   0.0209392940  -0.1335303605  -0.3067207906
64  5   0.0614979521  -0.0039518900  -0.0465696379   0.0002129948   0.0499615997
64  6   0.0673707282  -0.0072307730  -0.0015971585  -0.0743359408   0.0637847504
64  7  -0.0000414767  -0.0008780011   0.0379482637   0.0137089473  -0.0931279076
64  8   0.2591547270   0.2608209723   0.0364616049   0.1721906539   0.1374163963
64  9   0.0094782829   0.0320595928   0.1509829328   0.0011207914   0.1531600771
64 10   0.0067962137  -0.0435299979   0.1120769501  -0.0874180478  -0.0010196476
64 11  -0.1440802378   0.0011723006  -0.0480149846   0.1288679618   0.0136076006
64 12  -0.1634002256  -0.1319010128  -0.0636662879   0.1008436219  -0.1152894346
64 13  -0.4335740433  -0.0011955590   0.5468267807  -0.0034636489  -0.0000013269
64 14   0.1562538168  -0.3271557120   0.0184255785  -0.0045646239   0.4596269406
64 15  -0.0332457756  -0.1273269322
65  1  -0.1279860820  -0.1194326934   0.0855685642  -0.0285658924   0.1228529923
65  2  -0.0256741013   0.0167566981  -0.0100237801  -0.2859276923   0.2392575499
65  3  -0.0110576221   0.0838381332  -0.0152488307  -0.0168206750   0.0042417290
65  4  -0.0088065974  -0.1843211503  -0.0427725349   0.1658268446  -0.0284195227
65  5   0.0194450119  -0.0033300051  -0.0149797059  -0.0002809867   0.0158689266
65  6   0.0213498430  -0.0023595992  -0.0006320174  -0.0237086678   0.0205238034
65  7  -0.0001017617   0.0007426984   0.0115238786  -0.0057093613   0.0346996333
65  8  -0.0929164931  -0.1052618098  -0.0168736594   0.3994588912   0.0919018279
65  9  -0.0125069961   0.3050456572   0.3968300991   0.0030223072   0.3972575701
65 10   0.0186041067  -0.1206623965   0.3100648385  -0.2290606936  -0.0025396539
65 11  -0.3816034990   0.0031122157  -0.3649772254   0.2187115889   0.0209429672
65 12  -0.2642591891  -0.1946965044  -0.0581501369  -0.1505843251  -0.3035312444
65 13   0.1696677233   0.0004835010  -0.2133516387   0.0014112617   0.0000206179
65 14  -0.0575849531   0.1312695132  -0.0078595476   0.0017428133  -0.1772783702
65 15   0.0131267120   0.0511892921
66  1   0.1801519850  -0.0542662944  -0.0089402612  -0.0733707168   0.2092691461
66  2   0.3298626953   0.0879272395  -0.3894756891   0.0135028601   0.0034514072
66  3   0.0767331663   0.0007705028  -0.3181017658  -0.3538496014   0.0452378906
66  4  -0.1966038040   0.0010980002  -0.0011223165   0.0121216440   0.0475682881
66  5   0.4084732270  -0.0249418330  -0.3101543104  -0.0001999846   0.3319318370
66  6   0.4473442746  -0.0480859993  -0.0109529036  -0.4937636275   0.4237196886
66  7  -0.0007038670  -0.0009686494   0.2511331109  -0.0019930972   0.0163154117
66  8  -0.0325592698  -0.0348076138  -0.0051698110  -0.0447905162  -0.0250600811
66  9  -0.0013680109  -0.0195996425  -0.0418247086  -0.0005048626  -0.0421881518
66 10  -0.0022098617   0.0123111665  -0.0316119859   0.0241961117  -0.0002444297
66 11   0.0399347901  -0.0003515008   0.0246217589  -0.0298259924  -0.0031967040
66 12   0.0372239600   0.0292397805   0.0122415053  -0.0080562711   0.0318780896
66 13   0.0571904203   0.0001563942  -0.0721586450   0.0004553805  -0.0000134904
66 14  -0.0207821668   0.0429940832  -0.0024002739   0.0005681838  -0.0607459808
66 15   0.0043783063   0.0167268705
67  1  -0.1076752862   0.0230610807   0.1567836184  -0.2568141488   0.0364440828
67  2  -0.0014609856   0.0345471162  -0.0034502993  -0.1341279313   0.0199619074
67  3   0.0141596634  -0.0012390948  -0.0004617979   0.0066752926  -0.0081560458
67  4   0.0344319477  -0.0466420352  -0.0072368356   0.0038579182  -0.1518013372
67  5  -0.0055911751  -0.0004128474   0.0326641609   0.0001298981   0.0051470797
67  6  -0.0109866942   0.0055091821   0.0024301452  -0.0010977547   0.0159933084
67  7  -0.0003764969  -0.0003488031   0.0009360652   0.0025230813  -0.0098653900
67  8   0.0417561164  -0.0452182515  -0.0079036805   0.0359193009  -0.0337993906
67  9  -0.0074212846   0.0693564265  -0.0335437529  -0.0002963688   0.0110000403
67 10  -0.0024873952   0.0241448409  -0.0533582005  -0.3002084878  -0.0030165241
67 11   0.0562111867  -0.0004560860  -0.0328901613  -0.0842537623  -0.0095275755
67 12   0.1124345301   0.0213380123   0.0438191445  -0.2967369366  -0.1070956510
67 13  -0.0069451636   0.0000072824   0.0040898715  -0.0002414989  -0.0000460382
67 14  -0.0064939718  -0.0050675297   0.0010009774   0.0000994577  -0.0081647877
67 15   0.0004323675   0.0014814984
68  1  -0.0590939440  -0.1183068717   0.0949155882   0.0738075390   0.0692637209
68  2  -0.0012980460   0.0179555512  -0.0014292858  -0.0194715168   0.2011438748
68  3  -0.0170079695  -0.0108307144  -0.0001691156   0.0022428248  -0.0023938742
68  4   0.0110008204   0.2551570969   0.0597352679  -0.2353327608   0.0211003765
68  5  -0.0016797987   0.0027408464   0.0104166327  -0.0010210228   0.0016538993
68  6  -0.0034403805   0.0012069567   0.0018950261  -0.0003254856   0.0048452636
68  7  -0.0002982463   0.0033500726   0.0010937606  -0.0184427741   0.0573289803
68  8  -0.2637802556   0.2821156671   0.0446635088  -0.0861366492  -0.0774296313
68  9  -0.0058969570  -0.0089441111  -0.0055838604  -0.0000519577   0.0052132869
68 10  -0.0003069483   0.0037874638  -0.0072139130  -0.0461946613  -0.0004955510
68 11   0.0084241975  -0.0000694519  -0.0937421312   0.0062841995  -0.0000691796
68 12  -0.0041099536  -0.0937305726  -0.0353486948  -0.0105827221  -0.1180428256
68 13   0.0432649360  -0.0000319380  -0.0137847955   0.0014569470   0.0003031347
68 14   0.0472653522   0.0127627019  -0.0040172674  -0.0006149217   0.0524271085
68 15  -0.0028431249  -0.0097106921
69  1  -0.0132182700   0.0328871580   0.0067466026   0.0150893077   0.0440690296
69  2   0.3326426187   0.2075978736  -0.0539324160   0.0248543815  -0.0024568953
69  3   0.0953903628  -0.0022156208  -0.0029688828   0.0442654816  -0.0598752782
69  4   0.2271745758  -0.0052572988  -0.0021894281   0.0106812801   0.0220297963
69  5  -0.0369911824   0.0018479915   0.2162104492  -0.0002866290   0.0343139262
69  6  -0.0728628066   0.0367556224   0.0157747364  -0.0072280478   0.1054443616
69  7  -0.0024977629  -0.0003774262   0.0077113206   0.0004866521  -0.0012100056
69  8   0.0061792292  -0.0063874056  -0.0008869879  -0.0013760615   0.0087574199
69  9   0.0016318357  -0.0100852502   0.0053585380   0.0000880740  -0.0019279329
69 10   0.0004442091  -0.0038356165   0.0084075672   0.0475113645   0.0005620274
69 11  -0.0088456383   0.0000766977   0.0093872940   0.0123902907   0.0014204480
69 12  -0.0167363689   0.0012337478  -0.0049218793   0.0452142642   0.0217414157
69 13  -0.0010061808   0.0000003310   0.0000377487  -0.0000326920  -0.0000087704
69 14  -0.0012632388   0.0001585595   0.0000395018   0.0000134791  -0.0012578854
69 15   0.0000696356   0.0002375615
70  1  -0.1460690853   0.0196665943   0.1513174563  -0.3098764390   0.0592869116
70  2  -0.0031919995   0.0623538767  -0.0047845081  -0.2672067160   0.0411960649
70  3   0.0358783447   0.0459489729  -0.0009564200   0.0142087612  -0.0182303192
70  4   0.0733751895  -0.0322428598  -0.0131337813   0.0871206633   0.2176735037
70  5   0.0608445403  -0.0027196930   0.0498627170  -0.0011259817  -0.0341305180
70  6   0.0720282854  -0.0365558172  -0.0141979329   0.0049735059  -0.0972124310
70  7   0.0023882740   0.0013269136  -0.0214295526   0.0010177307  -0.0167674243
70  8   0.0435503530  -0.0451901353  -0.0119392751   0.1546770273  -0.2769820764
70  9  -0.0516894082   0.4263456875  -0.4291433448  -0.0037180726   0.1042340343
70 10  -0.0222527288   0.2153553486  -0.4747649308   0.2884514239   0.0028110147
70 11  -0.3949529836   0.0032220858   0.1860154393   0.2961844301   0.0337221325
70 12  -0.3888530281   0.0092233418  -0.0401343683   0.3651482772   0.1736639113
70 13   0.0836542785  -0.0000659015  -0.0290014265   0.0027356051   0.0005595838
70 14   0.0858597550   0.0281678953  -0.0077680428  -0.0011011053   0.0928562833
70 15  -0.0049099512  -0.0165892365
71  1  -0.0649584248  -0.1196161907   0.0938802899   0.0649278976   0.0728076721
71  2   0.0000917334   0.0263824696  -0.0024498884  -0.0402942566   0.2047330235
71  3  -0.0106863094  -0.0035519321  -0.0003318020   0.0046211111  -0.0055807576
71  4   0.0232837523   0.2561262964   0.0585034054  -0.2211076120   0.0789383127
71  5   0.0192636481   0.0017671525   0.0158566563  -0.0012534777  -0.0107230353
71  6   0.0227299078  -0.0119733945  -0.0035081783   0.0015930616  -0.0309146425
71  7   0.0005917134   0.0038265426  -0.0058329117  -0.0200775480   0.0634350023
71  8  -0.2868702768   0.2785516330   0.0437436902  -0.0740907679  -0.1207077668
71  9  -0.0131817000   0.0457869978  -0.0677462892  -0.0005906878   0.0197844904
71 10  -0.0034096573   0.0338363922  -0.0734242584   0.0463963186   0.0004258038
71 11  -0.0625340482   0.0005089588  -0.0787802157   0.0703330449   0.0070418790
71 12  -0.0876927864  -0.1057170669  -0.0529319163   0.0972318004  -0.0843656538
71 13  -0.5200906904   0.0003083054   0.1650791534  -0.0168197115  -0.0035061936
71 14  -0.5438602648  -0.1478928967   0.0454776151   0.0068265513  -0.5799956671
71 15   0.0307757975   0.1039471657
72  1   0.0000000000   0.0000000000   0.0000000000   0.0000000000   0.0385650471
72  2   0.4044736543   0.3778963255  -0.0885359057   0.0496354474   0.0058021955
72  3   0.2172084192  -0.0148772124  -0.0064365733   0.0945041571  -0.1281112762
72  4   0.4861745227  -0.0069273041  -0.0014367189  -0.0027256702  -0.0362532824
72  5   0.4047089825  -0.0267884124   0.3313478324  -0.0011761247  -0.2267043949
72  6   0.4792718963  -0.2388189735  -0.1031113584   0.0334487861  -0.6504924049
72  7   0.0171079288   0.0015646800  -0.1365427249   0.0009110671  -0.0024906282
72  8   0.0061422667  -0.0068540477  -0.0001570548  -0.0196082283   0.0472358385
72  9   0.0089373840  -0.0659676057   0.0676709555   0.0005480191  -0.0164596268
72 10   0.0036795984  -0.0339116755   0.0747486531  -0.0456269671  -0.0000417293
72 11   0.0622833912  -0.0005063967  -0.0242240280  -0.0478818094  -0.0055087148
72 12   0.0626288501   0.0035536831   0.0086623729  -0.0594609064  -0.0221335934
72 13   0.0120713678  -0.0000050191  -0.0034637276   0.0003869189   0.0000746699
72 14   0.0128740228   0.0027763530  -0.0009879492  -0.0001741389   0.0135265240
72 15  -0.0007219248  -0.0024369397
$end
