$coord
   -1.06191497961014      0.97716832292324      0.00000802984577  c
    1.06191498115457     -0.97716832636421     -0.00000802966057  c
   -2.62660258430726      0.38141604300908     -1.20959328685933  h
   -0.39627628751297      2.80552634778413     -0.69232297917630  h
   -1.81471070914134      1.26372267976404      1.90182964771260  h
    1.81471075279723     -1.26372262981809     -1.90182963854066  h
    0.39627627234676     -2.80552636862122      0.69232291942966  h
    2.62660255427317     -0.38141606867700      1.20959333724886  h
$user-defined bonds
$redundant
     number_of_atoms             8
     degrees_of_freedom         18
     internal_coordinates       18
     frozen_coordinates          0
# definitions of redundant internals
   1 k  0.3333333333333 tors   4    1    2    6 val=  60.00000
        0.3333333333333 tors   4    1    2    7
        0.3333333333333 tors   4    1    2    8
        0.3333333333333 tors   5    1    2    6
        0.3333333333333 tors   5    1    2    7
        0.3333333333333 tors   5    1    2    8
        0.3333333333333 tors   3    1    2    6
        0.3333333333333 tors   3    1    2    7
        0.3333333333333 tors   3    1    2    8
   2 k  1.0000000000000 stre   1    4           val=   2.06526
   3 k  1.0000000000000 stre   1    5           val=   2.06537
   4 k  1.0000000000000 stre   1    3           val=   2.06550
   5 k -0.4082445035946 bend   5    4    1      val=   1.79200
       -0.4082543190625 bend   3    4    1
       -0.4082443910622 bend   3    5    1
        0.4082507028654 bend   2    4    1
        0.4082523226725 bend   2    5    1
        0.4082435033902 bend   2    3    1
   6 k -0.6404477177047 bend   5    4    1      val=  -0.00328
        0.5816695715058 bend   3    4    1
        0.0587674901317 bend   3    5    1
       -0.0337483805259 bend   2    4    1
       -0.3340652624345 bend   2    5    1
        0.3678247678191 bend   2    3    1
   7 k -0.3018963851308 bend   5    4    1      val=  -0.00325
       -0.4036883201904 bend   3    4    1
        0.7055891902752 bend   3    5    1
       -0.4052410609852 bend   2    4    1
        0.2318512309330 bend   2    5    1
        0.1733865524199 bend   2    3    1
   8 k  0.2365065482623 bend   5    4    1      val=  -0.00158
        0.1682173003358 bend   3    4    1
       -0.4047285239486 bend   3    5    1
       -0.7046931971570 bend   2    4    1
        0.2928946645146 bend   2    5    1
        0.4118041133581 bend   2    3    1
   9 k -0.3307851443987 bend   5    4    1      val=  -0.00095
        0.3702172178584 bend   3    4    1
       -0.0394288493830 bend   3    5    1
       -0.0686508099661 bend   2    4    1
        0.6446104607195 bend   2    5    1
       -0.5759602294470 bend   2    3    1
  10 k  1.0000000000000 stre   2    6           val=   2.06537
  11 k  1.0000000000000 stre   2    8           val=   2.06550
  12 k  1.0000000000000 stre   2    7           val=   2.06526
  13 k  0.4082526179062 bend   8    6    2      val=  -1.79155
        0.4082430328394 bend   7    6    2
        0.4082525755856 bend   7    8    2
       -0.4082503562503 bend   1    6    2
       -0.4082462117362 bend   1    8    2
       -0.4082449483620 bend   1    7    2
  14 k -0.7019504517897 bend   8    6    2      val=   0.00399
        0.4311533541364 bend   7    6    2
        0.2708018070229 bend   7    8    2
       -0.1555283211665 bend   1    6    2
       -0.2476257979427 bend   1    8    2
        0.4031515041156 bend   1    7    2
  15 k  0.0925832811896 bend   8    6    2      val=   0.00253
        0.5616195670098 bend   7    6    2
       -0.6541932247261 bend   7    8    2
        0.3757263182688 bend   1    6    2
       -0.3225606510011 bend   1    8    2
       -0.0531731408157 bend   1    7    2
  16 k  0.0524454099830 bend   8    6    2      val=  -0.00057
       -0.3754492134380 bend   7    6    2
        0.3230028072494 bend   7    8    2
        0.5623931138946 bend   1    6    2
       -0.6537063561766 bend   1    8    2
        0.0913156007908 bend   1    7    2
  17 k  0.4032457243515 bend   8    6    2      val=   0.00187
       -0.1562066138636 bend   7    6    2
       -0.2470438941813 bend   7    8    2
       -0.4301384056782 bend   1    6    2
       -0.2719756977067 bend   1    8    2
        0.7021195523148 bend   1    7    2
  18 k  1.0000000000000 stre   1    2           val=   2.88619
        18 non zero eigenvalues  of BmBt
           1           3.936431074    1    0
         1
           2           3.716573707    2    0
         2
           3           3.716565074    3    0
         3
           4           2.892497421    4    0
         4
           5           2.892490272    5    0
         5
           6           2.261915964    6    0
         6
           7           1.650970178    7    0
         7
           8           0.920567430    8    0
         8
           9           0.865066269    9    0
         9
          10           0.737503182   10    0
        10
          11           0.737502017   11    0
        11
          12           0.724832008   12    0
        12
          13           0.724831009   13    0
        13
          14           0.503163609   14    0
        14
          15           0.503163217   15    0
        15
          16           0.269983729   16    0
        16
          17           0.252392972   17    0
        17
          18           0.252392230   18    0
        18
$end
