$dipgrad          cartesian dipole gradients
  0.10088813577238D+00  0.17823966384657D-01  0.18948983584032D-03
  0.18491042313680D-01  0.10364566709467D+00  0.18398414382407D-03
  0.20214148178655D-04  -.11352751384154D-03  0.12064456344760D+00
  0.10088816014407D+00  0.17823981028946D-01  0.18953718914661D-03
  0.18491216979943D-01  0.10364558741147D+00  0.18390329277296D-03
  0.20329187132503D-04  -.11345617444881D-03  0.12064465348569D+00
  -.10737136429692D+00  -.69581221141214D-02  -.97588406929937D-01
  -.37611077312937D-01  0.17273624106133D-01  -.47949695951085D-01
  -.11564569822965D+00  -.31131422929478D-01  -.18480144455416D-01
  0.76951908842965D-02  -.55817926714127D-01  0.30313982557467D-01
  -.19816154101014D-01  -.15243321843913D+00  0.66175601704390D-01
  0.20347815124811D-01  0.76036989798403D-01  0.36597614981404D-01
  -.12118957270921D-02  0.44952032686940D-01  0.67084868795229D-01
  0.38936110918803D-01  0.31513970535227D-01  -.18409837708808D-01
  0.95277675666581D-01  -.44792047537233D-01  -.13876204826379D+00
  -.12119188718431D-02  0.44952051515702D-01  0.67084883149609D-01
  0.38936083534985D-01  0.31513947432251D-01  -.18409867057255D-01
  0.95277519478027D-01  -.44792029514905D-01  -.13876203267898D+00
  0.76951145432097D-02  -.55817905009095D-01  0.30314013839131D-01
  -.19816190786662D-01  -.15243320573452D+00  0.66175620472433D-01
  0.20347814936667D-01  0.76036935590033D-01  0.36597560931925D-01
  -.10737142244558D+00  -.69580777788962D-02  -.97588368436484D-01
  -.37611031546791D-01  0.17273627596431D-01  -.47949708896274D-01
  -.11564567031174D+00  -.31131441718527D-01  -.18480167445917D-01
$end
