$energy      SCF               SCFKIN            SCFPOT
     1   -79.86673956557    79.60838833395  -159.47512789952
     2   -79.86903622825    79.44393068662  -159.31296691486
     3   -79.86933868704    79.39920476854  -159.26854345558
     4   -79.86941954912    79.40536891087  -159.27478845999
     5   -79.86941940823    79.41421791271  -159.28363732094
     6   -79.86942076139    79.41018281978  -159.27960358117
     7   -79.86942077173    79.41012089845  -159.27954167018
     8   -79.86942077102    79.41012663208  -159.27954740310
$end
