$grad          cartesian gradients
  cycle =      1    SCF energy =      -79.8667395656   |dE/dxyz| =  0.046632
   -1.06247962095362      0.97753170696508      0.00000000000000      c
    1.06247962095363     -0.97752225833442      0.00000000000000      c
   -2.56265760880622      0.34243254822487     -1.19776511480691      h
   -0.35407798551878      2.74295165482951     -0.68551705196560      h
   -1.75873031735401      1.21624191207119      1.88328216677250      h
    1.75873031735401     -1.21623246344053     -1.88328216677250      h
    0.35407798551879     -2.74296110346017      0.68551705196560      h
    2.56265760880622     -0.34244199685554      1.19776511480691      h
  -.13917974659628D-01  0.12692858981931D-01  -.19530021062975D-04
  0.13921033590322D-01  -.12685975102080D-01  0.18483026847274D-04
  0.13314298679804D-01  0.14137752138302D-02  0.81238402076328D-02
  -.16343301282742D-02  -.14800633225057D-01  0.46329405021616D-02
  0.78496299129989D-02  -.44947804468924D-02  -.12738897892262D-01
  -.78495959663537D-02  0.44946909597872D-02  0.12738974237573D-01
  0.16327319636990D-02  0.14795126800478D-01  -.46306907670166D-02
  -.13315801100737D-01  -.14150764608169D-02  -.81251182184302D-02
  cycle =      2    SCF energy =      -79.8690362282   |dE/dxyz| =  0.018840
   -1.06992224485819      0.98443802333178      0.00000593874777      c
    1.06992158705378     -0.98443316148217     -0.00000572445403      c
   -2.60699178067816      0.35980367608245     -1.21171626284051      h
   -0.37275118736808      2.78814300913073     -0.69349215986501      h
   -1.79367465710326      1.24371604819819      1.90516005298766      h
    1.79367345813304     -1.24371190254184     -1.90516005872797      h
    0.37275213364279     -2.78814478950217      0.69348978639966      h
    2.60699269117809     -0.35981090321698      1.21171842775243      h
  -.84320793474031D-02  0.77082357062694D-02  -.69745706364442D-05
  0.84325003518441D-02  -.77061012001849D-02  0.66175676888269D-05
  0.35891426074615D-02  -.83976729271498D-03  0.14629196478278D-02
  0.89672189804409D-03  -.37552232947574D-02  0.83556124809997D-03
  0.26021732240529D-02  -.18989318118499D-02  -.22940486231043D-02
  -.26022154851280D-02  0.18987718064707D-02  0.22940510915273D-02
  -.89683961140174D-03  0.37538631550414D-02  -.83503871496527D-03
  -.35894049990227D-02  0.83915006115635D-03  -.14630873167884D-02
  cycle =      3    SCF energy =      -79.8693386870   |dE/dxyz| =  0.008007
   -1.06786600868154      0.98260002261548      0.00000830740398      c
    1.06786547191727     -0.98259808325361     -0.00000808813790      c
   -2.62289029892345      0.37075470640604     -1.21391351634511      h
   -0.38462060278029      2.80346856744772     -0.69477074752621      h
   -1.80809427656883      1.25622054444289      1.90860455171032      h
    1.80809339933694     -1.25621892386856     -1.90860452666912      h
    0.38462128362598     -2.80346812540416      0.69476863631552      h
    2.62289103207394     -0.37075870838581      1.21391538324852      h
  -.39316374303299D-02  0.35999855001257D-02  -.26931003673791D-05
  0.39314214596269D-02  -.35995895088826D-02  0.26098020376453D-05
  0.34014084519617D-03  -.97379224101320D-03  -.39393291195652D-03
  0.10615376843794D-02  -.18486434512623D-03  -.22437125610953D-03
  0.60124478159846D-03  -.68387859708339D-03  0.61663841634922D-03
  -.60128434753693D-03  0.68377159539315D-03  -.61665393094656D-03
  -.10613553977180D-02  0.18481209109544D-03  0.22436951623007D-03
  -.34006740740236D-03  0.97355534549889D-03  0.39403341405511D-03
  cycle =      4    SCF energy =      -79.8694195491   |dE/dxyz| =  0.001191
   -1.06177254820248      0.97704458311997      0.00001037776878      c
    1.06177243293615     -0.97704496659692     -0.00001029514163      c
   -2.62728890403338      0.38078566692292     -1.21035264504605      h
   -0.39557609333594      2.80639473577346     -0.69276444688338      h
   -1.81488749084906      1.26362596009881      1.90301890413467      h
    1.81488759735334     -1.26362587173720     -1.90301883551521      h
    0.39557607336248     -2.80639440230907      0.69276399586169      h
    2.62728893276890     -0.38078570527199      1.21035294482115      h
  0.32892631575768D-03  -.29908774263294D-03  0.45063686095193D-06
  -.32908857371419D-03  0.29878856099979D-03  -.40361902424457D-06
  -.29785688042520D-03  -.14851500631907D-03  -.25097977951486D-03
  0.15691471434721D-03  0.35021363409182D-03  -.14395790789470D-03
  -.13228142908246D-03  0.34118210703889D-04  0.38937697570937D-03
  0.13228607408780D-03  -.34110861288348D-04  -.38938474667083D-03
  -.15684090994906D-03  -.34996775173517D-03  0.14386058973943D-03
  0.29794097756403D-03  0.14856145655115D-03  0.25103776486201D-03
  cycle =      5    SCF energy =      -79.8694194082   |dE/dxyz| =  0.001057
   -1.06205975620525      0.97729987322335      0.00000868369641      c
    1.06205979309940     -0.97729976393082     -0.00000868134301      c
   -2.62573804832304      0.38146375959426     -1.20909142249947      h
   -0.39633446316352      2.80457278712032     -0.69203828698620      h
   -1.81418423878881      1.26340455157697      1.90104317903162      h
    1.81418447225780     -1.26340412819003     -1.90104313787217      h
    0.39633436619154     -2.80457322382901      0.69203821772303      h
    2.62573787493189     -0.38146385556506      1.20909144824982      h
  -.33212575545749D-03  0.30119980476648D-03  -.53244167610295D-06
  0.33222120589166D-03  -.30104136834007D-03  0.51389751110076D-06
  0.26941760334481D-03  0.83224797847600D-04  0.19779427283683D-03
  -.99778434525341D-04  -.31115486645727D-03  0.11181059958693D-03
  0.13338838132142D-03  -.59524402882611D-04  -.31353050681344D-03
  -.13338236148014D-03  0.59535485542932D-04  0.31353394440712D-03
  0.99724921845484D-04  0.31100573561294D-03  -.11174974428502D-03
  -.26946574555616D-03  -.83245431294600D-04  -.19783997028576D-03
  cycle =      6    SCF energy =      -79.8694207614   |dE/dxyz| =  0.000014
   -1.06191382317575      0.97716866404019      0.00000881931790      c
    1.06191381600381     -0.97716873696021     -0.00000880136103      c
   -2.62658723512477      0.38141157587303     -1.20958932687759      h
   -0.39627007798011      2.80551052982870     -0.69232352754825      h
   -1.81469846616562      1.26371046322353      1.90182344660757      h
    1.81469860016099     -1.26371028774045     -1.90182341259266      h
    0.39627002506404     -2.80551061645373      0.69232339033957      h
    2.62658716121742     -0.38141159181109      1.20958941211452      h
  -.33942897635642D-05  0.15190098326678D-05  -.38878325742467D-06
  0.33915355593245D-05  -.15394525103990D-05  0.39425184163167D-06
  0.30597395469928D-05  -.30342399793687D-05  0.68628615965995D-06
  -.38003401429084D-05  -.44696123461122D-05  -.49942025572838D-06
  -.47087279219076D-06  -.25247036312716D-05  -.44912706580521D-05
  0.47427873806766D-06  0.25316234689988D-05  0.44907928136457D-05
  0.37973827476181D-05  0.44768865349347D-05  0.49741828040892D-06
  -.30574429633846D-05  0.30405340643060D-05  -.68927641005967D-06
  cycle =      7    SCF energy =      -79.8694207717   |dE/dxyz| =  0.000009
   -1.06191945422990      0.97717234464842      0.00000807201164      c
    1.06191945888561     -0.97717234828833     -0.00000807221070      c
   -2.62660919224059      0.38142490749019     -1.20959161993391      h
   -0.39628579526079      2.80553189936742     -0.69232218337180      h
   -1.81471850714992      1.26373021295031      1.90182716962997      h
    1.81471854887570     -1.26373016464894     -1.90182716129243      h
    0.39628577744141     -2.80553192508742      0.69232213485716      h
    2.62660916367851     -0.38142492643168      1.20959166031010      h
  -.29097219611113D-05  0.21860891460251D-06  -.81891696895875D-06
  0.29134650277318D-05  -.21601850476449D-06  0.81838414215177D-06
  -.15650024774716D-06  -.31027946936728D-05  -.95493336535468D-06
  -.35907235814148D-05  -.62779621162745D-06  -.13046403361595D-05
  -.25688333130727D-05  -.95627846113423D-06  -.15595547426805D-05
  0.25686085807011D-05  0.95683033495832D-06  0.15599471399914D-05
  0.35887207438141D-05  0.62461257691743D-06  0.13062021953520D-05
  0.15497396881406D-06  0.31028375844003D-05  0.95351370352909D-06
$end
