$hessian (projected)
 1  1   0.5088898948   0.0480152030  -0.0000641197  -0.1412396250   0.0578574765
 1  2   0.0000175101  -0.1914493781  -0.0598108296  -0.1138233718  -0.0765271869
 1  3  -0.0769205738   0.0291556512  -0.0793818077   0.0103764254   0.0847352949
 1  4  -0.0098319974   0.0086716959  -0.0009002445   0.0087454462  -0.0073989797
 1  5  -0.0003170901  -0.0192053458   0.0192095822   0.0011963700
 2  1   0.0480152030   0.5172644072  -0.0001156119   0.0578574749  -0.1316593776
 2  2   0.0000078097  -0.0588855287  -0.0709533133  -0.0455738898  -0.0780148788
 2  3  -0.2461813379   0.0764621897   0.0105486933  -0.0515816255  -0.0307571174
 2  4   0.0033755508  -0.0037624014   0.0002915089   0.0244875386  -0.0202258028
 2  5  -0.0008294926  -0.0073840532   0.0070994514   0.0005146034
 3  1  -0.0000641197  -0.0001156119   0.5615370281   0.0000175093   0.0000078115
 3  2  -0.0784653506  -0.1132756609  -0.0460755643  -0.1378264901   0.0294708502
 3  3   0.0761375916  -0.0777796736   0.0838551804  -0.0299654803  -0.2694368057
 3  4   0.0239495373  -0.0225635565   0.0018419615  -0.0093804882   0.0075025718
 3  5  -0.0002606055  -0.0145728084   0.0150722380   0.0003899358
 4  1  -0.1412396250   0.0578574749   0.0000175093   0.5088899071   0.0480152183
 4  2  -0.0000641249  -0.0192053321   0.0192095793   0.0011963739   0.0087454387
 4  3  -0.0073989796  -0.0003170915  -0.0098319984   0.0086716915  -0.0009002435
 4  4  -0.0793818193   0.0103764178   0.0847352987  -0.0765272033  -0.0769205748
 4  5   0.0291556472  -0.1914493677  -0.0598108274  -0.1138233692
 5  1   0.0578574765  -0.1316593776   0.0000078115   0.0480152183   0.5172644304
 5  2  -0.0001156147  -0.0073840604   0.0070994533   0.0005145979   0.0244875333
 5  3  -0.0202257969  -0.0008294974   0.0033755512  -0.0037624079   0.0002915154
 5  4   0.0105486906  -0.0515816368  -0.0307571014  -0.0780148835  -0.2461813425
 5  5   0.0764621806  -0.0588855260  -0.0709533220  -0.0455738919
 6  1   0.0000175101   0.0000078097  -0.0784653506  -0.0000641249  -0.0001156147
 6  2   0.5615370558  -0.0145728039   0.0150722334   0.0003899410  -0.0093804857
 6  3   0.0075025630  -0.0002606028   0.0239495295  -0.0225635430   0.0018419474
 6  4   0.0838551772  -0.0299654576  -0.2694368213   0.0294708505   0.0761375771
 6  5  -0.0777796719  -0.1132756529  -0.0460755679  -0.1378264976
 7  1  -0.1914493781  -0.0588855287  -0.1132756609  -0.0192053321  -0.0073840604
 7  2  -0.0145728039   0.2103835625   0.0619071744   0.1261300133  -0.0086047742
 7  3  -0.0033714633  -0.0062800259   0.0097540675   0.0039079682   0.0067844382
 7  4   0.0006202129  -0.0006786938   0.0005615758   0.0012840566   0.0000610782
 7  5   0.0000262446  -0.0027824151   0.0044435255   0.0006262186
 8  1  -0.0598108296  -0.0709533133  -0.0460755643   0.0192095793   0.0070994533
 8  2   0.0150722334   0.0619071744   0.0756840380   0.0508168172  -0.0212532974
 8  3  -0.0086707785  -0.0183014530  -0.0025876228  -0.0021782482  -0.0016725129
 8  4  -0.0010276734   0.0009673221  -0.0001857620  -0.0008808526   0.0011412801
 8  5   0.0003088343   0.0044435221  -0.0030897535   0.0000374073
 9  1  -0.1138233718  -0.0455738898  -0.1378264901   0.0011963739   0.0005145979
 9  2   0.0003899410   0.1261300133   0.0508168172   0.1463204575   0.0095542990
 9  3   0.0030663462   0.0070650006  -0.0235280905  -0.0096898701  -0.0177984377
 9  4   0.0000503223   0.0005631355   0.0007013458  -0.0002057625   0.0002654534
 9  5  -0.0001591681   0.0006262163   0.0000374097   0.0013073510
10  1  -0.0765271869  -0.0780148788   0.0294708502   0.0087454387   0.0244875333
10  2  -0.0093804857  -0.0086047742  -0.0212532974   0.0095542990   0.0825314893
10  3   0.0819901842  -0.0325022815  -0.0047783492  -0.0098164795   0.0029654549
10  4   0.0011845647  -0.0009823318   0.0001283317  -0.0038352458   0.0044701279
10  5  -0.0000304095   0.0012840633  -0.0008808578  -0.0002057592
11  1  -0.0769205738  -0.2461813379   0.0761375916  -0.0073989796  -0.0202257969
11  2   0.0075025630  -0.0033714633  -0.0086707785   0.0030663462   0.0819901842
11  3   0.2704835075  -0.0847324773   0.0015524721   0.0045900174  -0.0011937478
11  4  -0.0003828444   0.0006592184  -0.0006520111   0.0044701284  -0.0017961117
11  5  -0.0003937164   0.0000610764   0.0011412818   0.0002654517
12  1   0.0291556512   0.0764621897  -0.0777796736  -0.0003170915  -0.0008294974
12  2  -0.0002606028  -0.0062800259  -0.0183014530   0.0070650006  -0.0325022815
12  3  -0.0847324773   0.0796456375   0.0105022855   0.0277837847  -0.0100007139
12  4  -0.0005543712  -0.0002976673   0.0004346537  -0.0000304098  -0.0003937163
12  5   0.0010548660   0.0000262432   0.0003088369  -0.0001591675
13  1  -0.0793818077   0.0105486933   0.0838551804  -0.0098319984   0.0033755512
13  2   0.0239495295   0.0097540675  -0.0025876228  -0.0235280905  -0.0047783492
13  3   0.0015524721   0.0105022855   0.0858582880  -0.0156331306  -0.0936864758
13  4  -0.0034249825   0.0041545570  -0.0005883795   0.0011845655  -0.0003828461
13  5  -0.0005543709   0.0006202168  -0.0010276742   0.0000503212
14  1   0.0103764254  -0.0515816255  -0.0299654803   0.0086716915  -0.0037624079
14  2  -0.0225635430   0.0039079682  -0.0021782482  -0.0096898701  -0.0098164795
14  3   0.0045900174   0.0277837847  -0.0156331306   0.0542689267   0.0338168259
14  4   0.0041545558  -0.0029632139   0.0003528145  -0.0009823338   0.0006592231
14  5  -0.0002976684  -0.0006786969   0.0009673282   0.0005631366
15  1   0.0847352949  -0.0307571174  -0.2694368057  -0.0009002435   0.0002915154
15  2   0.0018419474   0.0067844382  -0.0016725129  -0.0177984377   0.0029654549
15  3  -0.0011937478  -0.0100007139  -0.0936864758   0.0338168259   0.2924274281
15  4  -0.0005883804   0.0003528155   0.0018305786   0.0001283321  -0.0006520136
15  5   0.0004346528   0.0005615796  -0.0001857653   0.0007013504
16  1  -0.0098319974   0.0033755508   0.0239495373  -0.0793818193   0.0105486906
16  2   0.0838551772   0.0006202129  -0.0010276734   0.0000503223   0.0011845647
16  3  -0.0003828444  -0.0005543712  -0.0034249825   0.0041545558  -0.0005883804
16  4   0.0858583029  -0.0156331363  -0.0936864735  -0.0047783504   0.0015524763
16  5   0.0105022817   0.0097540691  -0.0025876193  -0.0235280932
17  1   0.0086716959  -0.0037624014  -0.0225635565   0.0103764178  -0.0515816368
17  2  -0.0299654576  -0.0006786938   0.0009673221   0.0005631355  -0.0009823318
17  3   0.0006592184  -0.0002976673   0.0041545570  -0.0029632139   0.0003528155
17  4  -0.0156331363   0.0542689449   0.0338168058  -0.0098164814   0.0045900159
17  5   0.0277837922   0.0039079725  -0.0021782494  -0.0096898677
18  1  -0.0009002445   0.0002915089   0.0018419615   0.0847352987  -0.0307571014
18  2  -0.2694368213   0.0005615758  -0.0001857620   0.0007013458   0.0001283317
18  3  -0.0006520111   0.0004346537  -0.0005883795   0.0003528145   0.0018305786
18  4  -0.0936864735   0.0338168058   0.2924274349   0.0029654532  -0.0011937452
18  5  -0.0100007134   0.0067844382  -0.0016725096  -0.0177984398
19  1   0.0087454462   0.0244875386  -0.0093804882  -0.0765272033  -0.0780148835
19  2   0.0294708505   0.0012840566  -0.0008808526  -0.0002057625  -0.0038352458
19  3   0.0044701284  -0.0000304098   0.0011845655  -0.0009823338   0.0001283321
19  4  -0.0047783504  -0.0098164814   0.0029654532   0.0825315057   0.0819901805
19  5  -0.0325022773  -0.0086047745  -0.0212532962   0.0095543021
20  1  -0.0073989797  -0.0202258028   0.0075025718  -0.0769205748  -0.2461813425
20  2   0.0761375771   0.0000610782   0.0011412801   0.0002654534   0.0044701279
20  3  -0.0017961117  -0.0003937163  -0.0003828461   0.0006592231  -0.0006520136
20  4   0.0015524763   0.0045900159  -0.0011937452   0.0819901805   0.2704835134
20  5  -0.0847324724  -0.0033714622  -0.0086707754   0.0030663452
21  1  -0.0003170901  -0.0008294926  -0.0002606055   0.0291556472   0.0764621806
21  2  -0.0777796719   0.0000262446   0.0003088343  -0.0001591681  -0.0000304095
21  3  -0.0003937164   0.0010548660  -0.0005543709  -0.0002976684   0.0004346528
21  4   0.0105022817   0.0277837922  -0.0100007134  -0.0325022773  -0.0847324724
21  5   0.0796456381  -0.0062800258  -0.0183014574   0.0070650021
22  1  -0.0192053458  -0.0073840532  -0.0145728084  -0.1914493677  -0.0588855260
22  2  -0.1132756529  -0.0027824151   0.0044435221   0.0006262163   0.0012840633
22  3   0.0000610764   0.0000262432   0.0006202168  -0.0006786969   0.0005615796
22  4   0.0097540691   0.0039079725   0.0067844382  -0.0086047745  -0.0033714622
22  5  -0.0062800258   0.2103835539   0.0619071672   0.1261300097
23  1   0.0192095822   0.0070994514   0.0150722380  -0.0598108274  -0.0709533220
23  2  -0.0460755679   0.0044435255  -0.0030897535   0.0000374097  -0.0008808578
23  3   0.0011412818   0.0003088369  -0.0010276742   0.0009673282  -0.0001857653
23  4  -0.0025876193  -0.0021782494  -0.0016725096  -0.0212532962  -0.0086707754
23  5  -0.0183014574   0.0619071672   0.0756840389   0.0508168155
24  1   0.0011963700   0.0005146034   0.0003899358  -0.1138233692  -0.0455738919
24  2  -0.1378264976   0.0006262186   0.0000374073   0.0013073510  -0.0002057592
24  3   0.0002654517  -0.0001591675   0.0000503212   0.0005631366   0.0007013504
24  4  -0.0235280932  -0.0096898677  -0.0177984398   0.0095543021   0.0030663452
24  5   0.0070650021   0.1261300097   0.0508168155   0.1463204655
$end
