$hessapprox internal
  0.749034724568D-02  0.429564649207D-05  0.445381910260D+00  0.423613012765D-05
 -0.204399327184D-01  0.445145486916D+00  0.336323344702D-05 -0.186891616938D-01
 -0.188312431373D-01  0.448211237780D+00  0.481928092631D-05 -0.765784471523D-02
 -0.762062781600D-02 -0.568337330671D-02  0.237808054501D+00  0.216491062340D-05
 -0.511771134052D-02 -0.504234502972D-02 -0.411122037688D-02 -0.529373760039D-02
  0.326950667000D+00  0.393826805767D-06 -0.823662335033D-03 -0.811431736335D-03
 -0.641473570439D-03 -0.741295275103D-03 -0.418920846340D-03  0.329130287138D+00
  0.210837966684D-06 -0.255963829571D-03 -0.251696542662D-03 -0.160174178561D-03
 -0.337626285665D-03 -0.236749892000D-03 -0.416636982641D-04  0.338824648664D+00
  0.128792409259D-05 -0.304929085925D-02 -0.300426191224D-02 -0.245040076587D-02
 -0.320807868518D-02 -0.134164032427D-02 -0.249069571212D-03 -0.140985583176D-03
  0.338046668070D+00  0.423369179276D-05 -0.204369932955D-01 -0.205524939262D-01
 -0.188294065712D-01 -0.761571035776D-02 -0.503959928261D-02 -0.810952163396D-03
 -0.251470078653D-03 -0.300262600325D-02  0.445151270437D+00  0.335559899469D-05
 -0.186838000371D-01 -0.188260556078D-01 -0.174817617727D-01 -0.566859531316D-02
 -0.410261904915D-02 -0.639964078973D-03 -0.159447315775D-03 -0.244527556942D-02
 -0.188242273340D-01  0.448220291622D+00  0.432273405717D-05 -0.203613034962D-01
 -0.204758523198D-01 -0.187133151853D-01 -0.771439924007D-02 -0.514723970835D-02
 -0.828976140098D-03 -0.258720909237D-03 -0.306686801998D-02 -0.204728812288D-01
 -0.187078509270D-01  0.445293215305D+00 -0.485977682540D-05  0.775782437520D-02
  0.771912738501D-02  0.576445258216D-02  0.963104541377D-01  0.533562948672D-02
  0.749138511209D-03  0.342132451965D-03  0.323297179541D-02  0.771415770754D-02
  0.574951115347D-02  0.781493464652D-02  0.237621423260D+00 -0.900594653974D-06
  0.202436958060D-02  0.199448330858D-02  0.160657657802D-02  0.198102077753D-02
  0.947084002698D-03  0.174987836252D-03  0.971008292775D-04  0.563052310153D-03
  0.199336076978D-02  0.160305329644D-02  0.203659537729D-02 -0.199866735279D-02
  0.328810268378D+00 -0.202600844726D-05  0.481285933457D-02  0.474200829911D-02
  0.387074788097D-02  0.500017140263D-02  0.211019846445D-02  0.391889826803D-03
  0.221865898308D-03  0.125447408100D-02  0.473943440837D-02  0.386268650683D-02
  0.484050559068D-02 -0.503932746238D-02 -0.885737771529D-03  0.327233605703D+00
  0.120497871144D-05 -0.290789185797D-02 -0.286507363853D-02 -0.234708764478D-02
 -0.305021707347D-02 -0.125138722436D-02 -0.232812796407D-03 -0.132612469360D-03
 -0.743900349461D-03 -0.286353384980D-02 -0.234226763223D-02 -0.292436322983D-02
  0.307340956129D-02  0.525666826918D-03  0.116997617183D-02  0.338150400987D+00
 -0.477754572712D-06  0.892167907675D-03  0.878519146464D-03  0.672232179684D-03
  0.100891614682D-02  0.514505985362D-03  0.932593262497D-04  0.491508319864D-04
  0.306109575113D-03  0.877952964346D-03  0.670441355573D-03  0.898569483046D-03
 -0.101857365411D-02 -0.213698931502D-03 -0.481569287655D-03  0.286600683471D-03
  0.338731092885D+00  0.857911732207D-05 -0.641442426961D-04  0.229797519703D-04
  0.388778143975D-02  0.482109301776D-01 -0.104165215157D-01 -0.186428638456D-02
 -0.753727232115D-03 -0.617582940206D-02  0.307137999451D-04  0.391415119099D-02
 -0.176018026617D-03 -0.480034615966D-01  0.430447087158D-02  0.975620647980D-02
 -0.583071773123D-02  0.203549504856D-02  0.315246828723D+00
$end
