$vibrational normal modes
 1  1  -0.0174042018   0.2078082934   0.1005636137   0.0096922331  -0.0821590412
 1  2   0.1985317645  -0.0000495025  -0.0318106885   0.0048437554  -0.2410769342
 1  3  -0.0968350726  -0.0148368903   0.0686153957   0.0758574910  -0.0148577868
 1  4  -0.0015160360  -0.0336607771  -0.0023161898   0.0266010540  -0.0254131956
 1  5  -0.0301798006   0.0314841547  -0.0306392033   0.0318475216
 2  1   0.2574796578   0.1683764513  -0.1234682884   0.0018406907   0.0390375827
 2  2   0.0377312756  -0.0000080421  -0.0345309120   0.0052762893   0.2217031582
 2  3  -0.1052811333  -0.0160787410  -0.0630948777  -0.0698901256  -0.0162357142
 2  4  -0.0014663944  -0.0366823978  -0.0023435243  -0.0235477164   0.0227794263
 2  5  -0.0333187789   0.0345498396  -0.0336197967   0.0348321999
 3  1  -0.0011487155  -0.0942484562   0.0082192702   0.0048967978   0.3097790571
 3  2   0.1989592642  -0.0000072261   0.0071581277   0.0469327422  -0.0000054895
 3  3  -0.0218890932   0.1430102971  -0.0000708738  -0.0000033927   0.0021568748
 3  4  -0.0220380879   0.0032923487  -0.0497866186   0.0001753086  -0.0001058343
 3  5  -0.0467570332  -0.0449760263  -0.0472046573  -0.0454978393
 4  1  -0.0450936719   0.1000715980   0.3125426509   0.0006393025   0.0187632136
 4  2   0.0130436668  -0.0000495056  -0.0318106587   0.0048437768   0.2410769383
 4  3   0.0968350963   0.0148369043   0.0686145972  -0.0758582427   0.0148567144
 4  4   0.0015161456  -0.0336612200  -0.0023161921  -0.0266031673  -0.0254110068
 4  5   0.0301798093  -0.0314841460  -0.0306391778   0.0318475309
 5  1   0.2273899898   0.0512943030   0.1068956939  -0.0079988339   0.1487135228
 5  2  -0.1638414544  -0.0000080382  -0.0345308734   0.0052762691  -0.2217031839
 5  3   0.1052811381   0.0160787440  -0.0630941715   0.0698907483   0.0162345409
 5  4   0.0014665125  -0.0366829658  -0.0023436559   0.0235495976   0.0227774608
 5  5   0.0333188280  -0.0345498129  -0.0336197811   0.0348322127
 6  1  -0.1496731755   0.1244253753  -0.0754033472   0.1828716800   0.1851902266
 6  2  -0.0628986634  -0.0000072236   0.0071580992   0.0469326755   0.0000054577
 6  3   0.0218890876  -0.1430103506  -0.0000708680   0.0000033203  -0.0021567186
 6  4   0.0220358483   0.0032925608  -0.0497876005  -0.0001753236  -0.0001058690
 6  5   0.0467570558   0.0449760061  -0.0472046249  -0.0454978729
 7  1   0.0312403955   0.1433795553   0.1924747982   0.2132944179  -0.1734249412
 7  2   0.1108323591   0.1737014463  -0.1273274672   0.2791606003  -0.2613762464
 7  3  -0.2340553150   0.2644957588  -0.1867342188  -0.1808250441   0.2538432288
 7  4  -0.0392224192   0.2238035394  -0.0919872991  -0.3076829348   0.3049823332
 7  5   0.4277082179  -0.0445325824   0.4300620999  -0.0461594009
 8  1   0.4336120547   0.0849621592  -0.2117672380   0.1231963871  -0.0972669306
 8  2   0.3144511422   0.1889021616   0.3674802755  -0.2515746772   0.2506565130
 8  3   0.3808683040  -0.0836500974   0.3439192629   0.3450767384  -0.0284699636
 8  4  -0.3444518796   0.0002152954  -0.3258961952  -0.1280439340   0.1294226371
 8  5   0.1677877556  -0.0119391215   0.1657678692  -0.0131103212
 9  1  -0.1508218954   0.0301769231  -0.0671840792  -0.3182441761   0.4949692879
 9  2   0.1761134567  -0.3176158165  -0.0605845166  -0.1885495686   0.0058623148
 9  3  -0.0692423902  -0.1933067595   0.1030818303   0.1069376471  -0.3165239634
 9  4   0.2179759293  -0.3279174798   0.2437768086  -0.2444991548   0.2438461465
 9  5   0.3307489413  -0.0549574050   0.3314014496  -0.0527267271
10  1   0.0411747554   0.2905206386  -0.0821295071   0.1362785228  -0.2464233598
10  2   0.3542301331   0.0997069076   0.4736777875   0.0488068611  -0.2718779458
10  3   0.3829682423   0.1460111853  -0.3750356343  -0.3762017430  -0.2448812735
10  4   0.1897701503  -0.1933214356   0.1919193840   0.1393556426  -0.1421210507
10  5   0.0705697804  -0.1768850694   0.0699442130  -0.1739128608
11  1   0.3361711787   0.0345688402  -0.0046696797   0.0640661402   0.0416442463
11  2   0.0479399635   0.1079657637  -0.2189386372  -0.1078421878   0.2382297271
11  3  -0.2234043335  -0.2068347784   0.1384779628   0.1315143344   0.1475401943
11  4   0.0928255028   0.1070250804   0.1098314095   0.3523490943  -0.3529886326
11  5   0.1956323593  -0.4714257628   0.1959980509  -0.4712278361
12  1   0.2629860579  -0.3680938853   0.1463017458   0.2909321331   0.1587316960
12  2   0.3756146403   0.3809939743  -0.0107231524  -0.2132613885   0.0033007707
12  3   0.1019971268  -0.2206996452   0.0593704994   0.0613093759   0.1598852668
12  4   0.4258382349   0.1843640671   0.4473785231  -0.1361804145   0.1371114419
12  5  -0.0920629102   0.1721946992  -0.0890538054   0.1726300420
13  1  -0.1030981492   0.2732681920   0.0265711423  -0.3134381301   0.0949090803
13  2   0.2747146731  -0.2728184272   0.0327114367  -0.3856868217  -0.2650944536
13  3   0.1722896649  -0.3610642766  -0.2558627479  -0.2524423564   0.3649757425
13  4  -0.1126132925   0.3706225254  -0.0723322146  -0.1413079484   0.1399665764
13  5  -0.1361259973  -0.1563232131  -0.1349041159  -0.1594284762
14  1   0.0260741691   0.4766436930  -0.3331291355  -0.1740759771   0.0874274637
14  2  -0.0924076230  -0.2967721546   0.2629346212   0.2965439664   0.2459797976
14  3   0.1901354614   0.3436720062   0.2694520538   0.2678275484   0.2886048201
14  4   0.2915226822   0.3298700860   0.2439902935   0.0495300347  -0.0478774175
14  5   0.0362045915   0.0689735104   0.0388535678   0.0692714567
15  1  -0.0002021423  -0.1147852871   0.0105212804  -0.0965014974   0.3725766367
15  2   0.2487231514  -0.0632920526  -0.0139896986  -0.1574476226  -0.0092769490
15  3   0.0401202801  -0.0588225101  -0.1616078347  -0.1676398857   0.1014602453
15  4  -0.0905428855   0.1043226045  -0.0978960360   0.3785715386  -0.3796964687
15  5   0.3220897595   0.4222210045   0.3201514688   0.4222570355
16  1   0.0406002757   0.0346117026   0.3865351163   0.3237696645  -0.1583049098
16  2  -0.0631392364  -0.2728184357   0.0327114785  -0.3856865040   0.2650946264
16  3  -0.1722897541   0.3610644758  -0.2558602260   0.2524453427  -0.3649638478
16  4   0.1126078885   0.3706352077  -0.0723381627   0.1413195346   0.1399547206
16  5   0.1361261574   0.1563232017  -0.1349040399  -0.1594286024
17  1   0.4587954768  -0.2569729397   0.3165565449   0.1679178328   0.1003236444
17  2  -0.0337025608  -0.2967721274   0.2629345112   0.2965436192  -0.2459798383
17  3  -0.1901354589  -0.3436721679   0.2694494688  -0.2678299215  -0.2885945227
17  4  -0.2915139401   0.3298780199   0.2440038985  -0.0495339735  -0.0478732316
17  5  -0.0362046281  -0.0689734644   0.0388535314   0.0692714885
18  1  -0.1506197400   0.1449621977  -0.0777053528   0.2842699875   0.1223926402
18  2  -0.1126625461  -0.0632920838  -0.0139896822  -0.1574475027   0.0092769964
18  3  -0.0401203499   0.0588225401  -0.1616061420   0.1676415743  -0.1014568482
18  4   0.0905379235   0.1043264608  -0.0979004950  -0.3786029649  -0.3796647690
18  5  -0.3220901952  -0.4222209600   0.3201512757   0.4222573110
19  1  -0.1036726266   0.0173592503   0.4952357749  -0.1259469769   0.1830275270
19  2  -0.1426547050   0.0997068560   0.4736775340   0.0488069415   0.2718779177
19  3  -0.3829684642  -0.1460113501  -0.3750317996   0.3762057822   0.2448749529
19  4  -0.1897605550  -0.1933310468   0.1919281141  -0.1393673873  -0.1421095399
19  5  -0.0705700036   0.1768849287   0.0699441980  -0.1739129417
20  1   0.1486984768   0.1851019066  -0.0119029126  -0.0702242777   0.1461068556
20  2  -0.1740501344   0.1079657784  -0.2189384990  -0.1078421994  -0.2382296322
20  3   0.2234044616   0.2068349629   0.1384766148  -0.1315155605  -0.1475368925
20  4  -0.0928212309   0.1070294838   0.1098355986  -0.3523782991  -0.3529595102
20  5  -0.1956329050   0.4714253727   0.1959980268  -0.4712280452
21  1  -0.4138079520   0.3982708074  -0.2134858243  -0.1031636597   0.3362375902
21  2  -0.2395540409   0.3809939772  -0.0107231580  -0.2132613955  -0.0033005214
21  3  -0.1019970660   0.2207000009   0.0593699178  -0.0613092162  -0.1598798117
21  4  -0.4258194652   0.1843667207   0.4473980749   0.1361917454   0.1371001628
21  5   0.0920631176  -0.1721945423  -0.0890537757   0.1726301035
22  1  -0.0937382719   0.1645003361   0.2206314676  -0.2029628908   0.1100291198
22  2   0.1007430714   0.1737014511  -0.1273274668   0.2791605648   0.2613760531
22  3   0.2340553438  -0.2644959599  -0.1867324047   0.1808269758  -0.2538360246
22  4   0.0392169219   0.2238121145  -0.0919895347   0.3077082754   0.3049572060
22  5  -0.4277082590   0.0445326307   0.4300617451  -0.0461593057
23  1   0.0512575870   0.1347086039   0.1951946366  -0.1293545349   0.2850180368
23  2  -0.4405613233   0.1889021935   0.3674802606  -0.2515746860  -0.2506562608
23  3  -0.3808684918   0.0836500383   0.3439158167  -0.3450805604   0.0284703460
23  4   0.3444374588   0.0002167707  -0.3259117303   0.1280546616   0.1294121766
23  5  -0.1677877591   0.0119391473   0.1657677362  -0.0131102875
24  1   0.0000000000   0.0000000000   0.0000000000   0.5060126465   0.0000000000
24  2  -0.0400528574  -0.3176158131  -0.0605845007  -0.1885495525  -0.0058622335
24  3   0.0692424660   0.1933070103   0.1030807493  -0.1069386323   0.3165132493
24  4  -0.2179630499  -0.3279293280   0.2437872491   0.2445194286   0.2438261804
24  5  -0.3307489819   0.0549574439   0.3314012047  -0.0527266547
$end
