$dipgrad          cartesian dipole gradients
  -.54409573960939D+00  0.00000000000000D+00  0.21061581766958D-17
  0.00000000000000D+00  -.52521095037332D+00  0.00000000000000D+00
  -.13613672346949D-16  0.00000000000000D+00  -.43901419598848D+00
  0.27204786980471D+00  0.00000000000000D+00  -.53640082548831D-01
  0.00000000000000D+00  0.26260547518665D+00  0.00000000000000D+00
  -.35505485086689D-01  0.00000000000000D+00  0.21950709799426D+00
  0.27204786980471D+00  0.00000000000000D+00  0.53640082548831D-01
  0.00000000000000D+00  0.26260547518665D+00  0.00000000000000D+00
  0.35505485086689D-01  0.00000000000000D+00  0.21950709799426D+00
$end
