$hessian (projected)
 1  1   0.8098924890   0.0000000000   0.0000000000  -0.4049462445   0.0000000000
 1  2  -0.3032605352  -0.4049462445   0.0000000000   0.3032605352
 2  1   0.0000000000   0.0000000000   0.0000000000   0.0000000000   0.0000000000
 2  2   0.0000000000   0.0000000000   0.0000000000   0.0000000000
 3  1   0.0000000000   0.0000000000   0.5271036363  -0.2380631708   0.0000000000
 3  2  -0.2635518182   0.2380631708   0.0000000000  -0.2635518182
 4  1  -0.4049462445   0.0000000000  -0.2380631708   0.4379863184   0.0000000000
 4  2   0.2706618530  -0.0330400739   0.0000000000  -0.0325986822
 5  1   0.0000000000   0.0000000000   0.0000000000   0.0000000000   0.0000000000
 5  2   0.0000000000   0.0000000000   0.0000000000   0.0000000000
 6  1  -0.3032605352   0.0000000000  -0.2635518182   0.2706618530   0.0000000000
 6  2   0.2453304283   0.0325986822   0.0000000000   0.0182213898
 7  1  -0.4049462445   0.0000000000   0.2380631708  -0.0330400739   0.0000000000
 7  2   0.0325986822   0.4379863184   0.0000000000  -0.2706618530
 8  1   0.0000000000   0.0000000000   0.0000000000   0.0000000000   0.0000000000
 8  2   0.0000000000   0.0000000000   0.0000000000   0.0000000000
 9  1   0.3032605352   0.0000000000  -0.2635518182  -0.0325986822   0.0000000000
 9  2   0.0182213898  -0.2706618530   0.0000000000   0.2453304283
$end
