$vibrational normal modes
 1  1   0.4212241791   0.0000000000   0.0485967727   0.0000000000  -0.0485775976
 1  2   0.0997853348  -0.0000000000   0.0000000000  -0.0711342066
 2  1   0.0000000000   1.0000000000   0.0000000000   0.0000000000   0.0000000000
 2  2   0.0000000000   0.0000000000   0.0000000000   0.0000000000
 3  1   0.0610219176   0.0000000000   0.2773569997   0.0000000000   0.0971744839
 3  2  -0.1269316717   0.0708768825   0.0496240484   0.0000000000
 4  1   0.3755254237   0.0000000000  -0.1591133452   0.0000000000   0.3855335057
 4  2   0.1948433017   0.4255232926  -0.5862251093   0.5645528269
 5  1   0.0000000000   0.0000000000   0.0000000000   1.0000000000   0.0000000000
 5  2   0.0000000000   0.0000000000   0.0000000000   0.0000000000
 6  1   0.1220438351   0.0000000000   0.5547139994   0.0000000000  -0.4824975820
 6  2  -0.2538633433  -0.5625105876  -0.3938386067   0.4227884436
 7  1   0.3755254237   0.0000000000  -0.1591133452   0.0000000000   0.3855335057
 7  2   0.1948433017  -0.4255232926   0.5862251093   0.5645528269
 8  1  -0.7224355549   0.0000000000   0.7499131376   0.0000000000  -0.0000000000
 8  2   0.9129933276  -0.0000000000  -0.0000000000   0.0000000000
 9  1   0.0000000000   0.0000000000   0.0000000000   0.0000000000   0.6768465499
 9  2   0.0000000000  -0.5625105876  -0.3938386067  -0.4227884436
$end
