$coord
    2.29716850988070     -4.07599387556610      0.00000000000000  h
    1.29127011285526     -2.29137093351523      0.00000000000000  c
   -1.33871277585818     -2.26399720820984      0.00000000000000  c
   -2.38158259038382     -4.02720276444381      0.00000000000000  h
   -2.62992365072956      0.02737794287566      0.00000000000000  c
   -4.67821464102420      0.04873409101080      0.00000000000000  h
   -1.29126180135811      2.29136852773456      0.00000000000000  c
   -2.29716171003228      4.07598970024798      0.00000000000000  h
    1.33872632475797      2.26399358616974      0.00000000000000  c
    2.38153215756524      4.02723794079312      0.00000000000000  h
    2.62993405052434     -0.02737695909614      0.00000000000000  c
    4.67822601380267     -0.04876004800079      0.00000000000000  h
$user-defined bonds
$redundant
     number_of_atoms            12
     degrees_of_freedom         21
     internal_coordinates       21
     frozen_coordinates          0
# definitions of redundant internals
   1 k  1.0000000000000 stre   2    1           val=   2.04859
   2 k  1.0000000000000 stre   3    4           val=   2.04853
   3 k  1.0000000000000 stre   5    6           val=   2.04840
   4 k  1.0000000000000 stre   7    8           val=   2.04859
   5 k  1.0000000000000 stre  11   12           val=   2.04840
   6 k  1.0000000000000 stre   2   11           val=   2.63015
   7 k  1.0000000000000 stre   9    7           val=   2.63013
   8 k  1.0000000000000 stre   7    5           val=   2.63015
   9 k  1.0000000000000 stre   5    3           val=   2.63014
  10 k  1.0000000000000 stre   3    2           val=   2.63013
  11 k  1.0000000000000 stre   9   10           val=   2.04853
  12 k  1.0000000000000 stre  11    9           val=   2.63013
  13 k -0.4082482904639 bend   2    9   11      val=   0.00001
        0.4082482904639 bend  11    7    9
       -0.4082482904639 bend   9    5    7
        0.4082482904639 bend   7    3    5
       -0.4082482904639 bend   5    2    3
        0.4082482904639 bend   3   11    2
  14 k -0.7071067811865 bend   9    8    7      val=  -0.00349
        0.7071067811865 bend   5    8    7
  15 k  0.7071067811865 bend   7   10    9      val=   0.00327
       -0.7071067811865 bend  11   10    9
  16 k  0.7071067811865 bend   5    4    3      val=  -0.00538
       -0.7071067811865 bend   2    4    3
  17 k  0.7071067811865 bend   2   12   11      val=  -0.00136
       -0.7071067811865 bend   9   12   11
  18 k -0.7071067811865 bend  11    1    2      val=   0.00342
        0.7071067811865 bend   3    1    2
  19 k -0.7071067811865 bend   7    6    5      val=   0.00061
        0.7071067811865 bend   3    6    5
  20 k  0.5000000000000 bend   2    9   11      val=   0.00260
       -0.5000000000000 bend  11    7    9
        0.5000000000000 bend   7    3    5
       -0.5000000000000 bend   5    2    3
  21 k -0.2886751345948 bend   2    9   11      val=  -0.00089
       -0.2886751345948 bend  11    7    9
        0.5773502691896 bend   9    5    7
       -0.2886751345948 bend   7    3    5
       -0.2886751345948 bend   5    2    3
        0.5773502691896 bend   3   11    2
        21 non zero eigenvalues  of BmBt
           1           4.366260767    1    0
         1
           2           4.366189724    2    0
         2
           3           3.538483859    3    0
         3
           4           3.488733837    4    0
         4
           5           3.488645927    5    0
         5
           6           3.192486635    6    0
         6
           7           2.618033981    7    0
         7
           8           1.959654839    8    0
         8
           9           1.886677413    9    0
         9
          10           1.886658801   10    0
        10
          11           1.566749862   11    0
        11
          12           1.566729433   12    0
        12
          13           0.543896882   13    0
        13
          14           0.396238487   14    0
        14
          15           0.381966011   15    0
        15
          16           0.351795781   16    0
        16
          17           0.351786524   17    0
        17
          18           0.280039551   18    0
        18
          19           0.280029672   19    0
        19
          20           0.256529585   20    0
        20
          21           0.256502650   21    0
        21
$end
