$dipgrad          cartesian dipole gradients
  0.19517535559260D-01  0.76313152019261D-01  0.00000000000000D+00
  0.76137539894719D-01  -.72912067862466D-01  0.00000000000000D+00
  0.00000000000000D+00  0.00000000000000D+00  0.13227501980845D+00
  -.18274786759449D-01  -.74219785362495D-01  0.00000000000000D+00
  -.73959539416866D-01  0.71311260392007D-01  0.00000000000000D+00
  0.00000000000000D+00  0.00000000000000D+00  -.13239220099390D+00
  -.15178432228183D-01  0.75784147990209D-01  0.00000000000000D+00
  0.75700222254461D-01  0.67942543433443D-01  0.00000000000000D+00
  0.00000000000000D+00  0.00000000000000D+00  -.13212705098689D+00
  0.16313347079273D-01  -.78029903585276D-01  0.00000000000000D+00
  -.77982832092088D-01  -.69676079237272D-01  0.00000000000000D+00
  0.00000000000000D+00  0.00000000000000D+00  0.13225026114460D+00
  0.11310320742995D+00  -.16409054124452D-02  0.00000000000000D+00
  -.18692955202566D-02  -.58941467213246D-01  0.00000000000000D+00
  0.00000000000000D+00  0.00000000000000D+00  -.13239419268124D+00
  -.11547518685058D+00  0.18020061871707D-02  0.00000000000000D+00
  0.19694172844383D-02  0.62277640433184D-01  0.00000000000000D+00
  0.00000000000000D+00  0.00000000000000D+00  0.13238631188958D+00
  -.18269674808106D-01  -.74233447988062D-01  0.00000000000000D+00
  -.73956832617504D-01  0.71321180525160D-01  0.00000000000000D+00
  0.00000000000000D+00  0.00000000000000D+00  -.13238069418233D+00
  0.19514910414522D-01  0.76315842595086D-01  0.00000000000000D+00
  0.76138518316166D-01  -.72919253061611D-01  0.00000000000000D+00
  0.00000000000000D+00  0.00000000000000D+00  0.13227013962338D+00
  -.15189908311185D-01  0.75767976675028D-01  0.00000000000000D+00
  0.75703213827410D-01  0.67938157037234D-01  0.00000000000000D+00
  0.00000000000000D+00  0.00000000000000D+00  -.13211797817257D+00
  0.16321910843362D-01  -.78018548495052D-01  0.00000000000000D+00
  -.77984216626571D-01  -.69675800468178D-01  0.00000000000000D+00
  0.00000000000000D+00  0.00000000000000D+00  0.13224363265231D+00
  0.11307701279084D+00  -.16431367682484D-02  0.00000000000000D+00
  -.18706678108459D-02  -.58947552927419D-01  0.00000000000000D+00
  0.00000000000000D+00  0.00000000000000D+00  -.13239792334060D+00
  -.11545993516187D+00  0.18026021448601D-02  0.00000000000000D+00
  0.19744725069583D-02  0.62281438946931D-01  0.00000000000000D+00
  0.00000000000000D+00  0.00000000000000D+00  0.13238467523709D+00
$end
