$grad          cartesian gradients
  cycle =      1    SCF energy =     -232.3620417465   |dE/dxyz| =  0.024824
    2.30629138352429     -4.09257417427786      0.00000000000000      h
    1.29076152075310     -2.29026916298205      0.00000000000000      c
   -1.33797642718044     -2.26292827441441      0.00000000000000      c
   -2.39126613800566     -4.04337034362717      0.00000000000000      h
   -2.62855210671759      0.02734431113649      0.00000000000000      c
   -4.69712154966428      0.04887939433750      0.00000000000000      h
   -1.29065797340105      2.29029992399289      0.00000000000000      c
   -2.30624093531806      4.09246779762339      0.00000000000000      h
    1.33804592102057      2.26289737895472      0.00000000000000      c
    2.39083862478839      4.04356861621233      0.00000000000000      h
    2.62867756097349     -0.02733645688390      0.00000000000000      c
    4.69720011922726     -0.04897901007194      0.00000000000000      h
  0.33932294962185D-02  -.60655153950227D-02  0.00000000000000D+00
  -.35717372302945D-02  0.64308886235347D-02  0.00000000000000D+00
  0.37519836759915D-02  0.63214356841175D-02  0.00000000000000D+00
  -.35489789808645D-02  -.59776873708442D-02  0.00000000000000D+00
  0.74300194212331D-02  -.83158465535846D-04  0.00000000000000D+00
  -.69937939019755D-02  0.73887393477410D-04  0.00000000000000D+00
  0.35763345958287D-02  -.63792714007591D-02  0.00000000000000D+00
  -.33841526105489D-02  0.60339818858945D-02  0.00000000000000D+00
  -.37379238645194D-02  -.63380172857431D-02  0.00000000000000D+00
  0.35122682890299D-02  0.59790876419470D-02  0.00000000000000D+00
  -.74116970137623D-02  0.84309551913242D-04  0.00000000000000D+00
  0.69843898995724D-02  -.79985231013643D-04  0.00000000000000D+00
  cycle =      2    SCF energy =     -232.3624493657   |dE/dxyz| =  0.005113
    2.29864133498619     -4.07884468891353      0.00000000000000      h
    1.29103773107208     -2.29083209739243      0.00000000000000      c
   -1.33835302941467     -2.26349206184326      0.00000000000000      c
   -2.38325020824845     -4.02990782979260      0.00000000000000      h
   -2.62927732836555      0.02734765995050      0.00000000000000      c
   -4.68140240934300      0.04871991194058      0.00000000000000      h
   -1.29097145468586      2.29084636619072      0.00000000000000      c
   -2.29862856979320      4.07881114935141      0.00000000000000      h
    1.33841633311466      2.26346523846793      0.00000000000000      c
    2.38300525994135      4.03004831944583      0.00000000000000      h
    2.62934026125412     -0.02735177743491      0.00000000000000      c
    4.68144207948236     -0.04881018997027      0.00000000000000      h
  0.64081510599597D-03  -.11685830454038D-02  0.00000000000000D+00
  -.74931860362164D-03  0.14147404720944D-02  0.00000000000000D+00
  0.82533452800970D-03  0.13598142585196D-02  0.00000000000000D+00
  -.68987958149010D-03  -.11484127230080D-02  0.00000000000000D+00
  0.16168685914696D-02  -.24491795064946D-04  0.00000000000000D+00
  -.13542829410852D-02  0.13694995923165D-04  0.00000000000000D+00
  0.77269584249301D-03  -.13790726266272D-02  0.00000000000000D+00
  -.64791835288565D-03  0.11653191078658D-02  0.00000000000000D+00
  -.79254397011758D-03  -.13908449556182D-02  0.00000000000000D+00
  0.66488588638255D-03  0.11519078429691D-02  0.00000000000000D+00
  -.16234907282075D-02  0.23755675612289D-04  0.00000000000000D+00
  0.13368381573726D-02  -.17839311637957D-04  0.00000000000000D+00
  cycle =      3    SCF energy =     -232.3624648555   |dE/dxyz| =  0.000108
    2.29701941431997     -4.07587452131584      0.00000000000000      h
    1.29125187510523     -2.29130078584014      0.00000000000000      c
   -1.33865608097836     -2.26392539315592      0.00000000000000      c
   -2.38150988415574     -4.02699850535296      0.00000000000000      h
   -2.62982614358824      0.02736485237107      0.00000000000000      c
   -4.67799100822754      0.04870701689975      0.00000000000000      h
   -1.29123330279045      2.29128570554200      0.00000000000000      c
   -2.29702878084296      4.07582475872894      0.00000000000000      h
    1.33868020271179      2.26392783748918      0.00000000000000      c
    2.38136029570129      4.02712211386339      0.00000000000000      h
    2.62987021141329     -0.02736649867598      0.00000000000000      c
    4.67806320133175     -0.04876658055353      0.00000000000000      h
  -.26228628526193D-04  0.30784029320666D-04  0.00000000000000D+00
  0.11481962270521D-04  0.45657601301374D-05  0.00000000000000D+00
  -.16942046693197D-05  -.47534211092964D-05  0.00000000000000D+00
  0.19517541724063D-04  0.41351070130327D-04  0.00000000000000D+00
  0.23058106427554D-05  -.30540955428815D-05  0.00000000000000D+00
  0.47538437388337D-04  -.15014630500992D-05  0.00000000000000D+00
  -.16308214920963D-04  -.26339634001671D-05  0.00000000000000D+00
  0.26862219138439D-04  -.37339245189678D-04  0.00000000000000D+00
  0.47922137424994D-05  -.78993989321985D-06  0.00000000000000D+00
  -.26601439746509D-04  -.30473502651993D-04  0.00000000000000D+00
  -.50448411320764D-05  0.52853399560397D-05  0.00000000000000D+00
  -.36608101264723D-04  -.14395826936978D-05  0.00000000000000D+00
  cycle =      4    SCF energy =     -232.3624650190   |dE/dxyz| =  0.000044
    2.29716740931362     -4.07602890356028      0.00000000000000      h
    1.29127812816758     -2.29136421545099      0.00000000000000      c
   -1.33870284631457     -2.26399588082873      0.00000000000000      c
   -2.38160210304283     -4.02722325583630      0.00000000000000      h
   -2.62991874007549      0.02737372299770      0.00000000000000      c
   -4.67824554358835      0.04872533859265      0.00000000000000      h
   -1.29126168488632      2.29136308961527      0.00000000000000      c
   -2.29715793908943      4.07602479731114      0.00000000000000      h
    1.33872554577589      2.26398849570579      0.00000000000000      c
    2.38152521557136      4.02727371430829      0.00000000000000      h
    2.62993466452544     -0.02737337033453      0.00000000000000      c
    4.67825789364313     -0.04876353252006      0.00000000000000      h
  0.16304983447776D-05  -.11334455028447D-04  0.00000000000000D+00
  0.32065024350297D-05  0.16069286121911D-04  0.00000000000000D+00
  0.10075710056068D-04  0.58836367948581D-05  0.00000000000000D+00
  -.76066859327900D-05  -.88579595335515D-05  0.00000000000000D+00
  0.12817045381461D-04  -.14229672869147D-05  0.00000000000000D+00
  -.12300831712456D-04  -.98098886061604D-06  0.00000000000000D+00
  -.54216349826275D-06  -.11761203786140D-04  0.00000000000000D+00
  -.30565683123047D-05  0.11379407699026D-04  0.00000000000000D+00
  -.33647276503901D-06  -.13498153893628D-04  0.00000000000000D+00
  0.13756046511604D-05  0.11665261451419D-04  0.00000000000000D+00
  -.15661751216936D-04  0.36882182459438D-05  0.00000000000000D+00
  0.10392735664982D-04  -.82930405921611D-06  0.00000000000000D+00
$end
