$hessapprox internal
  0.416415043294D+00 -0.872733108497D-02  0.416653613842D+00 -0.843270682470D-02
 -0.833507489516D-02  0.417323050814D+00 -0.873575795789D-02 -0.868091990488D-02
 -0.835955689183D-02  0.416644763329D+00 -0.888634026905D-02 -0.870902061832D-02
 -0.842405086902D-02 -0.870979163757D-02  0.416389148442D+00 -0.162296422124D-02
 -0.279889062132D-02 -0.292360421001D-02 -0.291148034186D-02 -0.893233866823D-03
  0.610416732216D+00  0.459392543163D-03 -0.464641363485D-03 -0.456334491953D-03
 -0.578478195229D-03  0.106943010021D-02 -0.109276894132D-01  0.612534926115D+00
 -0.128687365385D-02 -0.256508214973D-02 -0.262124710918D-02 -0.270335843134D-02
 -0.469113838540D-03 -0.140683503065D-01 -0.126756566299D-01  0.605687600738D+00
 -0.779698845478D-03 -0.199389541420D-02 -0.202284123604D-02 -0.213124801029D-02
  0.566471307779D-05 -0.137404566100D-01 -0.122891920610D-01 -0.160507095813D-01
  0.606611531992D+00 -0.216069765640D-04 -0.995718834098D-03 -0.101395091763D-02
 -0.110904856592D-02  0.611968825418D-03 -0.110960247787D-01 -0.992582235871D-02
 -0.129491167447D-01 -0.125737231551D-01  0.612025308650D+00 -0.878302512646D-02
 -0.864986337275D-02 -0.835225484301D-02 -0.865852619813D-02 -0.881545337480D-02
 -0.161860276283D-02  0.472243288513D-03 -0.127248707569D-02 -0.763997482445D-03
 -0.102354243888D-04  0.416649072034D+00 -0.183519298736D-02 -0.303592159177D-02
 -0.317112316006D-02 -0.314883006960D-02 -0.109294923882D-02 -0.119160977265D-01
 -0.110739192101D-01 -0.142441455314D-01 -0.139183570572D-01 -0.112383338208D-01
 -0.183127248327D-02  0.610163790969D+00  0.208332180258D-03  0.260247056377D-03
  0.270879617699D-03  0.263791105591D-03  0.178061744375D-03  0.443154151265D-03
  0.430369857506D-03  0.545428264925D-03  0.536843311113D-03  0.433029605889D-03
  0.208431496218D-03  0.446574192216D-03  0.434604279564D+00  0.471490377471D-02
  0.548853959249D-02  0.573099843307D-02  0.552047599139D-02  0.429358645155D-02
  0.527066909362D-02  0.551504860385D-02  0.682755418066D-02  0.679820962700D-02
  0.547180952931D-02  0.472299991289D-02  0.528519327038D-02 -0.170592111204D-03
  0.366997687776D+00 -0.453880265107D-02 -0.530628383868D-02 -0.554071818328D-02
 -0.533957094208D-02 -0.411860474695D-02 -0.532189901605D-02 -0.553333715412D-02
 -0.686421525486D-02 -0.682794850598D-02 -0.549634436026D-02 -0.454641363690D-02
 -0.533889954766D-02  0.173831390012D-03  0.154814274167D-02  0.366873518323D+00
 -0.364865156640D-02 -0.426678946783D-02 -0.445459429427D-02 -0.429380834753D-02
 -0.330990454849D-02 -0.430098522980D-02 -0.446541869141D-02 -0.554281026876D-02
 -0.551222766518D-02 -0.443681506672D-02 -0.365465765299D-02 -0.431520671012D-02
  0.140814901383D-03  0.126114836047D-02 -0.131096247702D-02  0.367407490683D+00
 -0.205508191114D-02 -0.239824064312D-02 -0.250399330334D-02 -0.241286137262D-02
 -0.186755798999D-02 -0.236561819107D-02 -0.246474077968D-02 -0.305553345576D-02
 -0.304038838601D-02 -0.244733753374D-02 -0.205853571019D-02 -0.237284176238D-02
  0.770346562508D-04  0.680965954862D-03 -0.708962738162D-03 -0.577280591078D-03
  0.368168553358D+00 -0.618865663551D-02 -0.723206605959D-02 -0.755078405867D-02
 -0.727725522392D-02 -0.561744893492D-02 -0.723490747857D-02 -0.752159365207D-02
 -0.933169032719D-02 -0.928220260039D-02 -0.747152081509D-02 -0.619894451871D-02
 -0.725812300638D-02  0.236381492643D-03  0.210651818115D-02 -0.219101446587D-02
 -0.178365976537D-02 -0.964623660431D-03  0.365487828952D+00 -0.149656126956D-03
 -0.168725543834D-03 -0.176545336989D-03 -0.169061630697D-03 -0.139917822599D-03
 -0.100676996254D-03 -0.116320954382D-03 -0.139776855791D-03 -0.141234382553D-03
 -0.113414714907D-03 -0.150007013440D-03 -0.100225104434D-03  0.279031141322D-05
  0.131926471528D-04 -0.151193882680D-04 -0.125762070950D-04 -0.646067240649D-05
 -0.206189724831D-04  0.368474349162D+00 -0.677003388475D-03 -0.759026111356D-03
 -0.795320115038D-03 -0.759868641940D-03 -0.635996331608D-03 -0.393665719612D-03
 -0.475687390951D-03 -0.562819155153D-03 -0.572520854296D-03 -0.460256382905D-03
 -0.678787568986D-03 -0.390424791304D-03  0.991788074288D-05  0.208603951022D-04
 -0.298267234381D-04 -0.258081408658D-04 -0.119832354904D-04 -0.408240681240D-04
  0.229805235582D-05  0.434634329700D+00 -0.273206421109D-03 -0.351093298151D-03
 -0.364432459137D-03 -0.357020333809D-03 -0.226903175085D-03 -0.706183065325D-03
 -0.673032969870D-03 -0.858580057056D-03 -0.842531428876D-03 -0.679727288569D-03
 -0.273114680404D-03 -0.712506684994D-03  0.256683653096D-04  0.289862237433D-03
 -0.294189883586D-03 -0.238093676848D-03 -0.130541649857D-03 -0.400017752945D-03
 -0.510574358272D-05 -0.189835648983D-04  0.434578639574D+00
$end
