$hessian (projected)
 1  1   0.1297347739  -0.1266736042   0.0000000000  -0.1253028500   0.1170637770
 1  2   0.0000000000  -0.0104433080   0.0298911661   0.0000000000   0.0012269734
 1  3  -0.0004892864   0.0000000000  -0.0060165045  -0.0014077108   0.0000000000
 1  4  -0.0007200793   0.0015552691   0.0000000000  -0.0008257737  -0.0009091704
 1  5   0.0000000000   0.0000982545   0.0000973870   0.0000000000  -0.0010444427
 1  6  -0.0033367398   0.0000000000   0.0004232500  -0.0008930028   0.0000000000
 1  7   0.0119488105  -0.0155689456   0.0000000000   0.0009208960   0.0006708608
 1  8   0.0000000000
 2  1  -0.1266736042   0.2831406892   0.0000000000   0.1170479718  -0.2670726822
 2  2   0.0000000000  -0.0019776240   0.0032691439   0.0000000000   0.0004797515
 2  3   0.0008101569   0.0000000000  -0.0003332263   0.0018549609   0.0000000000
 2  4  -0.0002001547   0.0000252268   0.0000000000  -0.0009049964   0.0002724095
 2  5   0.0000000000   0.0000973713  -0.0000186775   0.0000000000  -0.0044367971
 2  6  -0.0031250650   0.0000000000   0.0008612539  -0.0011215982   0.0000000000
 2  7   0.0163361673  -0.0191562929   0.0000000000  -0.0002961131   0.0011217286
 2  8   0.0000000000
 3  1   0.0000000000   0.0000000000   0.0249777448   0.0000000000   0.0000000000
 3  2  -0.0351093945   0.0000000000   0.0000000000   0.0021845332   0.0000000000
 3  3   0.0000000000  -0.0037456660   0.0000000000   0.0000000000   0.0073100624
 3  4   0.0000000000   0.0000000000   0.0002448978   0.0000000000   0.0000000000
 3  5  -0.0004495418   0.0000000000   0.0000000000  -0.0014079646   0.0000000000
 3  6   0.0000000000   0.0073396039   0.0000000000   0.0000000000   0.0002575973
 3  7   0.0000000000   0.0000000000   0.0021618068   0.0000000000   0.0000000000
 3  8  -0.0037636792
 4  1  -0.1253028500   0.1170479718   0.0000000000   0.6786573810  -0.0308691730
 4  2   0.0000000000  -0.3346960884  -0.0295050769   0.0000000000  -0.0110085924
 4  3   0.0022776102   0.0000000000  -0.0268695732   0.0750624659   0.0000000000
 4  4   0.0007570855   0.0022922094   0.0000000000  -0.0500337667  -0.0286579968
 4  5   0.0000000000  -0.0008256717  -0.0009051722   0.0000000000   0.0627582819
 4  6  -0.0231893304   0.0000000000  -0.0008868816   0.0043914805   0.0000000000
 4  7  -0.1803062714  -0.0591056217   0.0000000000  -0.0122430529  -0.0288393669
 4  8   0.0000000000
 5  1   0.1170637770  -0.2670726822   0.0000000000  -0.0308691730   0.7164079063
 5  2   0.0000000000   0.0339526048  -0.1269481117   0.0000000000  -0.0295785293
 5  3   0.0038395095   0.0000000000   0.0310825050   0.0313863907   0.0000000000
 5  4   0.0033890035  -0.0049361645   0.0000000000  -0.0286582117  -0.0154660644
 5  5   0.0000000000  -0.0009092774   0.0002723103   0.0000000000   0.0207191577
 5  6  -0.0580504834   0.0000000000   0.0032876184  -0.0032832646   0.0000000000
 5  7  -0.1224990863  -0.2812048000   0.0000000000   0.0030196113   0.0050554540
 5  8   0.0000000000
 6  1   0.0000000000   0.0000000000  -0.0351093945   0.0000000000   0.0000000000
 6  2   0.1298416145   0.0000000000   0.0000000000  -0.0603938166   0.0000000000
 6  3   0.0000000000   0.0021849463   0.0000000000   0.0000000000   0.0085118829
 6  4   0.0000000000   0.0000000000   0.0072996067   0.0000000000   0.0000000000
 6  5  -0.0094922551   0.0000000000   0.0000000000  -0.0004483430   0.0000000000
 6  6   0.0000000000   0.0081179517   0.0000000000   0.0000000000   0.0073373970
 6  7   0.0000000000   0.0000000000  -0.0599936817   0.0000000000   0.0000000000
 6  8   0.0021440917
 7  1  -0.0104433080  -0.0019776240   0.0000000000  -0.3346960884   0.0339526048
 7  2   0.0000000000   0.6803392787   0.0314775432   0.0000000000  -0.1303104288
 7  3  -0.1199231592   0.0000000000  -0.1768281572   0.0570238738   0.0000000000
 7  4  -0.0116971484   0.0292089789   0.0000000000   0.0627575572   0.0207195461
 7  5   0.0000000000  -0.0010446406  -0.0044369297   0.0000000000  -0.0486994117
 7  6   0.0292945349   0.0000000000  -0.0007780211   0.0009226579   0.0000000000
 7  7  -0.0292345203  -0.0738461885   0.0000000000   0.0006348886  -0.0024158382
 7  8   0.0000000000
 8  1   0.0298911661   0.0032691439   0.0000000000  -0.0295050769  -0.1269481117
 8  2   0.0000000000   0.0314775432   0.7152547707   0.0000000000  -0.1199511376
 8  3  -0.2621906734   0.0000000000   0.1203854083  -0.2849883662   0.0000000000
 8  4  -0.0026724268   0.0045099366   0.0000000000  -0.0231894668  -0.0580526478
 8  5   0.0000000000  -0.0033363709  -0.0031250887   0.0000000000   0.0292946921
 8  6  -0.0167579574   0.0000000000   0.0009240125   0.0002356543   0.0000000000
 8  7  -0.0298139939   0.0336014949   0.0000000000  -0.0035043494  -0.0048081550
 8  8   0.0000000000
 9  1   0.0000000000   0.0000000000   0.0021845332   0.0000000000   0.0000000000
 9  2  -0.0603938166   0.0000000000   0.0000000000   0.1298835204   0.0000000000
 9  3   0.0000000000  -0.0351252203   0.0000000000   0.0000000000  -0.0600322884
 9  4   0.0000000000   0.0000000000   0.0021520245   0.0000000000   0.0000000000
 9  5   0.0081358259   0.0000000000   0.0000000000   0.0073375927   0.0000000000
 9  6   0.0000000000  -0.0094942657   0.0000000000   0.0000000000  -0.0004491056
 9  7   0.0000000000   0.0000000000   0.0084967286   0.0000000000   0.0000000000
 9  8   0.0073044712
10  1   0.0012269734   0.0004797515   0.0000000000  -0.0110085924  -0.0295785293
10  2   0.0000000000  -0.1303104288  -0.1199511376   0.0000000000   0.1351298541
10  3   0.1297869992   0.0000000000   0.0119234318   0.0149269575   0.0000000000
10  4   0.0009108107  -0.0006645183   0.0000000000  -0.0008871217   0.0032871963
10  5   0.0000000000   0.0004232060   0.0008612454   0.0000000000  -0.0007780144
10  6   0.0009240494   0.0000000000   0.0000954316  -0.0001002770   0.0000000000
10  7  -0.0059773395   0.0015683275   0.0000000000  -0.0007482108  -0.0015400647
10  8   0.0000000000
11  1  -0.0004892864   0.0008101569   0.0000000000   0.0022776102   0.0038395095
11  2   0.0000000000  -0.1199231592  -0.2621906734   0.0000000000   0.1297869992
11  3   0.2778557522   0.0000000000  -0.0169885613  -0.0191287702   0.0000000000
11  4   0.0003014378   0.0011282441   0.0000000000   0.0043914570  -0.0032836959
11  5   0.0000000000  -0.0008930539  -0.0011217140   0.0000000000   0.0009227171
11  6   0.0002355735   0.0000000000  -0.0001003033  -0.0000143084   0.0000000000
11  7   0.0004977906   0.0018162274   0.0000000000   0.0002163521   0.0000536985
11  8   0.0000000000
12  1   0.0000000000   0.0000000000  -0.0037456660   0.0000000000   0.0000000000
12  2   0.0021849463   0.0000000000   0.0000000000  -0.0351252203   0.0000000000
12  3   0.0000000000   0.0249860848   0.0000000000   0.0000000000   0.0021696614
12  4   0.0000000000   0.0000000000  -0.0037640267   0.0000000000   0.0000000000
12  5   0.0073349137   0.0000000000   0.0000000000   0.0002571596   0.0000000000
12  6   0.0000000000  -0.0004480129   0.0000000000   0.0000000000  -0.0014066402
12  7   0.0000000000   0.0000000000   0.0073117651   0.0000000000   0.0000000000
12  8   0.0002450350
13  1  -0.0060165045  -0.0003332263   0.0000000000  -0.0268695732   0.0310825050
13  2   0.0000000000  -0.1768281572   0.1203854083   0.0000000000   0.0119234318
13  3  -0.0169885613   0.0000000000   0.7331232542  -0.0007970220   0.0000000000
13  4  -0.3332641775   0.0028412089   0.0000000000  -0.1803050875  -0.1224996309
13  5   0.0000000000   0.0119494385   0.0163370316   0.0000000000  -0.0292354496
13  6  -0.0298139643   0.0000000000  -0.0059774333   0.0004974923   0.0000000000
13  7   0.0007168602  -0.0006908513   0.0000000000   0.0007833982  -0.0000203900
13  8   0.0000000000
14  1  -0.0014077108   0.0018549609   0.0000000000   0.0750624659   0.0313863907
14  2   0.0000000000   0.0570238738  -0.2849883662   0.0000000000   0.0149269575
14  3  -0.0191287702   0.0000000000  -0.0007970220   0.6623659237   0.0000000000
14  4   0.0028556946  -0.0593949889   0.0000000000  -0.0591040767  -0.2812046549
14  5   0.0000000000  -0.0155692900  -0.0191569629   0.0000000000  -0.0738469794
14  6   0.0336011814   0.0000000000   0.0015679334   0.0018160450   0.0000000000
14  7  -0.0006906896  -0.0658441137   0.0000000000  -0.0000211565  -0.0013066448
14  8   0.0000000000
15  1   0.0000000000   0.0000000000   0.0073100624   0.0000000000   0.0000000000
15  2   0.0085118829   0.0000000000   0.0000000000  -0.0600322884   0.0000000000
15  3   0.0000000000   0.0021696614   0.0000000000   0.0000000000   0.1295290894
15  4   0.0000000000   0.0000000000  -0.0351185735   0.0000000000   0.0000000000
15  5  -0.0600207182   0.0000000000   0.0000000000   0.0021644066   0.0000000000
15  6   0.0000000000   0.0085062476   0.0000000000   0.0000000000   0.0073122030
15  7   0.0000000000   0.0000000000  -0.0099497999   0.0000000000   0.0000000000
15  8  -0.0003821733
16  1  -0.0007200793  -0.0002001547   0.0000000000   0.0007570855   0.0033890035
16  2   0.0000000000  -0.0116971484  -0.0026724268   0.0000000000   0.0009108107
16  3   0.0003014378   0.0000000000  -0.3332641775   0.0028556946   0.0000000000
16  4   0.3547394355  -0.0030905855   0.0000000000  -0.0122431865   0.0030200340
16  5   0.0000000000   0.0009208584  -0.0002961424   0.0000000000   0.0006348782
16  6  -0.0035044340   0.0000000000  -0.0007482434   0.0002163280   0.0000000000
16  7   0.0007834037  -0.0000212251   0.0000000000  -0.0000736369   0.0000024705
16  8   0.0000000000
17  1   0.0015552691   0.0000252268   0.0000000000   0.0022922094  -0.0049361645
17  2   0.0000000000   0.0292089789   0.0045099366   0.0000000000  -0.0006645183
17  3   0.0011282441   0.0000000000   0.0028412089  -0.0593949889   0.0000000000
17  4  -0.0030905855   0.0583944089   0.0000000000  -0.0288400437   0.0050563822
17  5   0.0000000000   0.0006708678   0.0011217189   0.0000000000  -0.0024153435
17  6  -0.0048084278   0.0000000000  -0.0015401110   0.0000536311   0.0000000000
17  7  -0.0000204035  -0.0013067581   0.0000000000   0.0000024714   0.0001567907
17  8   0.0000000000
18  1   0.0000000000   0.0000000000   0.0002448978   0.0000000000   0.0000000000
18  2   0.0072996067   0.0000000000   0.0000000000   0.0021520245   0.0000000000
18  3   0.0000000000  -0.0037640267   0.0000000000   0.0000000000  -0.0351185735
18  4   0.0000000000   0.0000000000   0.0250337484   0.0000000000   0.0000000000
18  5   0.0021482232   0.0000000000   0.0000000000  -0.0037630279   0.0000000000
18  6   0.0000000000   0.0073015603   0.0000000000   0.0000000000   0.0002447921
18  7   0.0000000000   0.0000000000  -0.0003797451   0.0000000000   0.0000000000
18  8  -0.0013994799
19  1  -0.0008257737  -0.0009049964   0.0000000000  -0.0500337667  -0.0286582117
19  2   0.0000000000   0.0627575572  -0.0231894668   0.0000000000  -0.0008871217
19  3   0.0043914570   0.0000000000  -0.1803050875  -0.0591040767   0.0000000000
19  4  -0.0122431865  -0.0288400437   0.0000000000   0.6786522603  -0.0308680731
19  5   0.0000000000  -0.1253039845   0.1170478211   0.0000000000  -0.3346895319
19  6  -0.0295060283   0.0000000000  -0.0110100378   0.0022771412   0.0000000000
19  7  -0.0268687282   0.0750618968   0.0000000000   0.0007574009   0.0022925806
19  8   0.0000000000
20  1  -0.0009091704   0.0002724095   0.0000000000  -0.0286579968  -0.0154660644
20  2   0.0000000000   0.0207195461  -0.0580526478   0.0000000000   0.0032871963
20  3  -0.0032836959   0.0000000000  -0.1224996309  -0.2812046549   0.0000000000
20  4   0.0030200340   0.0050563822   0.0000000000  -0.0308680731   0.7164092062
20  5   0.0000000000   0.1170641211  -0.2670727932   0.0000000000   0.0339526285
20  6  -0.1269480287   0.0000000000  -0.0295795017   0.0038387113   0.0000000000
20  7   0.0310820432   0.0313870149   0.0000000000   0.0033888035  -0.0049358391
20  8   0.0000000000
21  1   0.0000000000   0.0000000000  -0.0004495418   0.0000000000   0.0000000000
21  2  -0.0094922551   0.0000000000   0.0000000000   0.0081358259   0.0000000000
21  3   0.0000000000   0.0073349137   0.0000000000   0.0000000000  -0.0600207182
21  4   0.0000000000   0.0000000000   0.0021482232   0.0000000000   0.0000000000
21  5   0.1298599092   0.0000000000   0.0000000000  -0.0351114219   0.0000000000
21  6   0.0000000000  -0.0603948878   0.0000000000   0.0000000000   0.0021836381
21  7   0.0000000000   0.0000000000   0.0085033025   0.0000000000   0.0000000000
21  8   0.0073030122
22  1   0.0000982545   0.0000973713   0.0000000000  -0.0008256717  -0.0009092774
22  2   0.0000000000  -0.0010446406  -0.0033363709   0.0000000000   0.0004232060
22  3  -0.0008930539   0.0000000000   0.0119494385  -0.0155692900   0.0000000000
22  4   0.0009208584   0.0006708678   0.0000000000  -0.1253039845   0.1170641211
22  5   0.0000000000   0.1297351465  -0.1266736764   0.0000000000  -0.0104428967
22  6   0.0298911346   0.0000000000   0.0012269592  -0.0004891630   0.0000000000
22  7  -0.0060166408  -0.0014079140   0.0000000000  -0.0007200289   0.0015552509
22  8   0.0000000000
23  1   0.0000973870  -0.0000186775   0.0000000000  -0.0009051722   0.0002723103
23  2   0.0000000000  -0.0044369297  -0.0031250887   0.0000000000   0.0008612454
23  3  -0.0011217140   0.0000000000   0.0163370316  -0.0191569629   0.0000000000
23  4  -0.0002961424   0.0011217189   0.0000000000   0.1170478211  -0.2670727932
23  5   0.0000000000  -0.1266736764   0.2831416277   0.0000000000  -0.0019778889
23  6   0.0032691256   0.0000000000   0.0004797524   0.0008102407   0.0000000000
23  7  -0.0003332726   0.0018549700   0.0000000000  -0.0002001552   0.0000252432
23  8   0.0000000000
24  1   0.0000000000   0.0000000000  -0.0014079646   0.0000000000   0.0000000000
24  2  -0.0004483430   0.0000000000   0.0000000000   0.0073375927   0.0000000000
24  3   0.0000000000   0.0002571596   0.0000000000   0.0000000000   0.0021644066
24  4   0.0000000000   0.0000000000  -0.0037630279   0.0000000000   0.0000000000
24  5  -0.0351114219   0.0000000000   0.0000000000   0.0249770434   0.0000000000
24  6   0.0000000000   0.0021862184   0.0000000000   0.0000000000  -0.0037456501
24  7   0.0000000000   0.0000000000   0.0073088884   0.0000000000   0.0000000000
24  8   0.0002450983
25  1  -0.0010444427  -0.0044367971   0.0000000000   0.0627582819   0.0207191577
25  2   0.0000000000  -0.0486994117   0.0292946921   0.0000000000  -0.0007780144
25  3   0.0009227171   0.0000000000  -0.0292354496  -0.0738469794   0.0000000000
25  4   0.0006348782  -0.0024153435   0.0000000000  -0.3346895319   0.0339526285
25  5   0.0000000000  -0.0104428967  -0.0019778889   0.0000000000   0.6803263421
25  6   0.0314689044   0.0000000000  -0.1303010157  -0.1199197829   0.0000000000
25  7  -0.1768326761   0.0570308048   0.0000000000  -0.0116960634   0.0292078874
25  8   0.0000000000
26  1  -0.0033367398  -0.0031250650   0.0000000000  -0.0231893304  -0.0580504834
26  2   0.0000000000   0.0292945349  -0.0167579574   0.0000000000   0.0009240494
26  3   0.0002355735   0.0000000000  -0.0298139643   0.0336011814   0.0000000000
26  4  -0.0035044340  -0.0048084278   0.0000000000  -0.0295060283  -0.1269480287
26  5   0.0000000000   0.0298911346   0.0032691256   0.0000000000   0.0314689044
26  6   0.7152716099   0.0000000000  -0.1199453384  -0.2621991499   0.0000000000
26  7   0.1203891467  -0.2849977409   0.0000000000  -0.0026719348   0.0045093628
26  8   0.0000000000
27  1   0.0000000000   0.0000000000   0.0073396039   0.0000000000   0.0000000000
27  2   0.0081179517   0.0000000000   0.0000000000  -0.0094942657   0.0000000000
27  3   0.0000000000  -0.0004480129   0.0000000000   0.0000000000   0.0085062476
27  4   0.0000000000   0.0000000000   0.0073015603   0.0000000000   0.0000000000
27  5  -0.0603948878   0.0000000000   0.0000000000   0.0021862184   0.0000000000
27  6   0.0000000000   0.1298667771   0.0000000000   0.0000000000  -0.0351233735
27  7   0.0000000000   0.0000000000  -0.0600056096   0.0000000000   0.0000000000
27  8   0.0021477906
28  1   0.0004232500   0.0008612539   0.0000000000  -0.0008868816   0.0032876184
28  2   0.0000000000  -0.0007780211   0.0009240125   0.0000000000   0.0000954316
28  3  -0.0001003033   0.0000000000  -0.0059774333   0.0015679334   0.0000000000
28  4  -0.0007482434  -0.0015401110   0.0000000000  -0.0110100378  -0.0295795017
28  5   0.0000000000   0.0012269592   0.0004797524   0.0000000000  -0.1303010157
28  6  -0.1199453384   0.0000000000   0.1351220100   0.1297827918   0.0000000000
28  7   0.0119232232   0.0149265935   0.0000000000   0.0009107589  -0.0006647015
28  8   0.0000000000
29  1  -0.0008930028  -0.0011215982   0.0000000000   0.0043914805  -0.0032832646
29  2   0.0000000000   0.0009226579   0.0002356543   0.0000000000  -0.0001002770
29  3  -0.0000143084   0.0000000000   0.0004974923   0.0018160450   0.0000000000
29  4   0.0002163280   0.0000536311   0.0000000000   0.0022771412   0.0038387113
29  5   0.0000000000  -0.0004891630   0.0008102407   0.0000000000  -0.1199197829
29  6  -0.2621991499   0.0000000000   0.1297827918   0.2778622502   0.0000000000
29  7  -0.0169871061  -0.0191264366   0.0000000000   0.0003014400   0.0011282251
29  8   0.0000000000
30  1   0.0000000000   0.0000000000   0.0002575973   0.0000000000   0.0000000000
30  2   0.0073373970   0.0000000000   0.0000000000  -0.0004491056   0.0000000000
30  3   0.0000000000  -0.0014066402   0.0000000000   0.0000000000   0.0073122030
30  4   0.0000000000   0.0000000000   0.0002447921   0.0000000000   0.0000000000
30  5   0.0021836381   0.0000000000   0.0000000000  -0.0037456501   0.0000000000
30  6   0.0000000000  -0.0351233735   0.0000000000   0.0000000000   0.0249867302
30  7   0.0000000000   0.0000000000   0.0021670674   0.0000000000   0.0000000000
30  8  -0.0037646557
31  1   0.0119488105   0.0163361673   0.0000000000  -0.1803062714  -0.1224990863
31  2   0.0000000000  -0.0292345203  -0.0298139939   0.0000000000  -0.0059773395
31  3   0.0004977906   0.0000000000   0.0007168602  -0.0006906896   0.0000000000
31  4   0.0007834037  -0.0000204035   0.0000000000  -0.0268687282   0.0310820432
31  5   0.0000000000  -0.0060166408  -0.0003332726   0.0000000000  -0.1768326761
31  6   0.1203891467   0.0000000000   0.0119232232  -0.0169871061   0.0000000000
31  7   0.7331283135  -0.0008057360   0.0000000000  -0.3332644347   0.0028451402
31  8   0.0000000000
32  1  -0.0155689456  -0.0191562929   0.0000000000  -0.0591056217  -0.2812048000
32  2   0.0000000000  -0.0738461885   0.0336014949   0.0000000000   0.0015683275
32  3   0.0018162274   0.0000000000  -0.0006908513  -0.0658441137   0.0000000000
32  4  -0.0000212251  -0.0013067581   0.0000000000   0.0750618968   0.0313870149
32  5   0.0000000000  -0.0014079140   0.0018549700   0.0000000000   0.0570308048
32  6  -0.2849977409   0.0000000000   0.0149265935  -0.0191264366   0.0000000000
32  7  -0.0008057360   0.6623699265   0.0000000000   0.0028588597  -0.0593934915
32  8   0.0000000000
33  1   0.0000000000   0.0000000000   0.0021618068   0.0000000000   0.0000000000
33  2  -0.0599936817   0.0000000000   0.0000000000   0.0084967286   0.0000000000
33  3   0.0000000000   0.0073117651   0.0000000000   0.0000000000  -0.0099497999
33  4   0.0000000000   0.0000000000  -0.0003797451   0.0000000000   0.0000000000
33  5   0.0085033025   0.0000000000   0.0000000000   0.0073088884   0.0000000000
33  6   0.0000000000  -0.0600056096   0.0000000000   0.0000000000   0.0021670674
33  7   0.0000000000   0.0000000000   0.1294938595   0.0000000000   0.0000000000
33  8  -0.0351145821
34  1   0.0009208960  -0.0002961131   0.0000000000  -0.0122430529   0.0030196113
34  2   0.0000000000   0.0006348886  -0.0035043494   0.0000000000  -0.0007482108
34  3   0.0002163521   0.0000000000   0.0007833982  -0.0000211565   0.0000000000
34  4  -0.0000736369   0.0000024714   0.0000000000   0.0007574009   0.0033888035
34  5   0.0000000000  -0.0007200289  -0.0002001552   0.0000000000  -0.0116960634
34  6  -0.0026719348   0.0000000000   0.0009107589   0.0003014400   0.0000000000
34  7  -0.3332644347   0.0028588597   0.0000000000   0.3547380849  -0.0030938291
34  8   0.0000000000
35  1   0.0006708608   0.0011217286   0.0000000000  -0.0288393669   0.0050554540
35  2   0.0000000000  -0.0024158382  -0.0048081550   0.0000000000  -0.0015400647
35  3   0.0000536985   0.0000000000  -0.0000203900  -0.0013066448   0.0000000000
35  4   0.0000024705   0.0001567907   0.0000000000   0.0022925806  -0.0049358391
35  5   0.0000000000   0.0015552509   0.0000252432   0.0000000000   0.0292078874
35  6   0.0045093628   0.0000000000  -0.0006647015   0.0011282251   0.0000000000
35  7   0.0028451402  -0.0593934915   0.0000000000  -0.0030938291   0.0583936276
35  8   0.0000000000
36  1   0.0000000000   0.0000000000  -0.0037636792   0.0000000000   0.0000000000
36  2   0.0021440917   0.0000000000   0.0000000000   0.0073044712   0.0000000000
36  3   0.0000000000   0.0002450350   0.0000000000   0.0000000000  -0.0003821733
36  4   0.0000000000   0.0000000000  -0.0013994799   0.0000000000   0.0000000000
36  5   0.0073030122   0.0000000000   0.0000000000   0.0002450983   0.0000000000
36  6   0.0000000000   0.0021477906   0.0000000000   0.0000000000  -0.0037646557
36  7   0.0000000000   0.0000000000  -0.0351145821   0.0000000000   0.0000000000
36  8   0.0250350712
$end
