$vibrational normal modes
 1  1   0.3950737986   0.1249556597   0.0171111312   0.0822726528  -0.1397777986
 1  2  -0.0251035170  -0.0000000000   0.0000000000   0.0998491753  -0.2495220970
 1  3   0.0000000000  -0.0000000000   0.0000000000  -0.0000000000  -0.0000000000
 1  4   0.0000000000   0.0000000000   0.1475070788   0.1457338550  -0.4203581737
 1  5  -0.2277360296  -0.3539092482  -0.4984946934   0.0371732766   0.2394000574
 1  6  -0.3519683106   0.4635268724  -0.0928316092  -0.3132840746  -0.2031773766
 1  7   0.2033985504   0.2658614898   0.1025337688  -0.2637457507  -0.0931302635
 1  8  -0.1959047763
 2  1   0.0835655064  -0.0330582744   0.0925193531   0.0304615249  -0.2971701462
 2  2  -0.0294222991   0.0000000000  -0.0000000000  -0.3310512814  -0.0087705560
 2  3  -0.0000000000  -0.0000000000   0.0000000000  -0.0000000000  -0.0000000000
 2  4   0.0000000000   0.0000000000  -0.2622364367  -0.2463120506  -0.2903893206
 2  5   0.0089713048  -0.1994748174  -0.2805085504   0.0255109186   0.1346781353
 2  6  -0.1982960801   0.2212100225  -0.1752221788  -0.2429089943   0.0636011057
 2  7  -0.3610766967  -0.4733795314  -0.1776594985   0.4645586284   0.1743765560
 2  8   0.3476778594
 3  1  -0.1433303981   0.3473770983  -0.0934266514  -0.1221219989  -0.0658968165
 3  2  -0.4193248744  -0.2627117245  -0.4540738856   0.0000000000  -0.0000000000
 3  3  -0.4068129597  -0.3500999843   0.5142761398  -0.2498468302   0.4439618598
 3  4   0.3535951043   0.4031568108   0.0000000000  -0.0000000000   0.0000000000
 3  5   0.0000000000   0.0000000000  -0.0000000000   0.0000000000  -0.0000000000
 3  6   0.0000000000   0.0000000000   0.0000000000   0.0000000000  -0.0000000000
 3  7   0.0000000000   0.0000000000   0.0000000000  -0.0000000000  -0.0000000000
 3  8  -0.0000000000
 4  1   0.3090635430   0.0873214200   0.0076767065  -0.0182838464  -0.0643434897
 4  2  -0.0116411444   0.0000000000   0.0000000000   0.2094832054   0.0691407537
 4  3   0.0000000000   0.0000000000  -0.0000000000   0.0000000000   0.0000000000
 4  4  -0.0000000000   0.0000000000   0.1352925222   0.1430861096  -0.0476061799
 4  5  -0.0811191404  -0.0263487501  -0.0552682696   0.0023486485  -0.2661053506
 4  6   0.0526018001  -0.1072368863   0.0825151724   0.2938305375   0.0314013396
 4  7  -0.0168760866  -0.0221446103  -0.0100471638   0.0243941535   0.0059406904
 4  8   0.0179218171
 5  1   0.0350860342  -0.0542707224   0.0872016624  -0.0262169022  -0.2546517808
 5  2  -0.0218342653   0.0000000000   0.0000000000  -0.2710080081   0.1714190411
 5  3  -0.0000000000  -0.0000000000  -0.0000000000   0.0000000000   0.0000000000
 5  4   0.0000000000   0.0000000000  -0.2407362767  -0.2514388918  -0.0768221098
 5  5   0.0823749650  -0.0148824929  -0.0307358130   0.0059515220  -0.1501518495
 5  6   0.0296833742  -0.0932060355  -0.0542147782   0.1055839416   0.1785634033
 5  7   0.0300391940   0.0405777283   0.0144152077  -0.0408779449  -0.0168923561
 5  8  -0.0318378805
 6  1  -0.1036077185   0.2699188349   0.0227400598  -0.0790776987  -0.0276279049
 6  2  -0.2444041232  -0.1217283031  -0.2092563607  -0.0000000000  -0.0000000000
 6  3   0.0342806518  -0.2100034059  -0.0767635882   0.0373510930  -0.0804054151
 6  4  -0.0645458657  -0.0563780257  -0.0000000000   0.0000000000   0.0000000000
 6  5  -0.0000000000  -0.0000000000   0.0000000000  -0.0000000000  -0.0000000000
 6  6   0.0000000000  -0.0000000000   0.0000000000  -0.0000000000   0.0000000000
 6  7   0.0000000000  -0.0000000000  -0.0000000000  -0.0000000000  -0.0000000000
 6  8   0.0000000000
 7  1   0.3077442609   0.0867441612   0.0075319950  -0.0198262484  -0.0631864284
 7  2  -0.0114346496   0.0000000000   0.0000000000   0.2238553146   0.0210690715
 7  3   0.0000000000   0.0000000000  -0.0000000000  -0.0000000000  -0.0000000000
 7  4   0.0000000000   0.0000000000  -0.1403263450   0.1481454636  -0.0174195163
 7  5   0.0929492073   0.0261340075   0.0217284569  -0.0501329245   0.2626326898
 7  6   0.0517830356  -0.0627879194  -0.1192819806  -0.2667263786   0.1214417250
 7  7  -0.0172183510  -0.0180171029   0.0173899274  -0.0221551487   0.0139891832
 7  8  -0.0188148187
 8  1  -0.0916665111  -0.1097319652   0.0732982350  -0.1744061168  -0.1434849135
 8  2  -0.0019948871   0.0000000000  -0.0000000000   0.1808384372   0.2610998548
 8  3  -0.0000000000  -0.0000000000  -0.0000000000   0.0000000000   0.0000000000
 8  4  -0.0000000000   0.0000000000  -0.2378464008   0.2485886174   0.0990741102
 8  5   0.0521803709  -0.0155958990  -0.0170802910   0.0276142923  -0.1551159793
 8  6  -0.0307319319   0.1086852641  -0.0092328759   0.0472082492  -0.2059117801
 8  7  -0.0292370086  -0.0327302788   0.0267106475  -0.0333114897   0.0287392439
 8  8  -0.0318741951
 9  1  -0.1331807681   0.3657477746  -0.0334598455  -0.0924638368  -0.1018079593
 9  2   0.0135114014  -0.1215262040   0.2093680094  -0.0000000000  -0.0000000000
 9  3   0.0342165221   0.2099680128  -0.0704876683  -0.0480962001  -0.0150416524
 9  4   0.1021172964   0.0564918303   0.0000000000  -0.0000000000   0.0000000000
 9  5  -0.0000000000   0.0000000000   0.0000000000  -0.0000000000  -0.0000000000
 9  6   0.0000000000   0.0000000000   0.0000000000   0.0000000000  -0.0000000000
 9  7  -0.0000000000   0.0000000000  -0.0000000000   0.0000000000   0.0000000000
 9  8   0.0000000000
10  1   0.3927223013   0.1239267497   0.0168531965   0.0795234651  -0.1377154449
10  2  -0.0247354593   0.0000000000   0.0000000000   0.0042040575   0.2709478057
10  3  -0.0000000000  -0.0000000000  -0.0000000000   0.0000000000   0.0000000000
10  4   0.0000000000   0.0000000000  -0.1530223280   0.1510632065  -0.3205595710
10  5   0.3460975879   0.3504657817   0.2110118052  -0.4463284199  -0.2333564910
10  6  -0.3478833426   0.3836872422   0.2676280016   0.2253577397  -0.2939716905
10  7   0.2078667520   0.2222516033  -0.1917443685   0.2311020342  -0.1787418144
10  8   0.2059490962
11  1  -0.1419278281  -0.1317240687   0.0677850947  -0.2331677381  -0.0994038014
11  2   0.0058720420   0.0000000000  -0.0000000000   0.3093418704   0.1120881279
11  3  -0.0000000000   0.0000000000  -0.0000000000  -0.0000000000  -0.0000000000
11  4   0.0000000000   0.0000000000  -0.2590710576   0.2431975242   0.2846354856
11  5  -0.0897775331  -0.2074099891  -0.1289552593   0.2619371134   0.1382053169
11  6   0.2056003099  -0.1395868500  -0.2556061378  -0.2555746498   0.0253671340
11  7   0.3516842611   0.3786592321  -0.3208465901   0.3848349859  -0.3095418765
11  8   0.3483394313
12  1  -0.1959383041   0.5178512123  -0.1933993030  -0.1459334691  -0.1978599605
12  2   0.0395119797  -0.2623994518   0.4540817995  -0.0000000000  -0.0000000000
12  3  -0.4067099454   0.3504768955   0.4721383863   0.3218375870   0.0845295618
12  4  -0.5617143624  -0.4038101500  -0.0000000000   0.0000000000  -0.0000000000
12  5   0.0000000000  -0.0000000000  -0.0000000000  -0.0000000000  -0.0000000000
12  6   0.0000000000   0.0000000000  -0.0000000000  -0.0000000000   0.0000000000
12  7   0.0000000000  -0.0000000000  -0.0000000000   0.0000000000   0.0000000000
12  8  -0.0000000000
13  1   0.1973109824   0.0384234994  -0.0045813796  -0.1489362458   0.0336678129
13  2   0.0058504280  -0.0000000000   0.0000000000   0.0709878300  -0.3511522674
13  3   0.0000000000   0.0000000000   0.0000000000   0.0000000000   0.0000000000
13  4   0.0000000000  -0.0000000000  -0.2758500885  -0.2918885704   0.1167547744
13  5  -0.0196064832   0.0001499211   0.0030809794  -0.0028744657   0.0031998201
13  6  -0.0005848668   0.0896213816   0.0205964443   0.1476002361  -0.0213125145
13  7   0.0329235617  -0.0079543282  -0.0476829262   0.0085384070   0.0510248794
13  8  -0.0379599655
14  1  -0.1538966746  -0.1369611005   0.0664722375  -0.2471607823  -0.0889066618
14  2   0.0077454124  -0.0000000000  -0.0000000000   0.1493177114   0.0332561731
14  3  -0.0000000000   0.0000000000   0.0000000000  -0.0000000000  -0.0000000000
14  4   0.0000000000   0.0000000000   0.0028314490   0.0029121806  -0.0144699680
14  5  -0.0827712518   0.0303913889  -0.0358614466  -0.0520975600   0.3048408134
14  6  -0.0602055973  -0.0316226432   0.1438633762   0.0529213786   0.3248536737
14  7  -0.0003637321   0.0018580682   0.0001934847   0.0032220001  -0.0010714047
14  8   0.0004062541
15  1  -0.0821749823   0.2662830981   0.1156999920  -0.0371951979  -0.0526633373
15  2   0.2380707727   0.2434344737  -0.0000889773   0.0000000000  -0.0000000000
15  3   0.0339227376  -0.2100722297   0.0061703235  -0.0848044575   0.0955114337
15  4  -0.0375741327  -0.0568427334  -0.0000000000   0.0000000000   0.0000000000
15  5  -0.0000000000   0.0000000000  -0.0000000000   0.0000000000   0.0000000000
15  6   0.0000000000  -0.0000000000   0.0000000000   0.0000000000  -0.0000000000
15  7  -0.0000000000   0.0000000000   0.0000000000   0.0000000000   0.0000000000
15  8  -0.0000000000
16  1   0.1962817186   0.0379731396  -0.0046942791  -0.1501395809   0.0345705169
16  2   0.0060115290  -0.0000000000  -0.0000000000   0.0667215226  -0.3503615513
16  3   0.0000000000   0.0000000000   0.0000000000   0.0000000000   0.0000000000
16  4   0.0000000000  -0.0000000000  -0.3005293381  -0.2889097504   0.1244808960
16  5  -0.0257002180   0.0040732470   0.0000304925  -0.0072395668  -0.0027679053
16  6   0.0042440872   0.1108669065   0.0178004046   0.1619124359  -0.0316436519
16  7  -0.3973142449   0.0939413383   0.5609238638  -0.0957815905  -0.5736460311
16  8   0.4158437996
17  1  -0.2526144639  -0.1801555883   0.0556439294  -0.3625739412  -0.0023273560
17  2   0.0231967752  -0.0000000000  -0.0000000000  -0.2297770609  -0.0416807801
17  3  -0.0000000000  -0.0000000000   0.0000000000   0.0000000000   0.0000000000
17  4  -0.0000000000   0.0000000000   0.0029286072   0.0024472785  -0.0869993549
17  5  -0.5362754496   0.4077718511  -0.3249214269  -0.4734318615  -0.2677091826
17  6   0.4031997060   0.1106635235  -0.5274841036  -0.0715118516  -0.4130290485
17  7   0.0041685461  -0.0032013672  -0.0054651794  -0.0037338279   0.0067499434
17  8  -0.0043475786
18  1  -0.1052060912   0.3409145031   0.0719330772  -0.0476196285  -0.1104350803
18  2   0.4389428831   0.5227721137  -0.0002832904   0.0000000000  -0.0000000000
18  3  -0.4069427890  -0.3499059114  -0.0412823509   0.5684195766  -0.5290217902
18  4   0.2080481167   0.4061367116   0.0000000000  -0.0000000000   0.0000000000
18  5   0.0000000000   0.0000000000  -0.0000000000  -0.0000000000   0.0000000000
18  6   0.0000000000   0.0000000000   0.0000000000  -0.0000000000   0.0000000000
18  7  -0.0000000000   0.0000000000   0.0000000000  -0.0000000000   0.0000000000
18  8   0.0000000000
19  1   0.0881975085  -0.0093196749  -0.0165499855  -0.2765032303   0.1293645348
19  2   0.0229289291  -0.0000000000  -0.0000000000  -0.2094852056  -0.0691418984
19  3  -0.0000000000  -0.0000000000   0.0000000000  -0.0000000000  -0.0000000000
19  4  -0.0000000000   0.0000000000  -0.1352923357   0.1430969565  -0.0476102104
19  5  -0.0811165796  -0.0263409264   0.0552728009  -0.0023414873  -0.2661021183
19  6  -0.0525952401  -0.1072338948   0.0825330139  -0.2938216683  -0.0314019800
19  7  -0.0168715084   0.0221409357   0.0100539754   0.0243967407   0.0059310961
19  8  -0.0179262851
20  1  -0.0893796020  -0.1087313161   0.0735490850  -0.1717324406  -0.1454906209
20  2  -0.0023528353   0.0000000000   0.0000000000   0.2710091740  -0.1714153408
20  3   0.0000000000   0.0000000000   0.0000000000  -0.0000000000   0.0000000000
20  4  -0.0000000000  -0.0000000000   0.2407301728  -0.2514450266  -0.0768194434
20  5   0.0823747232  -0.0148810958   0.0307429719  -0.0059507012  -0.1501637856
20  6  -0.0296857924  -0.0931988371  -0.0542039967  -0.1055905669  -0.1785698701
20  7   0.0300315433  -0.0405718705  -0.0144281684  -0.0408834376  -0.0168752025
20  8   0.0318486191
21  1  -0.0015977306   0.0709942670   0.3210564507   0.0314586930   0.0706577816
21  2   0.2047249075  -0.1216945453  -0.2092544869   0.0000000000  -0.0000000000
21  3   0.0342856385   0.2099819829   0.0767671224  -0.0373475740  -0.0804160065
21  4  -0.0645388285   0.0564235879   0.0000000000  -0.0000000000   0.0000000000
21  5   0.0000000000  -0.0000000000  -0.0000000000  -0.0000000000   0.0000000000
21  6   0.0000000000  -0.0000000000   0.0000000000   0.0000000000  -0.0000000000
21  7   0.0000000000   0.0000000000   0.0000000000  -0.0000000000  -0.0000000000
21  8  -0.0000000000
22  1   0.0021873382  -0.0469538772  -0.0259844009  -0.3770596298   0.2047987689
22  2   0.0363912884  -0.0000000000  -0.0000000000  -0.0998578535   0.2495263314
22  3  -0.0000000000  -0.0000000000   0.0000000000   0.0000000000   0.0000000000
22  4   0.0000000000   0.0000000000  -0.1474909900   0.1457750373  -0.4203587132
22  5  -0.2277384714  -0.3538459806   0.4985424388  -0.0371001972   0.2394349179
22  6   0.3519520895   0.4635299372  -0.0928829252   0.3133004901   0.2031952247
22  7   0.2033471337  -0.2658236467  -0.1026197804  -0.2637820817  -0.0930220850
22  8   0.1959670089
23  1  -0.1378591470  -0.1299437960   0.0682313864  -0.2284109528  -0.1029721915
23  2   0.0052352098  -0.0000000000  -0.0000000000   0.3310483094   0.0087781469
23  3   0.0000000000  -0.0000000000   0.0000000000   0.0000000000   0.0000000000
23  4  -0.0000000000  -0.0000000000   0.2622396765  -0.2463007749  -0.2903840339
23  5   0.0089678413  -0.1994420643   0.2805395321  -0.0254729901   0.1346830233
23  6   0.1982795687   0.2212170439  -0.1752500899   0.2429037965  -0.0635981886
23  7  -0.3609870121   0.4733137572   0.1778129138   0.4646240282   0.1741853707
23  8  -0.3477929065
24  1   0.0381248806  -0.0064638264   0.4372229910   0.0745029371   0.1089265834
24  2   0.3796457302  -0.2627226655  -0.4540839037   0.0000000000  -0.0000000000
24  3  -0.4068183995   0.3503894837  -0.5142918291   0.2498147477   0.4435817462
24  4   0.3537171035  -0.4033449520  -0.0000000000   0.0000000000  -0.0000000000
24  5  -0.0000000000   0.0000000000  -0.0000000000   0.0000000000  -0.0000000000
24  6  -0.0000000000  -0.0000000000  -0.0000000000  -0.0000000000   0.0000000000
24  7  -0.0000000000  -0.0000000000  -0.0000000000   0.0000000000  -0.0000000000
24  8  -0.0000000000
25  1   0.0895168492  -0.0087423904  -0.0164052676  -0.2749607598   0.1282074221
25  2   0.0227224252  -0.0000000000  -0.0000000000  -0.2238534661  -0.0210674543
25  3  -0.0000000000  -0.0000000000  -0.0000000000   0.0000000000   0.0000000000
25  4  -0.0000000000   0.0000000000   0.1403411492   0.1481363033  -0.0174149409
25  5   0.0929517258   0.0261400877  -0.0217361456   0.0501267181   0.2626302622
25  6  -0.0517885575  -0.0627897073  -0.1192843679   0.2667108299  -0.1214583913
25  7  -0.0172220842   0.0180221668  -0.0173836585  -0.0221480480   0.0139969804
25  8   0.0188087192
26  1   0.0373731957  -0.0532699628   0.0874525401  -0.0235429309  -0.2566577096
26  2  -0.0221922531   0.0000000000   0.0000000000  -0.1808380381  -0.2611012191
26  3   0.0000000000  -0.0000000000  -0.0000000000  -0.0000000000  -0.0000000000
26  4  -0.0000000000  -0.0000000000   0.2378461380   0.2485815259   0.0990739209
26  5   0.0521796656  -0.0155984421   0.0170800669  -0.0276053665  -0.1551157624
26  6   0.0307306445   0.1086814257  -0.0092383423  -0.0472064082   0.2059260063
26  7  -0.0292446898   0.0327410029  -0.0267012339  -0.0333019657   0.0287548036
26  8   0.0318640129
27  1   0.0279753444  -0.0248347888   0.3772563777   0.0448448263   0.1448379400
27  2  -0.0531911806  -0.1215615548   0.2093673059   0.0000000000   0.0000000000
27  3   0.0342118817  -0.2099875956   0.0704829936   0.0480997160  -0.0150284446
27  4   0.1021159102  -0.0564502399  -0.0000000000   0.0000000000   0.0000000000
27  5  -0.0000000000   0.0000000000  -0.0000000000   0.0000000000   0.0000000000
27  6  -0.0000000000   0.0000000000   0.0000000000  -0.0000000000   0.0000000000
27  7   0.0000000000  -0.0000000000   0.0000000000   0.0000000000   0.0000000000
27  8   0.0000000000
28  1   0.0045369389  -0.0459257971  -0.0257266743  -0.3743126595   0.2027380786
28  2   0.0360235276  -0.0000000000   0.0000000000  -0.0041850078  -0.2709352019
28  3  -0.0000000000   0.0000000000  -0.0000000000  -0.0000000000  -0.0000000000
28  4  -0.0000000000   0.0000000000   0.1530380632   0.1510023827  -0.3205737626
28  5   0.3460899220   0.3505270253  -0.2110699404   0.4462698754  -0.2333461723
28  6   0.3479032920   0.3836875313   0.2676078572  -0.2253230703   0.2940233164
28  7   0.2079068324  -0.2223087991   0.1916657472   0.2310206667  -0.1788298650
28  8  -0.2058723209
29  1   0.0876314290  -0.0312792085   0.0929653422   0.0352150854  -0.3007361171
29  2  -0.0300586995   0.0000000000   0.0000000000  -0.3093426782  -0.1121078833
29  3   0.0000000000  -0.0000000000   0.0000000000   0.0000000000   0.0000000000
29  4  -0.0000000000  -0.0000000000   0.2590703007   0.2432216133   0.2846358353
29  5  -0.0897627468  -0.2074329812   0.1289778429  -0.2618826927   0.1381727230
29  6  -0.2056023900  -0.1395743457  -0.2555858959   0.2555210651  -0.0253712418
29  7   0.3517742472  -0.3787803622   0.3207341918   0.3847228601  -0.3097106348
29  8  -0.3482286207
30  1   0.0907332579  -0.1769383478   0.5371974268   0.0983151681   0.2408895689
30  2  -0.0791838450  -0.2623753841   0.4540803500   0.0000000000  -0.0000000000
30  3  -0.4067058788  -0.3502108157  -0.4721248324  -0.3218551860   0.0848874907
30  4  -0.5618670019   0.4036375036   0.0000000000  -0.0000000000   0.0000000000
30  5   0.0000000000  -0.0000000000  -0.0000000000  -0.0000000000   0.0000000000
30  6   0.0000000000  -0.0000000000   0.0000000000   0.0000000000  -0.0000000000
30  7   0.0000000000   0.0000000000   0.0000000000   0.0000000000  -0.0000000000
30  8   0.0000000000
31  1   0.1999499057   0.0395781742  -0.0042919173  -0.1458510219   0.0313533754
31  2   0.0054373823   0.0000000000  -0.0000000000  -0.0709888051   0.3511503167
31  3  -0.0000000000  -0.0000000000  -0.0000000000  -0.0000000000  -0.0000000000
31  4  -0.0000000000  -0.0000000000   0.2758337675  -0.2918973473   0.1167590849
31  5  -0.0196093998   0.0001491343  -0.0030774720   0.0028721651   0.0031924065
31  6   0.0005840586   0.0896230350   0.0206025241  -0.1475980121   0.0213221454
31  7   0.0329378479   0.0079533225   0.0476787309   0.0085399344   0.0510362394
31  8   0.0379383120
32  1   0.0996032074  -0.0260408940   0.0942785210   0.0492115572  -0.3112358281
32  2  -0.0319325289   0.0000000000   0.0000000000  -0.1493183236  -0.0332568365
32  3  -0.0000000000  -0.0000000000   0.0000000000   0.0000000000   0.0000000000
32  4  -0.0000000000   0.0000000000  -0.0028248315   0.0029102771  -0.0144689926
32  5  -0.0827690163   0.0304055146   0.0358546936   0.0520866074   0.3048354735
32  6   0.0602143381  -0.0316114102   0.1438664388  -0.0529080286  -0.3248585942
32  7  -0.0003641312  -0.0018591111  -0.0001938418   0.0032218521  -0.0010723982
32  8  -0.0004066347
33  1  -0.0230303452   0.0746297083   0.2280968277  -0.0104237045   0.0956934010
33  2  -0.2777500465   0.2434698169  -0.0000888200  -0.0000000000   0.0000000000
33  3   0.0339225373   0.2101078467  -0.0061696618   0.0848014059   0.0955047700
33  4  -0.0375716916   0.0567553849   0.0000000000  -0.0000000000   0.0000000000
33  5   0.0000000000   0.0000000000  -0.0000000000   0.0000000000  -0.0000000000
33  6  -0.0000000000  -0.0000000000   0.0000000000  -0.0000000000   0.0000000000
33  7  -0.0000000000   0.0000000000  -0.0000000000   0.0000000000   0.0000000000
33  8  -0.0000000000
34  1   0.2009804679   0.0400291021  -0.0041788755  -0.1446461688   0.0304495327
34  2   0.0052760781   0.0000000000  -0.0000000000  -0.0667184674   0.3503623276
34  3   0.0000000000  -0.0000000000  -0.0000000000  -0.0000000000  -0.0000000000
34  4  -0.0000000000  -0.0000000000   0.3005133657  -0.2889224496   0.1244856540
34  5  -0.0257082403   0.0040777179  -0.0000242732   0.0072410678  -0.0027832173
34  6  -0.0042505562   0.1108705014   0.0177995385  -0.1619104278   0.0316656444
34  7  -0.3974805980  -0.0939265562  -0.5608651088  -0.0957980368  -0.5737628374
34  8  -0.4155988577
35  1   0.1983210436   0.0171536144   0.1051068343   0.1646247709  -0.3978151751
35  2  -0.0473838990  -0.0000000000   0.0000000000   0.2297694869   0.0416730124
35  3  -0.0000000000  -0.0000000000   0.0000000000  -0.0000000000  -0.0000000000
35  4  -0.0000000000   0.0000000000  -0.0029340796   0.0024513287  -0.0870039196
35  5  -0.5362755033   0.4079068183   0.3248656960   0.4733538832  -0.2676499549
35  6  -0.4032411141   0.1106323194  -0.5274475502   0.0714685641   0.4129964108
35  7   0.0041747323   0.0032031062   0.0054706859  -0.0037317786   0.0067575101
35  8   0.0043497201
36  1   0.0000000000   0.0000000000   0.2718616738   0.0000000000   0.1534641598
36  2  -0.4786234102   0.5227459104  -0.0002772008   0.0000000000  -0.0000000000
36  3  -0.4069195726   0.3494145459   0.0412901913  -0.5684173625  -0.5294246393
36  4   0.2081890086  -0.4057735895  -0.0000000000   0.0000000000  -0.0000000000
36  5  -0.0000000000   0.0000000000   0.0000000000   0.0000000000   0.0000000000
36  6   0.0000000000  -0.0000000000   0.0000000000   0.0000000000  -0.0000000000
36  7   0.0000000000  -0.0000000000   0.0000000000  -0.0000000000  -0.0000000000
36  8  -0.0000000000
$end
