$dipgrad          cartesian dipole gradients
  0.15124270700843D+00  -.15337760404135D-01  -.65230713375368D-01
  -.22114065789775D-01  0.73826487076513D-01  -.53948687116487D-01
  -.65910882674792D-01  -.47772197005959D-01  0.11755415049672D+00
  0.10497027546789D+00  -.24497433014629D-01  -.19800517256001D-01
  -.25280027779167D-01  0.80072756572276D-01  -.39313834612644D-01
  -.21093907431044D-01  -.33245863950823D-01  0.87104051792804D-01
  0.10501228284506D+00  -.27606609308344D-01  -.20598072137051D-01
  -.19525659738343D-01  0.84971457722603D-01  -.33542381437884D-01
  -.22648535229660D-01  -.40452397033696D-01  0.80665702941124D-01
  0.16018879265573D+00  -.93515609263969D-02  -.57409859661537D-01
  -.22731575257516D-01  0.68018648614281D-01  -.62577498699521D-01
  -.59610565519244D-01  -.47899848408478D-01  0.12044708235778D+00
  0.14508503505263D+00  -.26425123723586D-01  -.74168146032868D-01
  -.15437504660628D-01  0.88873562670222D-01  -.43186877349957D-01
  -.71248981805363D-01  -.56799961941512D-01  0.10931711749272D+00
  -.15030703533342D+00  0.86613346736854D-01  0.32039990490895D-02
  0.44554161546429D-01  -.50511808457172D-02  -.31480015277685D-01
  0.44100608240277D-01  -.59966427905916D-01  0.22140791123265D-01
  0.38401069648363D-01  -.67511194973525D-01  0.37572005843027D-01
  -.27316268453696D-01  -.60329085160258D-01  0.71949239841483D-01
  -.23196159164166D-02  0.98673673935677D-01  -.11104367375119D+00
  0.10944159988435D+00  -.84222852419251D-02  -.14867453076494D-01
  -.31883379737771D-01  0.59277204910240D-01  -.51649835188854D-01
  -.20507301421868D-01  -.21246214631727D-01  0.93222325085401D-01
  -.15314731309480D+00  0.84831997622611D-01  0.16399921384653D-01
  0.49878824937141D-01  -.20517172558610D-01  -.20869592299841D-01
  0.41931203816600D-01  -.38976361053649D-01  0.83627638711499D-02
  0.14515786766648D-01  -.49428546360248D-01  0.38788689646606D-01
  -.20758949026884D-01  -.66952487127306D-01  0.73677211172832D-01
  0.11341953982372D-01  0.10025722420888D+00  -.11173242220164D+00
  0.14063171710527D+00  -.21928362631053D-01  -.52693034116597D-01
  0.11274982636955D-01  0.13821218900917D+00  0.33814066861998D-02
  -.44920291616739D-01  -.35053232739891D-01  0.12278650750033D+00
  -.15116140837363D+00  0.87094529708245D-01  0.50822438253466D-02
  0.51550557601819D-01  -.54043753100693D-02  -.30663214684007D-01
  0.44608703645004D-01  -.63920414360767D-01  0.17355976868794D-01
  0.33719880139016D-01  -.72576731758855D-01  0.36112018628889D-01
  -.28156452407240D-01  -.62250695529199D-01  0.77830200435845D-01
  -.93933342237995D-03  0.98697436825956D-01  -.11049478164760D+00
  0.93465879883821D-01  -.11490053079389D-01  -.23595499415957D-01
  -.32673146949663D-01  0.79912278716833D-01  -.45158878931034D-01
  -.28575866411831D-01  -.19231354526958D-01  0.74966406622640D-01
  -.16767185889030D+00  0.89791987627474D-01  0.20569295085330D-01
  0.33973024496071D-01  -.15345014010062D-01  -.25386255338724D-01
  0.23967868033128D-01  -.35339682719815D-01  0.12922028632656D-01
  0.20610519674011D-01  -.43552977860077D-01  0.27544977599480D-01
  -.24090459439360D-01  -.60806930088557D-01  0.59639122245172D-01
  0.15533156198328D-01  0.11207773920210D+00  -.12929462236265D+00
  0.17788558011902D-01  -.66751781982594D-01  0.42194659916018D-01
  -.31454202049115D-01  0.20533342447028D-02  0.11887800848925D+00
  0.15392850675766D-02  0.79442558726603D-01  -.99906180417276D-01
  0.39472994775236D-01  -.11369613808426D-01  -.39187411484851D-01
  -.37466969347354D-01  -.20074610615893D+00  -.10618443395511D+00
  -.45206170223452D-01  -.75830438947722D-01  0.20113733792457D-02
  -.14374671616138D+00  0.54028791876763D-01  0.32389989915921D-02
  0.78277272081546D-01  0.54453929746656D-01  -.12883478794663D-01
  0.57713455621640D-01  -.42705111709319D-01  0.80725057422131D-02
  0.10071055082932D+00  -.35711030194000D-01  -.25651092149618D-01
  -.19183882314729D-01  0.94410805766943D-01  -.29495990035448D-01
  -.24131030743830D-01  -.42411527531136D-01  0.80856768901835D-01
  0.14359303577807D-01  -.48967496584577D-01  0.39909686032653D-01
  -.19005642456435D-01  -.64712418857576D-01  0.75600725520291D-01
  0.78974673864608D-02  0.95420691014854D-01  -.11436785909369D+00
  -.15518264428840D+00  0.80578986972914D-01  0.10979001203824D-01
  0.51420879797631D-01  -.19867408336307D-01  -.19427848794846D-01
  0.42380298998524D-01  -.38376085017324D-01  0.84176011053772D-02
  0.15578446497380D+00  0.21804473129570D-02  -.56220882596415D-01
  -.31326208777914D-01  0.48484082656741D-01  -.70306008464112D-01
  -.62667077576482D-01  -.33178854466565D-01  0.12449741855775D+00
  0.41027357365049D-01  -.64860732125478D-01  0.38188801755982D-01
  -.26854419322032D-01  -.60051702200769D-01  0.71159857806444D-01
  -.33189273728858D-02  0.99873940074173D-01  -.11354386782610D+00
  -.15285447901980D+00  0.86699775394529D-01  0.19981705963682D-02
  0.41902980583814D-01  -.41859418467139D-02  -.31639080735031D-01
  0.44629664589195D-01  -.57751219410243D-01  0.24444510254191D-01
  0.10190837893189D+00  -.35151429913309D-01  -.35469138374998D-02
  0.10375744937896D-01  0.13148010528538D+00  0.16157854481049D-01
  0.37096283700554D-02  -.30668757165486D-01  0.98379935121967D-01
  0.15484667153492D-01  -.49277006128571D-01  0.42876015314471D-01
  -.15588829657916D-01  -.63646098049808D-01  0.83672287553376D-01
  0.55044705527685D-02  0.90678307479229D-01  -.11905319021708D+00
  -.16116901964959D+00  0.75630462299271D-01  0.56206830223327D-02
  0.57599510865932D-01  -.18937274066089D-01  -.15826107223515D-01
  0.45476749456567D-01  -.38550915309617D-01  0.10226101685559D-01
  0.12301463432524D+00  -.68209860335743D-02  -.40613620229291D-01
  -.43168482275587D-01  0.73000636970265D-01  -.67794203381681D-01
  -.46882654490136D-01  -.27675042878650D-01  0.94595052517790D-01
  0.48159979847983D-01  -.56882141641738D-01  0.29091244053672D-01
  -.28529967343425D-01  -.51862361053196D-01  0.57545925610364D-01
  -.95193157959826D-02  0.11066482018723D+00  -.13835395237282D+00
  -.17278712436603D+00  0.89305253788367D-01  -.46572179564421D-02
  0.22677655962256D-01  0.32683455897233D-02  -.37014058360861D-01
  0.28752836472634D-01  -.51489919913144D-01  0.29294778606554D-01
  -.15742052053448D+00  0.43352643777726D-01  -.85334690400985D-02
  0.81230045149416D-01  0.37462447474145D-01  -.27531219705468D-02
  0.60541565791209D-01  -.24575995969322D-01  0.11883747067452D-01
  0.39022966583731D-01  -.16328403501365D-01  -.25936408784130D-01
  -.39946869520201D-01  -.17689193517059D+00  -.99837373363321D-01
  -.31490831005204D-01  -.71973565692984D-01  0.29902750311281D-02
  0.13362435236692D-01  -.47007142252894D-01  0.52772543550122D-01
  -.17722782555445D-01  -.61507320218648D-02  0.12252133972622D+00
  -.21891338162268D-02  0.69128749955800D-01  -.11325829050864D+00
  0.93420755975856D-01  -.36674930225664D-01  -.34938464914404D-01
  -.49778876622272D-02  0.92965195605482D-01  -.12975284380899D-01
  -.29828721025327D-01  -.50353855792106D-01  0.67209191628410D-01
  0.13855304067102D-01  -.51336470280689D-01  0.42206955980170D-01
  -.20084889980431D-01  -.68367112353096D-01  0.79193121708103D-01
  0.81922778078414D-02  0.94108673102601D-01  -.11115484038470D+00
  -.15843159202441D+00  0.78956440159956D-01  0.74140232743477D-02
  0.51803735955290D-01  -.17083170067619D-01  -.18209928203276D-01
  0.41441617509030D-01  -.37281280860579D-01  0.81974782592272D-02
  0.16602874829745D+00  0.18365828911456D-01  -.24365835027385D-01
  -.20789467946465D-01  0.88708235445887D-01  -.51288140424550D-01
  -.33751946520539D-01  -.51356802398260D-02  0.14721759706074D+00
  -.15630690321045D+00  0.89486791356358D-01  0.19764964383019D-02
  0.40761261522572D-01  -.42778630251195D-02  -.33406304589909D-01
  0.40539946057961D-01  -.54660316904974D-01  0.24803652232861D-01
  0.39699449954837D-01  -.65930234190464D-01  0.39502956506717D-01
  -.29004718085827D-01  -.63870330313862D-01  0.69423460483852D-01
  0.11015566149594D-03  0.10358642683551D+00  -.11169544852737D+00
  0.94920017226610D-01  -.37174758322239D-01  -.53628927335154D-02
  -.54918194671471D-02  0.68696914978915D-01  -.12980932356994D-01
  0.13072494681888D-02  -.51557856663922D-01  0.80142373551513D-01
  -.15449475321784D+00  0.73401285398697D-01  0.42879660753239D-02
  0.73420458469128D-01  -.25166523834880D-01  -.21295663932859D-01
  0.56509955975391D-01  -.49918543991189D-01  0.76335875683672D-02
  0.15853570739146D-01  -.61697570245124D-01  0.48081221456361D-01
  -.23227092656611D-01  -.83562907465161D-01  0.99154295119464D-01
  0.51733888525997D-02  0.82035891707474D-01  -.10340271941363D+00
  0.15179638866778D+00  -.17961692887296D-01  -.68223805558414D-01
  -.12774621833262D-01  0.78597438390029D-01  -.47287442404057D-01
  -.65414337559895D-01  -.55478625094043D-01  0.11023841369286D+00
  0.39232714293462D-01  -.68534060551815D-01  0.38856448914071D-01
  -.27802103608036D-01  -.63942547544544D-01  0.72081036334723D-01
  -.87231049301705D-03  0.98407134703454D-01  -.10762314571330D+00
  -.15184285930514D+00  0.86039469915556D-01  0.11323563239076D-02
  0.43018537098711D-01  -.36369386949228D-02  -.31386935569424D-01
  0.43790263526670D-01  -.58249532380761D-01  0.23368540404784D-01
  0.11137260233038D+00  -.22451520353117D-01  -.13896586966076D-01
  -.29811598954866D-01  0.79971818041668D-01  -.47977337057440D-01
  -.19770118457479D-01  -.34513533571918D-01  0.88395601899629D-01
  0.13198027645817D-01  -.51718180500958D-01  0.40678989655998D-01
  -.21427810478626D-01  -.69400492322474D-01  0.75274045754116D-01
  0.10330842403904D-01  0.97287048858070D-01  -.10802843398771D+00
  -.15580841658135D+00  0.83115755655922D-01  0.11433828485332D-01
  0.50298824556599D-01  -.18405433529145D-01  -.19578860106854D-01
  0.39753060247598D-01  -.37356758892283D-01  0.76464065953853D-02
  0.13645067712401D+00  -.28661687061185D-01  -.79978742776479D-01
  -.50232586715764D-02  0.94890214682171D-01  -.30644846595454D-01
  -.73131751796638D-01  -.62591506966401D-01  0.92296366015789D-01
  0.38693098447214D-01  -.72314557738417D-01  0.37385438858978D-01
  -.28411663799835D-01  -.66714940416569D-01  0.74440334110548D-01
  -.12446104453371D-02  0.99706633286948D-01  -.10651010141689D+00
  -.15087320981007D+00  0.87876086177027D-01  0.33751607579903D-02
  0.44360635499283D-01  -.30566141933071D-02  -.31781897348549D-01
  0.46208298663747D-01  -.62980102103478D-01  0.21407705246412D-01
  0.12619878530004D+00  0.58997608426106D-02  0.59572522839693D-02
  -.19797258128646D-01  0.10315700614758D+00  -.30782143702964D-01
  -.21694348490013D-02  0.75890966788038D-02  0.12289825002859D+00
  0.14761392777865D-01  -.51979607644004D-01  0.38814969423449D-01
  -.24091522446901D-01  -.72527873636552D-01  0.71528410814449D-01
  0.17738209070904D-01  0.10420367726265D+00  -.10556854406940D+00
  -.15452387779800D+00  0.89477561577810D-01  0.21368541856083D-01
  0.48899820748726D-01  -.20476326811112D-01  -.22041569446710D-01
  0.38126317040714D-01  -.37960963289716D-01  0.97021918097102D-02
  0.12202761884110D+00  -.30808556865114D-01  -.42148672512323D-01
  -.36628879314972D-02  0.76395695665414D-01  -.22717188112674D-01
  -.35273224162532D-01  -.58389793989596D-01  0.94289201435302D-01
  0.25764818156091D-01  -.83603473507797D-01  0.34787576563701D-01
  -.38502509879748D-01  -.82542612122099D-01  0.90000536016577D-01
  0.29922318421486D-03  0.91792260604915D-01  -.93673217147812D-01
  -.14463872246701D+00  0.88275539935572D-01  0.89853545567107D-02
  0.65907213058279D-01  -.10185692495015D-01  -.36628393373566D-01
  0.51191978101133D-01  -.72966519866994D-01  0.35108433219732D-02
  -.12937293242749D+00  0.10318008267595D+00  0.73675465504073D-01
  0.27814067786459D-01  -.17425697454621D-01  -.27444878817241D-01
  0.40665211796909D-01  -.27235904963460D-01  0.39985493285115D-01
  -.32551045977966D-01  -.53251741928181D-01  -.12798542120379D+00
  -.19700112675044D-01  -.54149417326672D-02  -.41020041505070D-01
  -.11888326581880D+00  -.80455148303029D-01  -.10091629131222D+00
  0.34278247369254D-01  -.40674858160926D-01  0.48284491248077D-01
  -.31719011400422D-01  -.67487356060580D-01  0.45939302627889D-01
  0.63563111594614D-01  0.12644792615632D+00  -.72341890414419D-01
  0.59826535264150D-01  -.52239782626732D-01  0.57429578769673D-01
  -.34852971768373D-01  -.57916866805396D-01  0.46347055676182D-01
  0.46031931886366D-01  0.12127644473079D+00  -.80672889952071D-01
  -.36133377770935D-01  -.39009644425899D-01  -.13961986904311D+00
  -.21229408609063D-01  -.12492770167603D-01  -.47650473990991D-01
  -.13531191922678D+00  -.68952772178394D-01  -.10735913470372D+00
  -.13433477990921D+00  0.99096905238917D-01  0.51452573450968D-01
  0.21598165552711D-01  -.34968625387685D-02  -.37357740280545D-01
  0.48230107755598D-01  -.40226269196300D-01  0.58537630657971D-01
$end
