$grad          cartesian gradients
  cycle =      1    SCF energy =     -789.0836053179   |dE/dxyz| =  0.000155
   -2.89623486834052      3.83172553508853     -2.21407875101185      c
   -1.08230281496665      4.30618330298359     -0.01854953851286      c
    2.04077218609167     -2.68100599843498      1.54082014335194      c
    3.81318944465604     -2.25594609165634      3.77957454735687      c
   -0.93868703938314      7.07759040394423      0.77655568859478      c
    0.81089358753760      3.64503859526808     -0.54096119861118      h
   -1.66028158054736      3.15710047374214      1.60642288845981      h
    0.88060988475263      7.54007694038280      2.96978349991131      c
   -2.83143863569663      7.73804706831803      1.30530380875669      h
   -0.35920921289742      8.22741375433360     -0.84835133685677      h
    1.02962600518238     10.31025688543768      3.77196542865638      c
    2.77240948960166      6.87800388850092      2.44224087050111      h
    0.30396860257850      6.38788988149318      4.59324363263177      h
    2.85666811381326     10.75157677401670      5.96283751129531      c
   -0.86206143149205     10.96668511045713      4.30261400830376      h
    1.60514326878715     11.45814959046204      2.14646292704749      h
    2.29093896696053      9.66707057547547      7.62888498309803      h
    2.92722093365623     12.74491142408781      6.49864943807103      h
    4.77263398047895     10.16237400126564      5.45891767071550      h
   -3.02602596729950      1.05587521164814     -2.99540440430498      c
   -2.31668362871624      4.97672668668749     -3.84227878260420      h
   -4.79233503931582      4.48784934598621     -1.69215730860001      h
   -4.83116996500274      0.55539079462105     -5.19174216413501      c
   -3.60162598540025     -0.08617616917842     -1.36463114460834      h
   -1.12820399715430      0.40139820372103     -3.50875316884825      h
   -4.93823341306296     -2.22789877229593     -5.95412584601470      c
   -4.25593392139757      1.69245811893770     -6.82735996583323      h
   -6.73388573027892      1.20113876367123     -4.68014992666929      h
   -6.73788040580995     -2.73795352676782     -8.15115710557578      c
   -5.50807326359314     -3.35795016573351     -4.31529437530848      h
   -3.03411016642936     -2.86658317941801     -6.45558391178708      h
   -8.66872009962912     -2.17402746399940     -7.67413039761112      h
   -6.76843758261086     -4.74230178810694     -8.64941018950819      h
   -6.17351147166727     -1.67603480977622     -9.83267878959006      h
    3.93066758032407      0.49930521688091      4.63364201900538      c
    3.20513318790951     -3.44021674136478      5.36892069375628      h
    5.71890909499885     -2.89907790927151      3.27660336400641      h
    5.70321865316202      0.93108850916818      6.87230795921389      c
    2.02583592698513      1.14365088282028      5.13530065630328      h
    4.53456199148595      1.68497819516962      3.04452981695072      h
    5.80392964671809      3.69102116233100      7.71084208728731      c
    7.60644968501044      0.28892960195259      6.36591632433202      h
    5.09577709889225     -0.25503587198995      8.45826911441916      h
    1.91533504378844     -5.43467533960849      0.68158020197168      c
    2.64769540228725     -1.49570865122413     -0.04716597972401      h
    0.13731588522983     -2.03336803986258      2.04203652901543      h
    0.13933892727422     -5.84595223706918     -1.55697763326688      c
    1.30427867614348     -6.62049533508434      2.26856389576212      h
    3.81860943806903     -6.08278550698330      0.17595000174835      h
    0.00207646836263     -8.59476081907913     -2.42757814218522      c
    0.74972400987686     -4.65656103881268     -3.14048202812446      h
   -1.76052789967570     -5.19262905541872     -1.05074248582520      h
   -1.77802342897933     -8.99801423256830     -4.66640247905602      c
   -0.61055013523024     -9.78571783808693     -0.84475440938285      h
    1.90210582167725     -9.24853813420648     -2.93899417769974      h
   -1.90031124942424    -11.75051051884041     -5.52626057895999      c
   -1.16667885521122     -7.80438298307724     -6.24468455778090      h
   -3.67523640832551     -8.34602535248687     -4.15300504522193      h
   -0.03530406390999    -12.42821232626770     -6.10597421974933      h
   -3.18480827978494    -11.98669328768915     -7.12630099930424      h
   -2.56227295759277    -12.97415035314141     -3.99713371488138      h
    6.45740287959344      4.90846255035846      6.17417595757632      h
    7.08301897236588      3.95029224422094      9.31150203292034      h
    3.93330064457460      4.36072984406831      8.27883705613308      h
  0.15302723929715D-04  -.85506564557331D-06  -.17000907404648D-04
  -.14645619002718D-04  0.81064952534016D-06  0.14318466968227D-04
  0.20882105845450D-04  0.13993411998276D-04  0.10880070894568D-05
  -.39495699333258D-06  -.77122141445563D-05  0.28912685211088D-04
  0.23552871229753D-04  0.12551205963852D-04  0.75083931231554D-05
  0.17062102415368D-04  -.48257737353251D-05  -.11598800886738D-04
  -.13995273871153D-05  -.98967940657113D-05  0.91892084935312D-05
  -.30028025931744D-04  -.22589493129032D-04  -.16264762812190D-04
  -.95089352121613D-05  0.17894366819616D-05  0.87797634484058D-05
  -.17818803741147D-05  -.39952794299823D-06  -.78570044765389D-05
  0.11265366408563D-04  0.95575119364710D-05  0.24878397278605D-04
  0.55824653422167D-05  0.12466006110786D-04  0.41837176853994D-05
  0.73130553871427D-05  0.11244506517400D-04  -.30799653608874D-05
  -.94085426477204D-05  -.84782640119956D-05  -.10067192621267D-04
  0.94832720996547D-05  -.44997759647177D-05  -.37930275097876D-05
  -.52095686423003D-05  -.40419689564721D-05  -.20691469361008D-05
  0.73988221289149D-05  0.11073714644605D-04  -.38266132280063D-05
  -.38458391414340D-05  0.20773519310161D-06  0.37313212036824D-05
  -.33750262266406D-05  -.38332265984656D-05  -.53639808403165D-05
  -.26739600070186D-04  -.36478327308104D-05  -.83128584540404D-05
  -.23084634280211D-05  0.22906236730423D-05  -.64932283457206D-05
  -.19526875648147D-04  0.14885500287747D-06  0.26200343679407D-05
  0.20999445342170D-04  0.16423918690852D-04  0.16374024675360D-04
  0.77226053104766D-05  0.94071431503556D-06  -.83255502165980D-07
  -.93751541810762D-06  -.38891342317854D-05  -.34950303618745D-05
  0.64194445341670D-05  -.18210496284143D-04  0.20499271911584D-04
  -.41832376200127D-05  -.98612447484328D-05  -.19511555484826D-05
  -.31210190588179D-05  -.13153315789518D-05  -.48636741433271D-05
  -.13289015107915D-04  -.12342074767899D-04  -.14063290437471D-04
  -.25818637626503D-05  0.63483680314662D-05  -.10651828547547D-04
  -.88771221809850D-05  0.15875304504969D-04  -.65540864284462D-06
  -.82407740691331D-06  0.45222763595341D-05  0.11502981856168D-04
  0.14577324194184D-05  -.32078025845837D-06  -.41306116347131D-06
  0.74470491811529D-05  0.52855620224059D-06  0.61498733593124D-06
  0.98932223870155D-05  -.28380015967139D-05  -.22851332491984D-04
  -.69545715421296D-05  -.24380898816130D-05  0.17554716658799D-05
  0.12265174729133D-04  0.41198945075296D-05  -.90718309485415D-05
  0.73433067240402D-05  0.34189536757778D-04  0.19323969190427D-04
  0.17735385317600D-05  -.21716915667956D-05  0.10904646966890D-04
  -.21224201586355D-05  0.14639162066012D-05  0.10102759590028D-04
  -.20394783280336D-04  -.16300995112198D-04  -.36754700154622D-05
  -.92540958606842D-05  -.35659064464844D-05  0.13975689159606D-05
  -.17324365629264D-06  -.59533007428923D-05  -.13017219653475D-04
  -.22513592074511D-04  -.29304617241099D-04  -.12743276229285D-04
  -.30184497819149D-05  0.16020341229163D-04  -.12169570755900D-04
  -.20610744784398D-04  0.45956927483981D-05  0.37071182861411D-05
  0.11268062874817D-04  -.87863562397983D-06  0.10621568569080D-04
  -.25505376152158D-05  -.17297694043068D-05  0.11230145376401D-04
  0.16651324968531D-04  -.27716856744605D-05  -.57747974495340D-05
  -.18104818308023D-04  -.11871535762580D-04  -.23420937919346D-04
  -.63746107280816D-05  0.10866422710625D-05  -.61726863423602D-06
  0.50488758349702D-05  -.39175398389314D-05  -.30129129245425D-05
  0.54520746219089D-05  0.97927363625176D-05  0.33260848926270D-04
  0.97065578796608D-05  0.17714852320478D-04  -.38761589127570D-05
  -.10123589130303D-04  0.52526331354242D-05  0.36794914835062D-05
  0.80263946695622D-05  -.19824455698321D-05  -.22130772821967D-04
  0.12930372842914D-05  -.42640629422733D-05  0.40850420410963D-05
  0.12080131072807D-04  -.11737687977587D-04  -.12099399537754D-04
  0.51832919307528D-06  -.94804414654467D-06  0.61137342669201D-05
  -.97112539211095D-05  0.52125198007594D-05  -.15838223103512D-06
  0.35801440183662D-05  0.55416577073975D-05  0.53963118294397D-05
  0.28724311862500D-05  0.64888775427336D-05  0.13773545520902D-04
  0.15070966704751D-04  0.50354811733083D-05  -.10802745097224D-04
  -.29332494291649D-05  -.85482137711197D-05  -.11761724798600D-04
  cycle =      2    SCF energy =     -789.0836052406   |dE/dxyz| =  0.000117
   -2.88758327524641      3.83376009890439     -2.22162036459559      c
   -1.07504532628801      4.30793448768722     -0.02494863910215      c
    2.04839333537546     -2.67912662929951      1.53394278397380      c
    3.82056483702781     -2.25416285736393      3.77285026941599      c
   -0.93381354028127      7.07880271630608      0.77234007167965      c
    0.81881155966639      3.64847649751028     -0.54690710548428      h
   -1.65300926453988      3.15729924448303      1.59888342431811      h
    0.88071570242018      7.54015786419365      2.96979037804181      c
   -2.82783031641003      7.73848053336558      1.29741769628900      h
   -0.35106535130373      8.22987623335208     -0.85049378788734      h
    1.02317678316656     10.30897906636500      3.77783095804673      c
    2.77461267582929      6.88249815487448      2.44425564369510      h
    0.30322714693928      6.38359968494080      4.58986801123712      h
    2.84313378270709     10.74874594625047      5.97495964922959      c
   -0.87107404197182     10.96153447600010      4.30420431746180      h
    1.60176849517900     11.46095280083999      2.15630560432587      h
    2.27538786400695      9.65840731120049      7.63653973009537      h
    2.90748296799585     12.74080043681698      6.51627815317649      h
    4.76188541658311     10.16545936806708      5.47476452513729      h
   -3.01977385125563      1.05740925251229     -3.00077341271914      c
   -2.30528748064657      4.97676566784874     -3.85022464926158      h
   -4.78334061706421      4.49247613904281     -1.70189129485802      h
   -4.82658403968736      0.55645756663290     -5.19568927640147      c
   -3.59533113202653     -0.08293139841243     -1.36878702013148      h
   -1.12272190606874      0.40114451682500     -3.51468040772183      h
   -4.93901487185632     -2.22796865555529     -5.95314692625240      c
   -4.24980285173237      1.68969022700597     -6.83343604739349      h
   -6.72792261887597      1.20658406990395     -4.68452783947164      h
   -6.74291720242807     -2.73913826685173     -8.14640599458548      c
   -5.50794753881457     -3.35426195912459     -4.31138152021285      h
   -3.03664705381538     -2.87053545543534     -6.45645214663424      h
   -8.67218511806241     -2.17161932626085     -7.66732570566527      h
   -6.77719117011124     -4.74429382858414     -8.64115628002926      h
   -6.17974012035851     -1.68094603864757     -9.83066662635108      h
    3.93428819240174      0.50020343859048      4.63026583391696      c
    3.21451293103883     -3.44119337188110      5.36088520571790      h
    5.72707906797244     -2.89401994364599      3.26883042609286      h
    5.70324918587813      0.93096221138361      6.87197676114507      c
    2.02814132786011      1.14227319272679      5.12984644250529      h
    4.53943695904273      1.68821282946669      3.04335865853004      h
    5.79879899691579      3.68972048449786      7.71513781518396      c
    7.60812573260491      0.29248185296932      6.36704482097549      h
    5.09550770049855     -0.25857317285273      8.45528291686545      h
    1.92325067320250     -5.43265855179702      0.67448577399213      c
    2.65543464801282     -1.49369349477153     -0.05384080090423      h
    0.14491531246860     -2.03165030847472      2.03505925651026      h
    0.14338491078975     -5.84495583995644     -1.56082839721729      c
    1.31601192614225     -6.61917060281237      2.26238332148172      h
    3.82599670884623     -6.07935205221961      0.16523306648969      h
    0.00237059366906     -8.59471779853711     -2.42788354455744      c
    0.75240180634208     -4.65797010239463     -3.14667268769087      h
   -1.75511226739184     -5.18934088137173     -1.05238680521307      h
   -1.78435581283264     -8.99980140759594     -4.66117536023782      c
   -0.60628132670568     -9.78366656457864     -0.84197117503182      h
    1.90065408317956     -9.24995659851313     -2.94400874955463      h
   -1.91360126761016    -11.75401729270046     -5.51452345174662      c
   -1.17512581352943     -7.81070049381912     -6.24371380907147      h
   -3.67911042880174     -8.34339672266403     -4.14419334481905      h
   -0.05124174356442    -12.43621586441008     -6.09747703061770      h
   -3.20249598731017    -11.99157827104858     -7.11080146600036      h
   -2.57379932403876    -12.97314173455915     -3.98103297228423      h
    6.45407420115437      4.91036850686085      6.18177677656402      h
    7.07402591074201      3.94796926048438      9.31903575738099      h
    3.92613122497056      4.35627134823004      8.28019059022964      h
  -.59671459209827D-05  0.16775312964082D-05  0.55216028977123D-05
  -.16327098835742D-04  -.37486445561667D-05  0.15368203253797D-04
  0.95299166390922D-06  0.49441379393706D-05  0.10196317225025D-04
  -.10104103640805D-04  -.71987953493072D-05  0.21628193715165D-04
  -.39611034730221D-05  0.63269117278313D-05  0.17784304801864D-04
  0.35788797926586D-05  0.73746404516244D-05  -.18674353540756D-04
  0.13038630867851D-04  -.87389926737066D-05  -.20179774367340D-05
  -.21338372008434D-04  -.17036380674559D-04  -.81162019334572D-05
  -.20708514635586D-05  0.99821415434544D-05  -.59251037280733D-05
  0.91968253832621D-05  -.10101387514389D-04  -.54948820515125D-05
  0.10228029993647D-05  0.56625288962480D-05  0.18056906505907D-04
  0.30732582260370D-05  0.14538511394440D-04  -.79094001766821D-05
  0.14884778045409D-04  -.95060308670427D-06  0.11323615964846D-05
  -.10316575069390D-04  -.47202302594059D-05  -.22780125491853D-05
  0.14946496561695D-05  0.67027198193906D-05  -.55958685012973D-05
  0.21403787310234D-05  -.77590294354107D-05  -.36034839490653D-05
  0.96778144305686D-05  0.23017621740445D-05  0.27376151951969D-05
  -.64377951549070D-05  -.77396673945100D-06  0.57997765497244D-05
  -.26454272511311D-05  0.17393884717849D-05  -.78729181199606D-05
  -.25789405751344D-04  -.50920976228594D-05  0.62193717816975D-05
  0.10414734099379D-04  -.65490800085187D-05  -.28777379228670D-05
  -.46073668946260D-05  0.85878175677186D-05  -.92216496094706D-05
  0.32506903832052D-05  0.99390576432656D-05  0.15093328784077D-04
  0.13992320454587D-04  -.26072688195943D-05  -.12507906012740D-05
  0.56644753285411D-06  0.25006065623055D-05  -.12015071626100D-04
  -.45589087622200D-05  -.12945547301121D-04  0.14303862479394D-04
  0.63899740092360D-05  -.84848123994945D-05  -.31120702734990D-05
  -.15982620317906D-05  0.47138662083667D-05  -.10663621970408D-04
  -.15373649300969D-04  -.70321830261608D-05  -.62365057808614D-05
  0.30352331987817D-05  0.32235210656695D-05  -.23047000333879D-05
  0.72822758465790D-06  0.76707408790270D-05  -.44648857672005D-05
  -.94424237159253D-07  0.20448368174223D-05  0.57635114704328D-05
  -.45528650665858D-06  -.11613690066494D-06  0.14101333458661D-05
  0.43629373898877D-05  -.63734710018665D-06  0.25042469980682D-05
  -.47321029104600D-05  -.48205980441238D-05  -.67572909117664D-05
  0.80904519117863D-05  -.42209779042273D-05  -.29434018044581D-05
  0.38489416287913D-05  0.10399162507595D-04  -.14964820793211D-04
  0.20883582463518D-05  0.20513780062043D-04  0.13816898660094D-04
  0.25685141804947D-06  0.48133226524510D-05  0.11442310367954D-05
  0.65366738817713D-05  -.34285980762324D-05  0.42432970788851D-05
  -.14632313902942D-04  -.10595075098228D-04  0.47829718741767D-05
  -.32777086191212D-05  -.51240891280231D-06  -.54042528657727D-05
  0.51893056243553D-05  -.63485683507317D-05  -.44995081962063D-05
  -.23465193687601D-04  -.18218017231168D-04  0.18341808943750D-05
  0.89794979575095D-05  -.48927326555710D-07  -.22522930294322D-05
  -.34461768805144D-05  0.83527998849589D-05  -.75739482531618D-05
  -.20568352735936D-05  -.12067833962542D-05  0.14458844963292D-04
  0.13728424387249D-04  -.36234981997266D-05  0.21946292499632D-05
  0.65434302521806D-05  0.11113590999510D-04  -.11924153742639D-04
  -.19396486490876D-04  -.81039605515643D-05  -.88343209663222D-05
  0.75265278878054D-05  -.11664402374814D-05  -.13660449409859D-05
  0.31325119647929D-05  0.60062421986811D-05  -.91078479625031D-05
  0.24153024630567D-05  0.61321644460807D-05  0.22627001344880D-04
  0.13852307924878D-04  0.69918268037609D-06  -.14959775238873D-06
  0.31508897200411D-06  0.10563855377036D-04  -.50238142097873D-05
  -.29310314031729D-05  -.54968995766742D-05  -.99718181995612D-05
  0.68995076423538D-05  -.23351296766791D-05  -.84033480250798D-06
  0.13539854446486D-05  -.33454681452891D-05  -.12490381383497D-04
  -.39323074028604D-06  0.11573190384223D-05  0.36392293636944D-05
  -.52271273332392D-05  0.34853357690412D-05  0.32808650008418D-05
  0.23535605086257D-05  0.84685477821228D-07  0.34950521505175D-05
  0.39557367341424D-05  0.35282265544848D-05  0.80598239529679D-05
  0.54439574457277D-05  0.34888751073055D-05  -.41441023848285D-05
  -.57973590338323D-05  -.25761340269675D-05  -.92168828107544D-05
  cycle =      3    SCF energy =     -789.0836054893   |dE/dxyz| =  0.000059
   -2.89509465460578      3.83193731377605     -2.21486914969582      c
   -1.08114154467230      4.30646104959592     -0.01947227058119      c
    2.04158756170043     -2.68079057291995      1.53994516379556      c
    3.81444791488469     -2.25557356120737      3.77823265636722      c
   -0.93814070827285      7.07771370365665      0.77610906946916      c
    0.81208999599056      3.64573686578331     -0.54201097240768      h
   -1.65886001427320      3.15708988955318      1.60532186739988      h
    0.88074311475104      7.54009112279456      2.96976051183652      c
   -2.83107115348952      7.73777051017531      1.30457182030715      h
   -0.35852844889316      8.22794030054270     -0.84843970544301      h
    1.02775088750711     10.30989455733073      3.77360320901416      c
    2.77295470370160      6.87943972603887      2.44189409296557      h
    0.30467067586471      6.38649336990828      4.59245851355540      h
    2.85329547987176     10.75096452611233      5.96585605488502      c
   -0.86464401777100     10.96498448131660      4.30353919507032      h
    1.60362547304038     11.45908855381540      2.14913788453772      h
    2.28796207742516      9.66404899648163      7.63050878221023      h
    2.92139905878979     12.74382192367985      6.50374579093224      h
    4.77017202353008     10.16444423387968      5.46224942341584      h
   -3.02518468744857      1.05602376025658     -2.99593460107949      c
   -2.31543804038218      4.97672536117209     -3.84315433314481      h
   -4.79104043372024      4.48833596223970     -1.69297466367345      h
   -4.83012425529866      0.55563482451030     -5.19254335086352      c
   -3.60140481553198     -0.08570875058982     -1.36515082464967      h
   -1.12740334708501      0.40111215235974     -3.50885312582872      h
   -4.93779753862983     -2.22774364042806     -5.95453144562101      c
   -4.25441344943025      1.69246270992038     -6.82817895026697      h
   -6.73273664577625      1.20188426818197     -4.68120679276005      h
   -6.73700884236700     -2.73766122425678     -8.15192026036354      c
   -5.50842685886326     -3.35726994645424     -4.31555455705886      h
   -3.03374349206290     -2.86731465165458     -6.45530460323388      h
   -8.66786617193753     -2.17329095999283     -7.67554986135750      h
   -6.76789617292971     -4.74207656513816     -8.64988330119192      h
   -6.17204680724329     -1.67613270625998     -9.83347854132899      h
    3.93140108529174      0.49954115416544      4.63280196504253      c
    3.20713749700003     -3.44023469671765      5.36754921096415      h
    5.72016283572252     -2.89819951321192      3.27476571589904      h
    5.70455660409226      0.93133761689229      6.87099909918304      c
    2.02651822343488      1.14327373404028      5.13505094520971      h
    4.53453133939990      1.68565149835266      3.04369673268885      h
    5.80467411012319      3.69116166089410      7.71021454338370      c
    7.60787827980264      0.28998295900461      6.36381651222324      h
    5.09806093769912     -0.25528213791385      8.45697552510455      h
    1.91602190144853     -5.43438157489383      0.68086118578508      c
    2.64824366684427     -1.49560071197209     -0.04813981844492      h
    0.13831343801371     -2.03315318040615      2.04153531584082      h
    0.13975411325739     -5.84581246454773     -1.55748337986689      c
    1.30510094790011     -6.62011931903611      2.26791049290002      h
    3.81917205827499     -6.08257323786664      0.17511086675774      h
    0.00122959290316     -8.59498017737601     -2.42685167700001      c
    0.75072815655915     -4.65736541408406     -3.14147781770288      h
   -1.75981105233415     -5.19137980694269     -1.05147722312519      h
   -1.77938867935548     -8.99845387494000     -4.66534737731322      c
   -0.61180882094646     -9.78509452669455     -0.84348333846507      h
    1.90094433514414     -9.24983938570003     -2.93822169658183      h
   -1.90327456946189    -11.75142646959762     -5.52350316018942      c
   -1.16751295549448     -7.80603806517983     -6.24437366871514      h
   -3.67620378278212     -8.34503136061064     -4.15207777481933      h
   -0.03862570347866    -12.43053531877919     -6.10274186936432      h
   -3.18771268427657    -11.98786472135562     -7.12352828101748      h
   -2.56606186361969    -12.97383058313625     -3.99374573741869      h
    6.45729049813643      4.90915869607468      6.17360330177774      h
    7.08400009434538      3.95039105032840      9.31068349397384      h
    3.93399352998323      4.36016058702982      8.27895518807843      h
  0.26765590782282D-05  0.43215164347229D-05  0.15016276589570D-05
  -.33925505890098D-05  -.10156721362911D-05  0.46221119894413D-05
  0.44935471855689D-05  0.32337821282979D-05  0.77484554630858D-06
  0.26213419430723D-05  -.29450289903352D-05  0.50933061769426D-05
  -.66571620690667D-06  0.54316348548078D-05  0.75487428002063D-05
  -.31682637125835D-05  0.11815653478894D-06  -.67052187907105D-05
  0.15822517427468D-05  0.96363758520478D-06  -.62449086037815D-05
  -.93467626286273D-05  -.11781289332921D-04  -.99557302722653D-05
  -.62786679143161D-07  0.72831874770832D-06  -.11067873827890D-06
  -.10101406257065D-05  -.45128147312910D-05  -.16904767113548D-05
  0.12988339005426D-05  0.52817363118641D-05  0.94725592866760D-05
  0.44067779836794D-05  0.54411312945457D-05  -.30411110676183D-05
  0.56657727539604D-05  0.11682412642650D-05  0.84712816975259D-06
  -.35869630846952D-05  -.17059983347112D-05  -.44562990957064D-05
  -.21507424702999D-05  0.45091109119353D-05  -.18612796200087D-05
  -.34542446361731D-06  -.34035268594718D-05  -.35657846074980D-05
  0.68824803882042D-05  0.14013719796761D-05  0.46443609279258D-05
  -.31134186112940D-05  -.27846592051987D-06  0.28280004408521D-05
  -.91417840048153D-06  0.39783397080047D-06  -.61580693704142D-05
  -.95438664664688D-05  -.13636277738510D-05  -.17756564451256D-05
  -.22363605329152D-05  -.53988892013219D-06  0.16740650463538D-05
  0.42546468423735D-06  -.17422168335519D-05  0.36670033457236D-06
  0.59545279700313D-05  0.80617823054741D-05  0.81644359835459D-05
  0.15495196454638D-05  0.20103360101638D-05  0.72209648207752D-07
  -.59935764434599D-06  -.40753583985110D-05  -.30651456920218D-05
  -.22751272733580D-05  -.79753673707730D-05  0.32894095230458D-05
  -.34214828583545D-05  -.23141090437486D-05  -.30079518718844D-05
  -.11407477623696D-05  -.11097888995815D-05  -.67173578095509D-06
  -.71798491413505D-05  -.34210619852468D-05  -.85868760069524D-05
  -.23925031309444D-05  0.20339670437465D-05  0.25228866020015D-05
  0.19761205475345D-05  0.96964997042641D-06  -.10608950364414D-05
  0.17055076140359D-05  0.54262638117661D-06  0.45104851021623D-05
  0.61430804853234D-06  0.37979278767926D-06  0.37875062510189D-06
  0.14942719486186D-05  -.94644197290439D-06  0.19457235752827D-05
  -.15144763884090D-05  -.35749893621557D-05  -.88216867680652D-05
  -.21268804280413D-05  0.17108545742883D-05  -.48552351055746D-05
  -.52007945913757D-06  0.24874110472204D-05  -.27050733804098D-05
  0.42356845180195D-05  0.14254293933480D-04  0.68486294540170D-05
  -.53009425796460D-06  -.20005051684164D-05  0.56476166759561D-05
  -.97106109105821D-06  0.20046496397590D-05  0.23811682657651D-05
  -.45350770043820D-05  -.58225959181681D-05  0.23798994740892D-05
  0.12624633844213D-05  -.29198342724097D-05  -.82572772021089D-06
  -.56595460825974D-06  -.37262852222197D-05  -.29645065458218D-05
  -.41443163685609D-05  -.94776925432596D-05  -.47587628934521D-05
  -.23491743335758D-05  0.14211609717651D-05  0.53371644061322D-05
  0.22002079223334D-05  -.28441672457224D-05  0.80859225685178D-06
  0.55800450591420D-05  0.29151333370992D-05  0.38670979521649D-05
  0.16902949595016D-05  0.39209938149801D-05  -.56518343819877D-06
  0.39162432968753D-06  0.39630172498388D-05  0.12929836299518D-05
  -.78123183525685D-05  -.63968199061556D-05  -.10933799465430D-04
  0.48471475138810D-06  0.45213738028142D-05  0.13487736713969D-05
  -.66410198848368D-06  0.23346859901602D-06  -.14800730686187D-05
  0.38122814189079D-05  0.54217494145133D-05  0.13027379891783D-04
  0.24313172706618D-05  0.13741868613369D-05  0.42986082786651D-05
  0.33424904188721D-05  0.98944953115911D-06  0.87278017187921D-06
  0.18934070394327D-05  -.58544087088268D-05  -.11681049272905D-04
  0.31471461422066D-05  0.39255545772410D-05  -.44559269183047D-06
  -.44666645930133D-05  -.35481070319788D-05  -.77327783745977D-05
  -.21922618306715D-06  -.15687631647020D-06  0.21765433352459D-05
  -.72289421928443D-06  0.32569095941674D-05  0.28636637460985D-05
  0.13719049881542D-05  -.35155248224983D-06  0.22911123722484D-05
  0.10014461910386D-06  0.64564353098654D-05  0.34997499754573D-05
  0.56163848843153D-05  0.37396044631471D-05  -.48196986174170D-05
  -.53609453253456D-05  -.43074992270007D-05  -.42820281445644D-05
$end
