$dipgrad          cartesian dipole gradients
  0.30204756367956D-01  0.18337452822299D-01  -.60377118064203D-01
  0.36303540608231D-01  0.12629202682740D+00  0.46902281739928D-01
  -.63136496882350D-01  0.30672747655712D-01  -.70728392005183D-01
  -.23359388888440D-01  -.21778393881916D-01  0.76152035093725D-01
  -.45578100515745D-01  -.12916651757309D+00  -.51935706775058D-01
  0.77820660679608D-01  -.93170814975365D-02  0.72249398501173D-01
  -.19243566328350D-01  0.44916099407963D-02  -.73114964217394D-01
  0.14718520522630D-01  -.12077915284116D+00  -.44311596119057D-01
  -.74191648027137D-01  -.20523778528884D-01  0.31722124537494D-01
  0.50474626424204D-02  0.20789066524311D-02  0.71717656634007D-01
  -.12149576345034D-02  0.13735347658148D+00  0.44644997860029D-01
  0.72081682599730D-01  0.28071446396581D-01  -.42410285340532D-01
  0.87114921753854D-01  -.10203932858635D-01  0.24627601014891D-02
  0.12269832729329D-01  -.12909311156068D+00  -.30005549160501D-02
  0.92922725692177D-02  -.62847781340576D-02  -.70828637548429D-01
  -.97022663431668D-01  0.13389842115028D-01  -.20787092197011D-02
  -.10473987003186D-02  0.14707013494067D+00  0.17260430617275D-02
  -.55456193211150D-02  0.86473466725486D-02  0.51372632142332D-01
  -.36247209699255D-01  -.39603020889983D-01  0.68213481386707D-01
  -.18375993142392D-01  -.12920179585223D+00  -.40198717847552D-02
  0.66549967244571D-01  -.49772579975075D-01  0.84800288878589D-01
  0.21846470933939D-01  0.22355969744355D-01  -.71662117082652D-01
  0.18672979900890D-01  0.13262585424773D+00  0.98670108780486D-02
  -.66151175156959D-01  0.33052657659517D-01  -.67770585867993D-01
  0.21268729628656D-02  0.11951656633248D-01  -.90193118156431D-01
  -.19127358665895D-01  -.14893764232778D+00  -.12534353502406D-01
  -.89369811237301D-01  -.25274321728967D-01  0.70306099722077D-01
  0.11482167859555D-01  -.29928441277077D-02  0.78516452243307D-01
  0.91302579666004D-02  0.13053035821815D+00  0.98730697469405D-02
  0.84418911260683D-01  0.23391581771756D-01  -.63301431759419D-01
  0.13108132818256D+00  -.14795059844481D-01  0.60264507336931D-02
  -.41711829673493D-01  -.14670581155245D+00  -.48513449534497D-02
  -.46985289749584D-02  -.20849204591610D-01  -.58395616227597D-01
  -.11316225936444D+00  0.17062500925942D-01  -.63932149935115D-02
  0.35622526300173D-01  0.12911582642774D+00  0.79534607938673D-02
  -.67711682737556D-02  0.99403845403089D-02  0.62560163226617D-01
  0.21902700416965D-01  0.22517471016812D-01  -.71579355560606D-01
  0.18800542943206D-01  0.13213349589725D+00  0.10964173486740D-01
  -.66078514910217D-01  0.34054854456795D-01  -.67670218184489D-01
  0.11312164828906D-01  -.36803832277286D-02  0.78649993503619D-01
  0.83359057921849D-02  0.13019021199092D+00  0.11018450182929D-01
  0.84548013062310D-01  0.24483829635957D-01  -.63083337935913D-01
  -.35906960662731D-01  -.39783422102134D-01  0.68225664152139D-01
  -.18675928484208D-01  -.12935375064864D+00  -.52870878783733D-02
  0.66396145773104D-01  -.51443621696889D-01  0.85165449617317D-01
  0.24681579076281D-02  0.12526597566703D-01  -.90012753472137D-01
  -.18192793746800D-01  -.14850001532186D+00  -.13814698650132D-01
  -.89386526200157D-01  -.26567102918435D-01  0.70336065797758D-01
  0.87120036937179D-01  -.97073252218032D-02  0.25442771020342D-02
  0.12591007240534D-01  -.12895920815123D+00  -.28994977964170D-02
  0.91086928742679D-02  -.73098998195622D-02  -.70472905213309D-01
  0.13120111273614D+00  -.14608177025947D-01  0.62464474377987D-02
  -.41080595669897D-01  -.14620143789480D+00  -.53297504654870D-02
  -.50132458285390D-02  -.21797284439837D-01  -.58272398770187D-01
  -.97123203753213D-01  0.12991589534091D-01  -.20028666085054D-02
  -.14346516119067D-02  0.14705163678016D+00  0.19569609973971D-02
  -.55342231977428D-02  0.87608009305266D-02  0.51408363733235D-01
  -.11332137392482D+00  0.16635255685097D-01  -.64372646525614D-02
  0.35183317625834D-01  0.12910737039002D+00  0.81900129486639D-02
  -.67432426465641D-02  0.10267858162981D-01  0.62650588178655D-01
  -.18964375810808D-01  0.53910408305603D-02  -.72512859069743D-01
  0.15839651829231D-01  -.11975541042380D+00  -.45506695335003D-01
  -.74171792450634D-01  -.22898031286405D-01  0.30962319709845D-01
  -.23632088385584D-01  -.22540602011658D-01  0.76166496670553D-01
  -.45976004709783D-01  -.12830582951456D+00  -.53191131546822D-01
  0.77337274144716D-01  -.10400367375191D-01  0.71828379988822D-01
  0.47974566402795D-02  0.14162084053988D-02  0.71635421191072D-01
  -.16560653811208D-02  0.13740170589707D+00  0.45824256804040D-01
  0.72113736203598D-01  0.29496357325229D-01  -.41926977941656D-01
  0.30277488471294D-01  0.18547059318836D-01  -.60192795152616D-01
  0.36603594476826D-01  0.12608759385591D+00  0.47761571222662D-01
  -.62875363304313D-01  0.31598186784737D-01  -.70501078846628D-01
$dipgrad          cartesian dipole gradients
  0.30242842397398D-01  0.18496125124194D-01  -.60307462633604D-01
  0.36466728028218D-01  0.12625436695317D+00  0.47121257327428D-01
  -.63060700706623D-01  0.30895288688031D-01  -.70722745972895D-01
  -.23594047598406D-01  -.22122474710908D-01  0.76139750640810D-01
  -.45571913907893D-01  -.12874032405822D+00  -.52309475607388D-01
  0.77709967732635D-01  -.96367226393845D-02  0.72195268603679D-01
  -.19136957638139D-01  0.45346050958376D-02  -.73108711404019D-01
  0.14991315103307D-01  -.12042527067160D+00  -.44404357831702D-01
  -.74312106824272D-01  -.20881606041227D-01  0.31799168957621D-01
  0.49997791778320D-02  0.20835831172250D-02  0.71775215980959D-01
  -.12084729156018D-02  0.13736839628134D+00  0.44743960085553D-01
  0.72116373789415D-01  0.28190172623480D-01  -.42396004956259D-01
  0.87249535650258D-01  -.10593810267156D-01  0.25503440557885D-02
  0.11980657597229D-01  -.12906275412788D+00  -.29772697256506D-02
  0.90559917463723D-02  -.67505291632149D-02  -.70810290327624D-01
  -.97041634534775D-01  0.13651151821401D-01  -.20798467261653D-02
  -.86686109864039D-03  0.14696703736343D+00  0.18112016613480D-02
  -.55445752038174D-02  0.86309288725902D-02  0.51417088957452D-01
  -.36168312320618D-01  -.39606330210828D-01  0.68260556279431D-01
  -.18375715060349D-01  -.12907062349618D+00  -.43807111535089D-02
  0.66451589049706D-01  -.50198451646929D-01  0.84815179826599D-01
  0.21902924126481D-01  0.22482685883285D-01  -.71620305185069D-01
  0.18745459951399D-01  0.13247012168326D+00  0.10114910680615D-01
  -.66109038756312D-01  0.33248852774827D-01  -.67739213415924D-01
  0.20023369927408D-02  0.11684014698097D-01  -.90128592897437D-01
  -.19205184085091D-01  -.14898888915880D+00  -.12479582533226D-01
  -.89449803266069D-01  -.25466401811028D-01  0.70319215033865D-01
  0.11476609162682D-01  -.29353010383922D-02  0.78537698138538D-01
  0.91617586305850D-02  0.13047482012842D+00  0.98861465986594D-02
  0.84426896334517D-01  0.23414719561606D-01  -.63266405842077D-01
  0.13095364988833D+00  -.15148344808281D-01  0.60788458803211D-02
  -.42142087552662D-01  -.14663051806109D+00  -.49725061259616D-02
  -.47544313215028D-02  -.21038341298436D-01  -.58428902034280D-01
  -.11308478509017D+00  0.17294283657948D-01  -.63950688823629D-02
  0.35919755735825D-01  0.12907688419804D+00  0.79876624238691D-02
  -.67396796555714D-02  0.99873347771909D-02  0.62554744063682D-01
  0.21797646198053D-01  0.22436575549492D-01  -.71660727849312D-01
  0.18706514308422D-01  0.13237475939426D+00  0.10368225327112D-01
  -.66161948911830D-01  0.33461114607243D-01  -.67640090293319D-01
  0.11481392294469D-01  -.32883207858702D-02  0.78550075872578D-01
  0.87987878673230D-02  0.13035949786404D+00  0.10341596784338D-01
  0.84428321935643D-01  0.23859240768540D-01  -.63282668589923D-01
  -.35914823889684D-01  -.39550854468501D-01  0.68322200112098D-01
  -.18293901007772D-01  -.12913192257832D+00  -.46416311899448D-02
  0.66609962606317D-01  -.50534396601382D-01  0.84881516836853D-01
  0.20860898269326D-02  0.12058897493101D-01  -.90010446132410D-01
  -.18775605459264D-01  -.14880957790160D+00  -.12954907058934D-01
  -.89301117659548D-01  -.25884654533325D-01  0.70454049243048D-01
  0.87227342529214D-01  -.98840362194105D-02  0.25111989510374D-02
  0.12439969246298D-01  -.12897694784353D+00  -.29529136717602D-02
  0.90854331128916D-02  -.69459298955790D-02  -.70634014415517D-01
  0.13113988937058D+00  -.14805664569594D-01  0.60758880091709D-02
  -.41526002294320D-01  -.14646714133687D+00  -.51702648777439D-02
  -.48531184726706D-02  -.21308863618824D-01  -.58320975527025D-01
  -.97096783896191D-01  0.13200595992947D-01  -.19897961337552D-02
  -.12570158632368D-02  0.14708896793658D+00  0.18645126632012D-02
  -.54834323311170D-02  0.86530636358795D-02  0.51389380940868D-01
  -.11324876451793D+00  0.16879143082223D-01  -.63366231767217D-02
  0.35431176420834D-01  0.12910623694239D+00  0.80422671083822D-02
  -.66696985701575D-02  0.10072000593391D-01  0.62603551390362D-01
  -.18966925271711D-01  0.50761998026696D-02  -.72810779603727D-01
  0.15316220907944D-01  -.12012075099289D+00  -.44904060334819D-01
  -.74173658572900D-01  -.21685477216500D-01  0.31614004490697D-01
  -.23424978223324D-01  -.22174935742240D-01  0.76294204474046D-01
  -.45733801411785D-01  -.12869203870270D+00  -.52616326411943D-01
  0.77694920251855D-01  -.99149978957955D-02  0.72116572956236D-01
  0.49659862467203D-02  0.17874671324480D-02  0.71715500473863D-01
  -.14374158244287D-02  0.13736774956532D+00  0.45208093659377D-01
  0.72123098117187D-01  0.28759197675017D-01  -.42291349046625D-01
  0.30151989111196D-01  0.18444744369865D-01  -.60363118243958D-01
  0.36435632683190D-01  0.12620792061117D+00  0.47274172202750D-01
  -.63089244424172D-01  0.31074457783845D-01  -.70627080887296D-01
$end
