$energy      SCF               SCFKIN            SCFPOT
     1 -464.7276217612      462.3430411526     -927.0706629138
     2 -464.7285071275      462.5131451360     -927.2416522635
     3 -464.7277674896      462.6047037166     -927.3324712061
     4 -464.7283259977      462.5664897253     -927.2948157230
     5 -464.7288109468      462.6021638753     -927.3309748220
     6 -464.7287816164      462.5071130743     -927.2358946907
     7 -464.7288952285      462.5392263453     -927.2681215738
     8 -464.7289634113      462.5064209474     -927.2353843587
     9 -464.7289586010      462.5969551666     -927.3259137676
    10 -464.7290083723      462.5688002088     -927.2978085811
    11 -464.7290493136      462.5504597800     -927.2795090936
    12 -464.7290995686      462.5463551243     -927.2754546928
    13 -464.7292007042      462.5287171900     -927.2579178941
    14 -464.7293425166      462.5290968526     -927.2584393691
    15 -464.7292428288      462.5559781436     -927.2852209724
    16 -464.7293975002      462.5466859913     -927.2760834915
    17 -464.7294807890      462.5411247771     -927.2706055662
    18 -464.7294419744      462.5383483953     -927.2677903697
    19 -464.7294897728      462.5414890147     -927.2709787875
    20 -464.7295431456      462.5372823752     -927.2668255208
    21 -464.7295537199      462.5431212363     -927.2726749562
    22 -464.7295930996      462.5478053163     -927.2773984159
    23 -464.7296215210      462.5266090298     -927.2562305508
    24 -464.7296629607      462.5372364619     -927.2668994227
    25 -464.7296076202      462.5765811333     -927.3061887535
    26 -464.7296859416      462.5386887254     -927.2683746670
    27 -464.7297213476      462.5446949143     -927.2744162619
    28 -464.7297336059      462.5378140912     -927.2675476971
    29 -464.7297487279      462.5264881063     -927.2562368341
    30 -464.7297560878      462.5450940500     -927.2748501378
    31 -464.7297819405      462.5381715921     -927.2679535327
    32 -464.7297970941      462.5373530864     -927.2671501805
    33 -464.7298156110      462.5362727231     -927.2660883340
    34 -464.7298185271      462.5343978879     -927.2642164150
    35 -464.7298454520      462.5362112800     -927.2660567320
    36 -464.7298558523      462.5310421203     -927.2608979726
    37 -464.7298752922      462.5356655111     -927.2655408033
    38 -464.7298966593      462.5343852069     -927.2642818663
    39 -464.7299178283      462.5329801046     -927.2628979329
    40 -464.7299409799      462.5337919054     -927.2637328853
    41 -464.7299373751      462.5296225058     -927.2595598809
    42 -464.7299600283      462.5324913328     -927.2624513611
    43 -464.7299731765      462.5325835950     -927.2625567715
    44 -464.7299786317      462.5319773002     -927.2619559319
    45 -464.7299835003      462.5327418001     -927.2627253005
    46 -464.7299890009      462.5321246671     -927.2621136679
    47 -464.7299947766      462.5308290696     -927.2608238462
    48 -464.7300012740      462.5318315285     -927.2618328026
    49 -464.7300080196      462.5315485271     -927.2615565467
    50 -464.7300160809      462.5295608810     -927.2595769619
    51 -464.7300279634      462.5292836573     -927.2593116207
    52 -464.7300379977      462.5317087366     -927.2617467343
    53 -464.7300523796      462.5271388944     -927.2571912740
    54 -464.7299763389      462.5273490807     -927.2573254196
    55 -464.7300357014      462.5272709859     -927.2573066873
    56 -464.7300468208      462.5218112575     -927.2518580783
    57 -464.7300552337      462.5267359381     -927.2567911719
    58 -464.7300699920      462.5265657193     -927.2566357113
    59 -464.7300778895      462.5236542707     -927.2537321602
    60 -464.7300809756      462.5242554170     -927.2543363926
    61 -464.7300840957      462.5245085578     -927.2545926536
    62 -464.7300853639      462.5234726770     -927.2535580409
    63 -464.7300862097      462.5241999950     -927.2542862047
    64 -464.7300880206      462.5242605677     -927.2543485883
    65 -464.7300871264      462.5244075324     -927.2544946588
    66 -464.7300870247      462.5242266992     -927.2543137240
    67 -464.7300871794      462.5242072690     -927.2542944484
    68 -464.7300872381      462.5241848927     -927.2542721308
    69 -464.7300874765      462.5241291989     -927.2542166754
    70 -464.7300875550      462.5241340708     -927.2542216257
    71 -464.7300879427      462.5241177804     -927.2542057231
    72 -464.7297678744      462.5287906793     -927.2585585537
    73 -464.7300916747      462.5240848526     -927.2541765273
    74 -464.7300902578      462.5240626051     -927.2541528629
    75 -464.7300912029      462.5240912175     -927.2541824204
    76 -464.7300912241      462.5239323615     -927.2540235856
    77 -464.7300921112      462.5239035794     -927.2539956906
    78 -464.7300931574      462.5238555479     -927.2539487054
    79 -464.7300949582      462.5231033123     -927.2531982705
    80 -464.7300964366      462.5237555610     -927.2538519977
    81 -464.7301109697      462.5250478330     -927.2551588026
    82 -464.7301193696      462.5249857232     -927.2551050928
    83 -464.7278923031      462.3924218505     -927.1203141537
    84 -464.7289152899      462.4211890450     -927.1501043348
    85 -464.7293729996      462.4473652690     -927.1767382687
    86 -464.7295776384      462.4545463940     -927.1841240324
    87 -464.7301413981      462.5209218393     -927.2510632375
    88 -464.7301580377      462.5186520847     -927.2488101225
    89 -464.7301604036      462.5211024708     -927.2512628744
    90 -464.7301651595      462.5190991621     -927.2492643217
    91 -464.7301676412      462.5202181976     -927.2503858388
    92 -464.7301682827      462.5228621802     -927.2530304629
    93 -464.7301696351      462.5225339441     -927.2527035792
    94 -464.7301695175      462.5225487854     -927.2527183028
    95 -464.7301694784      462.5224275307     -927.2525970091
    96 -464.7301697008      462.5224298485     -927.2525995493
    97 -464.7301696985      462.5223482288     -927.2525179273
    98 -464.7301694943      462.5223486143     -927.2525181086
    99 -464.7301694899      462.5224688149     -927.2526383048
   100 -464.7301697895      462.5223503082     -927.2525200976
   101 -464.7301697682      462.5223783058     -927.2525480740
   102 -464.7301695118      462.5225941871     -927.2527636989
   103 -464.7301697148      462.5224404479     -927.2526101627
   104 -464.7301696872      462.5224581625     -927.2526278498
   105 -464.7301697301      462.5224362042     -927.2526059343
   106 -464.7301696911      462.5224084298     -927.2525781209
   107 -464.7301697114      462.5224254568     -927.2525951681
   108 -464.7301697200      462.5224353361     -927.2526050561
   109 -464.7301697505      462.5224386322     -927.2526083827
   110 -464.7301697552      462.5224360918     -927.2526058470
$end
