$hessapprox internal
  0.451229978842D+00 -0.638392193757D-02  0.309352724732D-01 -0.254103317666D-03
  0.114077397095D-01  0.423598105427D-01  0.134042321273D-02 -0.853583075126D-04
  0.146162523837D-02  0.307350174804D-01 -0.253975582032D-02 -0.210107112389D-02
 -0.562436684210D-03 -0.947953905626D-02  0.446810889039D+00  0.118255613732D-02
 -0.248373013126D-02 -0.175014259851D-02 -0.110827404121D-01  0.187085348245D-02
  0.438965804307D-01  0.738773966056D-03 -0.116061789064D-02  0.476230910659D-03
 -0.347346574276D-02  0.266212106935D-03 -0.881964565242D-03  0.298712033019D-01
 -0.207018382103D-02 -0.129546359191D-02 -0.826662916310D-03  0.254908921878D-03
 -0.141523188313D-02  0.270244242358D-02 -0.122130098094D-01  0.435199743037D+00
 -0.165693998764D-02 -0.203761546656D-02 -0.632386637681D-03 -0.613046259499D-03
  0.475739171886D-02  0.104354980846D-02  0.325602943091D-02 -0.407690951473D-02
  0.817615484762D-01  0.908523179718D-02  0.257272383382D-02  0.343035065981D-02
  0.172905785481D-02 -0.394520871567D-02  0.100539739180D-02  0.283904288259D-02
 -0.978398413341D-02 -0.233605733009D-02  0.458845460874D+00 -0.288747422036D-02
 -0.276566771722D-02  0.147130858722D-02  0.105574184739D-03  0.188444463045D-02
 -0.105321452658D-02 -0.517578788151D-03  0.307042484561D-02  0.258947561536D-03
 -0.145094975326D-01  0.296933811693D-01 -0.179585546530D-02  0.137969840005D-02
  0.165614139509D-02 -0.538630014994D-03  0.649996334553D-03 -0.170903184307D-02
 -0.151476955157D-04  0.355505403161D-02  0.367114969371D-02 -0.220030146442D-02
  0.145098736403D-02  0.806877188610D-01 -0.136279340220D-02  0.979409776190D-03
 -0.147692142626D-03 -0.128056574440D-03  0.761419061040D-03 -0.104763352587D-02
 -0.440770537901D-02  0.621689428941D-03 -0.448773241486D-03 -0.227164001635D-02
  0.448193462001D-03 -0.977236220929D-04  0.297602512648D-01 -0.669520658288D-03
  0.132418446888D-02 -0.207295049996D-03  0.698506816816D-03 -0.327860313919D-02
  0.101384822000D-02 -0.306174022309D-03 -0.250293575928D-03 -0.262853623645D-02
  0.484616018064D-04  0.745660511481D-03 -0.886379806703D-03 -0.564556143325D-02
  0.447553864549D+00 -0.189255522168D-02  0.121751798476D-02  0.820836120064D-04
 -0.914918028553D-03 -0.796615506360D-03 -0.308535415895D-02  0.815135794613D-04
  0.154511632370D-02 -0.163601626256D-03 -0.154097258414D-02  0.512257915973D-03
  0.159745296591D-02  0.114671589395D-01 -0.436555166422D-03  0.422491810588D-01
  0.547604015643D-02 -0.278229183585D-04  0.922195315944D-03  0.904225863049D-03
 -0.187644018134D-02  0.169790402422D-02  0.524396783653D-03 -0.459701722480D-02
  0.162696542053D-02  0.124235714817D-02  0.158601214355D-02 -0.214049995723D-03
 -0.586740685283D-03 -0.587542683274D-05  0.237826379926D-03  0.443059213293D+00
  0.762766178169D-03  0.526590241010D-03  0.263595857711D-03 -0.730682731247D-03
  0.423574841142D-03 -0.138914223200D-03 -0.363102856716D-03 -0.891964992264D-03
 -0.675931535120D-04  0.243990287034D-02 -0.247717631120D-02 -0.252259244829D-03
  0.201246465432D-03 -0.192728789337D-02  0.690813822207D-03 -0.764781757743D-02
  0.293180570125D-01  0.591050541397D-03 -0.313806108044D-02 -0.251693818484D-02
  0.325179459170D-03  0.356088621527D-03  0.244625814045D-02  0.204503838101D-03
  0.132756003305D-02  0.112704803472D-02 -0.228627547020D-02 -0.148376215771D-02
 -0.582710609987D-03 -0.102334066163D-02  0.480157005202D-03 -0.146034401938D-02
  0.166233902810D-02 -0.983425910504D-02  0.416978418291D-01 -0.559681291708D-04
  0.358268974083D-03 -0.735846628834D-03 -0.189109047161D-02 -0.710706748995D-03
  0.128037072572D-03 -0.228120734308D-02 -0.325209163707D-02 -0.161805357102D-02
 -0.196618773891D-02 -0.262944887458D-02  0.115553635152D-02 -0.147958166724D-03
  0.798049710908D-03 -0.607120101424D-03 -0.469608252879D-03  0.414322051024D-03
 -0.155494950484D-04  0.466459324055D-01 -0.588352502325D-02  0.283399490960D-03
 -0.284006421897D-02  0.697042750983D-04  0.165435002220D-02 -0.297257149703D-02
 -0.970322998374D-04 -0.611703154616D-03 -0.177880150373D-02 -0.867844012771D-02
  0.278810066250D-03 -0.278847407450D-03  0.639637143491D-03  0.153161161144D-02
  0.222790631305D-02 -0.311711318482D-02 -0.116897408505D-04  0.253133874678D-02
 -0.616103364753D-02  0.500215380618D-01  0.568864886752D-03  0.401888677325D-03
  0.112309188876D-02 -0.821382645061D-03  0.354390099574D-03  0.517663811591D-03
 -0.582033852208D-03 -0.990478771277D-03  0.218946777374D-02  0.972928762450D-03
 -0.876353214545D-03 -0.123093802082D-02 -0.284034796715D-03 -0.391280233588D-03
 -0.397817723141D-04 -0.144938393816D-03  0.275642731723D-02 -0.948080388363D-03
  0.469285625800D-03  0.210580203173D-02  0.201343984537D+00 -0.588578974100D-02
 -0.490171561633D-03  0.223925742183D-03 -0.371685417982D-04  0.144204373867D-02
  0.167755641000D-02 -0.166329520946D-02  0.625823136776D-02 -0.794863561198D-02
 -0.675851052073D-02  0.141685740799D-02 -0.403862573275D-02 -0.140185348258D-02
  0.335694806741D-02  0.305112197715D-03  0.366863671618D-02 -0.172249559514D-02
  0.255280124258D-02 -0.120558340320D-01  0.674444272406D-02 -0.123016600782D-01
  0.190058067675D+00  0.189435138623D-02 -0.691034418085D-03  0.175428568854D-02
 -0.556767211831D-03 -0.125674458086D-02  0.170091206918D-03  0.105899481005D-02
 -0.128710906876D-02  0.252028533731D-02  0.385097283664D-02 -0.568386267188D-03
  0.138999763066D-05 -0.314953151514D-03  0.986880674407D-03 -0.180153519347D-02
  0.780838609609D-03  0.769381319142D-03 -0.971731813188D-03  0.939917991174D-03
  0.512260478746D-03  0.306148253478D-01 -0.315782701406D-02  0.372715035482D-01
  0.362312845481D-02  0.180948817955D-02  0.342646434035D-02  0.407956568738D-03
  0.157874718086D-02  0.482509807255D-02  0.702872372750D-03 -0.903145680684D-02
  0.761585295167D-03  0.516690047396D-02 -0.217521299910D-02 -0.330787522792D-02
 -0.240860531128D-02 -0.614164849323D-03 -0.402853955203D-02 -0.227933292161D-02
 -0.825523532257D-03 -0.312159684236D-02 -0.100376563282D-02  0.582770857234D-02
  0.370651937097D-03  0.546769430196D-03  0.799919928060D-02  0.227100806854D+00
 -0.681473847372D-03 -0.213985918402D-02  0.100990571073D-03  0.652498790361D-02
  0.892635082243D-03 -0.975856923153D-03 -0.607832685858D-03  0.363824423881D-02
  0.492369783167D-02 -0.434432483032D-02 -0.182334235635D-02  0.789175948998D-02
 -0.302697893968D-02  0.137966105955D-02  0.156445502405D-02 -0.612097221183D-03
  0.808738367994D-02  0.164323444496D-02 -0.379521628775D-02 -0.450605946510D-02
 -0.557562708222D-02 -0.356775457458D-02 -0.149816435344D-02 -0.330169814626D-02
  0.153809795901D+00 -0.301664719499D-02  0.732020421056D-02  0.389009829246D-02
 -0.212742997956D-02  0.721915501613D-03 -0.189867525084D-02 -0.525293145073D-03
  0.504082583493D-03  0.117290263180D-02 -0.123426994155D-02 -0.119585977111D-02
  0.658543358860D-02  0.658119017310D-02  0.103010996146D-02  0.498236367913D-02
  0.291218759538D-02 -0.709345316035D-03 -0.709146977873D-03 -0.673977830247D-02
 -0.229796757150D-02 -0.757457220665D-02 -0.122849689122D-01 -0.229958446378D-03
 -0.238890719650D-03  0.986253798307D-01  0.158495520425D+00  0.432229474148D-03
  0.723866911898D-02  0.206854230844D-02 -0.631849599677D-02 -0.145210864396D-03
  0.110132003485D-02 -0.122874724378D-02  0.151939383674D-02  0.819084713900D-03
  0.285509841181D-02  0.724621904572D-03  0.774217896390D-03 -0.552979249859D-02
  0.188664961513D-03 -0.376533380731D-03  0.148548048246D-03  0.644144174576D-02
 -0.218569247411D-02  0.157217193598D-02 -0.108399059403D-01  0.151653347813D-02
 -0.432154049241D-03  0.103493128710D-02 -0.111485416213D-01  0.566544206232D-03
  0.139402674543D-02  0.407884873133D-01  0.234715145140D-02 -0.493172077750D-02
 -0.318040457708D-02 -0.466979595215D-02  0.552146087830D-03  0.261235098996D-02
  0.239048423879D-02  0.642606634238D-05  0.417287055603D-02  0.142450415485D-02
  0.162873065690D-03  0.246103047211D-02 -0.436171164319D-02 -0.156409320579D-02
 -0.210595376612D-02 -0.101359557723D-02 -0.387729901037D-02  0.308907532276D-02
  0.972439929412D-02 -0.166036543565D-02  0.274139176703D-02 -0.707573172212D-01
  0.915944610950D-03 -0.891761428410D-04  0.146869268248D-02  0.450976025654D-02
 -0.156615988969D-03  0.586128286080D-01 -0.840330531237D-03 -0.241423284262D-03
  0.735304879515D-04  0.809160325886D-03  0.214757697479D-02  0.394774953606D-03
  0.372987334087D-03 -0.338284820659D-02  0.183369590337D-02  0.510813431499D-04
 -0.936878595665D-03 -0.249261655426D-02  0.215856704700D-03 -0.305147802558D-02
  0.101634175587D-02 -0.503954056099D-03 -0.149633720265D-03 -0.169259098649D-02
 -0.164881342682D-02 -0.125537614908D-02  0.383238974743D-01 -0.265882508160D-02
 -0.252005879501D-01 -0.187918923741D-02 -0.172504129071D-02 -0.556664197747D-02
  0.166770438537D-02  0.705631365297D-03  0.250207406544D+00  0.556037956377D-02
 -0.132010234455D-03  0.216842722577D-03 -0.114280857424D-02 -0.127718997004D-02
  0.431916146871D-02 -0.104581046600D-02 -0.552251901133D-02 -0.780539333787D-03
  0.405626833408D-02 -0.213498153489D-02 -0.319829949205D-02 -0.640875761861D-03
 -0.248713556426D-02  0.586188129566D-03 -0.336565463294D-02 -0.404637747867D-02
  0.625450410623D-02  0.204876140073D-02 -0.542208453761D-02  0.600993045834D-02
  0.175789138898D-01  0.211386857566D-02 -0.642846525091D-02  0.376578096349D-02
 -0.331869667159D-01  0.247856158669D-02 -0.329771962411D-02  0.450842397901D-03
  0.132347255749D+00  0.329052118645D-03  0.101468749646D-01  0.354377089277D-02
  0.862182803393D-02 -0.237485490880D-02 -0.326461065212D-02  0.503063122177D-03
  0.149084839676D-02 -0.130768220608D-02  0.781151340454D-03  0.237602715714D-03
  0.314468400949D-02 -0.961437844779D-02  0.271422053372D-02 -0.237135480540D-02
  0.241008505557D-03 -0.853019916346D-02  0.691146386915D-03  0.130854859606D-02
  0.906026713452D-03  0.330238518427D-01  0.403258892040D-03  0.277092185957D-01
  0.203477089260D-02 -0.742899917570D-03  0.265175275253D-02  0.134175435044D-03
  0.175685536179D-04 -0.357129719027D-01  0.123630951274D-02  0.621524762742D-01
  0.209840256661D-02  0.235391388253D-02  0.111816630711D-02  0.190175275604D-02
 -0.214722312256D-02 -0.149372243730D-02 -0.181200655600D-02  0.425537905502D-03
  0.385544803061D-02  0.632933197218D-02 -0.331340802514D-02  0.234052344653D-02
  0.291810346466D-02 -0.630849066147D-03  0.157980337432D-02 -0.154123019263D-02
  0.129156853288D-02 -0.271506159671D-03  0.104362833276D-01  0.177902398438D-02
  0.225134405041D-02 -0.734629850141D-01 -0.203155760724D-03  0.300630905251D-04
  0.592857455654D-03  0.561981684226D-02 -0.169991838020D-04  0.637526112866D-01
  0.158738819832D-02 -0.214916461746D-02 -0.932293048176D-03  0.231863693507D+00
  0.119395645338D-02  0.203724684332D-02  0.251215988127D-02  0.673010960605D-03
  0.212050270402D-02 -0.785899311438D-03 -0.402760319784D-03  0.175494911240D-02
  0.379582062179D-02 -0.165023030064D-02  0.647832897930D-03  0.382288685891D-02
  0.150703863772D-02 -0.857250093777D-03  0.963444975598D-03 -0.355792098049D-03
 -0.477828321418D-03 -0.523579345694D-03 -0.158089165279D-02 -0.140005079221D-02
  0.379547908425D-02  0.632365471755D-02  0.144439842143D-02 -0.327438383263D-03
  0.264059383216D-01  0.805732187201D-01 -0.261313174505D-03 -0.162365853418D-02
  0.402917608774D-02 -0.538378146810D-01 -0.174208635725D-03 -0.132248071701D-02
  0.250469832860D+00 -0.303656466712D-02 -0.119945492772D-02 -0.305253652706D-02
  0.486212424907D-04  0.238923026069D-02  0.230110276891D-02 -0.516968918395D-03
 -0.552589522431D-02 -0.872811934656D-03 -0.101550767559D-01  0.443389928990D-02
 -0.570929653318D-03  0.215119399938D-02  0.473971689474D-03  0.274976410912D-02
 -0.698157924438D-02 -0.530714985107D-02  0.516086997182D-02  0.298686807312D-03
  0.508974668750D-02  0.614991659413D-03  0.922369349597D-02  0.878310579846D-03
  0.682946553811D-01 -0.192628875811D-02  0.101172647546D-02 -0.148637406398D-01
 -0.277827051044D-02 -0.144230965082D-02 -0.895318995317D-02  0.204551456943D-04
 -0.610188952845D-02 -0.806572926783D-03  0.327548866177D+00  0.259645427546D-02
 -0.830412771977D-03 -0.215424358769D-02 -0.881798704886D-03  0.447745748564D-02
  0.383037304177D-02 -0.308019260396D-02 -0.861127253964D-03 -0.555534283927D-02
  0.204528158490D-02 -0.308214329941D-02 -0.451475240431D-02 -0.200767642582D-02
  0.264713989057D-02 -0.359477859412D-02  0.353352218683D-02 -0.338097806318D-02
  0.395707080581D-02 -0.542341741989D-02  0.103589275095D-02 -0.584286681899D-02
  0.100277415514D-01 -0.358993767243D-03  0.435052445447D-03 -0.108613079613D-01
 -0.181702644371D-01 -0.122475497649D-02 -0.537051654941D-01 -0.171262826538D-02
  0.608348901695D-02  0.272055914794D-02  0.559715215618D-02 -0.221585889540D-02
  0.176417403442D-02  0.247105870909D+00 -0.129010924145D-02  0.695681557152D-02
  0.246037712559D-02  0.595075148276D-02 -0.331221117993D-02 -0.359514534839D-02
 -0.365496084771D-02  0.140414839766D-02 -0.472923919907D-03  0.173831134219D-02
 -0.169402123843D-02 -0.166200694959D-02  0.801789294517D-02 -0.374795591316D-03
  0.166222266847D-02 -0.244043226828D-03  0.617746240244D-02 -0.451321076972D-02
 -0.618438247342D-02  0.110382102670D-03  0.350829610833D-02  0.241420865554D-01
  0.368701841366D-03  0.501292061056D-03  0.466407517693D-02  0.676306288305D-02
  0.139139072325D-02 -0.143521357988D-01 -0.115761315464D-02 -0.233418881162D-02
 -0.112933073983D-02 -0.611099360455D-02  0.170808667751D-03 -0.119935536351D-02
 -0.515911638229D-01  0.602872341346D-01 -0.245603129875D-02 -0.610322148539D-03
 -0.112182299785D-02  0.140486416598D-02  0.103596683423D-02  0.169472190323D-02
 -0.601108911134D-04 -0.169957964798D-02 -0.181784672277D-02 -0.133519368630D-03
 -0.127046916496D-02 -0.124119072987D-02 -0.130234374599D-02 -0.629522310508D-03
 -0.118933368482D-02  0.551300816710D-03 -0.374122311432D-02  0.163027693108D-02
 -0.290069213456D-02 -0.619634140541D-02 -0.430018686012D-01 -0.281801252855D-02
 -0.245350004309D-02 -0.239383147893D-02 -0.110119536814D-02 -0.444436792628D-02
  0.101592405403D-02  0.230782411716D-02 -0.806323469958D-01 -0.120213303796D-02
 -0.127378606222D-01  0.295703449135D-02  0.226748964839D-02 -0.238037170387D-02
 -0.228120042891D-02  0.572094309918D-03  0.213982083492D+00  0.109110653989D-02
 -0.807225261724D-02  0.350916495677D-03  0.109511278411D-01 -0.480114290721D-02
 -0.394741585296D-02  0.190989757583D-03  0.142713627609D-02 -0.192744852840D-02
  0.164070449763D-02  0.244283163341D-03 -0.128726374411D-02 -0.890043721253D-02
  0.358067967975D-02 -0.913321863049D-03 -0.601551212971D-03  0.895527354884D-02
 -0.248009726768D-02 -0.459147363149D-03  0.226990568054D-02  0.703362101091D-03
 -0.693231733028D-03  0.104929182808D-02  0.324063599944D-02 -0.100636818869D-01
  0.647675353567D-03 -0.964133665706D-03 -0.104945932455D-02  0.684901779039D-03
 -0.278384217190D-01  0.426828654972D-03 -0.802869704456D-03  0.258979475048D-01
  0.143547189891D-02 -0.133360077475D-02  0.985039995477D-05 -0.167386049851D-02
  0.456802828454D-01  0.270816262254D-02 -0.571870725545D-04  0.119850811107D-02
  0.225047643417D-02 -0.167198748196D-02 -0.186628037867D-02 -0.306020446321D-02
  0.157985651036D-03  0.381769411593D-04  0.449487607864D-02  0.204022327463D-02
  0.409030380821D-03  0.195144640256D-02 -0.931821939728D-04  0.820569898399D-03
  0.165146628089D-02  0.188044070727D-04 -0.160941030448D-02  0.491723091313D-03
 -0.358492635706D-02  0.325677314751D-03 -0.211324494865D-02 -0.124363387454D-02
 -0.605273988893D-01 -0.223286625267D-02  0.459345002051D-04 -0.222309661183D-01
 -0.132458063827D-02  0.154055251084D-02  0.454057852076D-02 -0.168490776187D-02
  0.107733750089D-02 -0.206826936663D-03  0.413567897913D-01  0.133434855913D-02
  0.214223075388D-02  0.141057585293D-02  0.222603172371D-03  0.154056331260D+00
  0.454151529040D-03  0.339760570463D-02  0.190537628446D-02 -0.597688828008D-02
 -0.556312770515D-03  0.401280348658D-02  0.171190274742D-01 -0.787962861833D-02
  0.737021443538D-03  0.743859250753D-02 -0.163492031231D-01 -0.158094667903D-02
 -0.491821563261D-02  0.547286707319D-03 -0.314886073956D-02 -0.211709989613D-02
  0.283951486453D-02 -0.415802349935D-03 -0.675018522081D-03 -0.603182861257D-03
  0.225090608107D-02 -0.122194861353D-02  0.361119813561D-02  0.230735335400D-01
 -0.817576352246D-03  0.533058048371D-03 -0.313015730186D-02  0.189350411536D-02
 -0.181311985081D-02 -0.253794712842D-02  0.112014467255D-02  0.196491152926D-02
 -0.115651830109D-02  0.531510414207D-01  0.361081787147D-02 -0.446762516233D-02
 -0.267985044144D-02 -0.813827151761D-04  0.498950331797D-01  0.982524359281D-01
 -0.358438059174D-02 -0.279547917694D-03 -0.194740538034D-02 -0.354793198975D-03
 -0.575236774125D-03  0.809459424456D-03 -0.175148585858D-01  0.805774210605D-02
 -0.221219418298D-02 -0.217257783940D-04 -0.148621099443D-01 -0.122561769778D-02
  0.119720581039D-02  0.244989877450D-02  0.442440750996D-03 -0.176906783023D-03
  0.196458710111D-03 -0.697090524624D-03 -0.114455272270D-01  0.162493788757D-02
 -0.566625220247D-03  0.367573412167D-01 -0.214305560495D-02  0.210853444074D-04
  0.496751302350D-02  0.204389070604D-02 -0.971454301917D-03 -0.190487577764D-01
 -0.131290361537D-02  0.309405918414D-02 -0.224114692790D-02 -0.529620871836D-01
  0.290420114783D-02  0.326214255205D-02 -0.399236688356D-01  0.240983322496D-01
 -0.574382943544D-03 -0.463218647911D-03 -0.767746328303D-03 -0.426769460289D-02
  0.735170650946D-01 -0.244376356563D-02  0.339857535849D-02 -0.216904733728D-02
  0.384471303929D-02 -0.284864020660D-02  0.703568878988D-03 -0.908947909835D-03
  0.222548348330D-02  0.466755249389D-03 -0.155465234219D-02  0.707019283899D-03
  0.117487116229D-02  0.239120912525D-02 -0.799653751880D-03 -0.258127823338D-02
 -0.547495506357D-03  0.353524276796D-02  0.141429575628D-02 -0.301819408668D-02
  0.685466767284D-03  0.311787418330D-02  0.315072255340D-01 -0.333853326187D-03
  0.422146680915D-03  0.277738633110D-02  0.590123387613D-02 -0.934460460532D-03
  0.401711667248D-02  0.140353330883D-02 -0.279039901051D-02 -0.207706746188D-03
  0.357106821146D-02  0.603783055718D-03  0.176616951566D-02 -0.591498228788D-01
  0.122425917691D-01 -0.109067980154D-02  0.414360860068D-04 -0.865486723683D-03
 -0.195997879490D-02  0.493961391205D-02  0.627282025872D-01 -0.159318889694D-02
  0.614426704388D-03 -0.963020455842D-03  0.268278618291D-02 -0.315283593926D-03
  0.171215970951D-02 -0.322598974555D-03 -0.251344557601D-02  0.290684679797D-02
 -0.231095065000D-03 -0.487845366398D-03 -0.414127479986D-02 -0.779890242514D-03
 -0.192667551388D-03  0.138629142523D-02  0.127857262870D-02 -0.216217970111D-02
 -0.508007353738D-03 -0.211241946304D-02 -0.146127464305D-02  0.123026279242D-01
 -0.111378025053D-02  0.117557571503D-01  0.397326965883D-02  0.180624919928D-03
 -0.376442468432D-02  0.236431848234D-02  0.452541953648D-03 -0.474920365652D-01
  0.806772595887D-03  0.715430989466D-02  0.439234173813D-03  0.173364217171D-02
 -0.182323751191D-02 -0.260273832440D-02  0.654612598993D-03  0.662238377964D-01
  0.691627487208D-03 -0.101809154303D-01 -0.559424217965D-02  0.994580186133D-03
  0.160820226849D-02  0.585529318691D-01 -0.682089245414D-02 -0.393636798135D-02
 -0.508253931256D-02  0.351806615002D-02  0.469084399466D-03 -0.320259607606D-02
  0.331874399061D-02 -0.477690788448D-03 -0.139201508650D-03 -0.107361516591D-01
 -0.260085315833D-02  0.127284661378D-02  0.527479933624D-02 -0.302621854600D-03
  0.637822236835D-02 -0.362040019862D-02 -0.522315251225D-02  0.624268231831D-02
  0.354372734803D-03  0.464878068271D-02 -0.222202884533D-02  0.674012778503D-02
 -0.151647259670D-02  0.477507733023D-01  0.176363260784D-02  0.376697247451D-04
  0.315201363637D-01 -0.202182576863D-02  0.367911827225D-02 -0.349315196358D-02
 -0.632060057227D-03 -0.303715109328D-02  0.269263213062D-03 -0.192590318499D-01
 -0.286102393577D-03  0.843554789159D-03 -0.641134077446D-02 -0.552185520927D-03
 -0.156974583285D+00 -0.714363316713D-01  0.515599580016D-02  0.147177716949D-02
  0.116020502350D-01  0.224853972489D+00 -0.422268823624D-02 -0.501824736721D-02
 -0.141421560896D-02  0.962775010107D-03 -0.616398214003D-03  0.332076201113D-03
  0.371927628731D-02  0.353626972107D-02  0.264103656837D-02 -0.280291396702D-02
  0.382078724179D-02  0.850410903556D-04 -0.378709735966D-02  0.786511087661D-03
 -0.200043236107D-02  0.109176102225D-02  0.116266305120D-03  0.627420580310D-03
  0.487991325530D-02  0.522405847189D-02  0.134890871676D-02 -0.785940342177D-02
  0.853472397016D-03  0.428639371557D-02 -0.119526776718D+00 -0.490487220205D-01
 -0.218297631268D-02 -0.352699246822D-03  0.329310546417D-02 -0.446268326837D-01
 -0.277916041842D-03  0.131109701934D-02  0.496175502765D-01  0.446464387083D-02
  0.137568251413D-01 -0.268282810861D-02  0.109027665037D-02 -0.561284465767D-02
 -0.304055121535D-02  0.114952377454D-02 -0.726265972126D-02 -0.211047497908D-02
  0.138030867166D-02  0.256003786498D-02  0.314485611413D+00 -0.285303566845D-03
 -0.133373761095D-02 -0.319730556857D-03  0.268454984134D-02  0.537047216394D-03
  0.192168623750D-02 -0.614919855863D-02  0.201633339428D-02 -0.176898160239D-02
 -0.416288151763D-02  0.390617989055D-02 -0.582030699961D-03  0.218916493780D-02
 -0.633978041087D-03 -0.125803285357D-02 -0.235368187700D-02 -0.117752371143D-02
  0.122161942691D-02 -0.215507788825D-02  0.116090872757D-01  0.478827176614D-03
  0.456179883354D-02  0.372499635587D-02  0.596285491896D-01  0.148430167526D-03
 -0.204344715481D-02 -0.556329545939D-01 -0.104319645479D-02 -0.214712860737D-02
 -0.281906891674D-02  0.364615629423D-03  0.109585915305D-02  0.800473007343D-04
 -0.592919410449D-01 -0.346328156074D-03  0.393951164998D-03 -0.441169807051D-02
  0.772276727670D-03  0.452629564284D-02  0.293842506294D-01  0.156059458744D-02
  0.284583171961D-02 -0.154299674419D-02 -0.539646822013D-02  0.231985579627D-02
  0.291866734369D+00  0.134894221515D-02 -0.840773054589D-03 -0.221179186281D-02
 -0.207350727507D-02  0.490914529713D-03  0.129839800876D-02  0.490988556206D-03
 -0.344076266431D-03  0.756854403569D-02 -0.106212852654D-02  0.134951596462D-02
 -0.691246199695D-02  0.157452150021D-02 -0.203844828530D-03  0.280363312455D-02
 -0.287759709487D-02  0.253267134032D-02 -0.203199987762D-02  0.135267217769D-02
  0.139893142705D-02  0.633432787697D-01  0.330582856631D-02  0.303161745518D-01
 -0.330914509293D-03 -0.782607392003D-03  0.155704467046D-02 -0.471856232076D-03
 -0.214580068735D-02 -0.390833791397D-01 -0.139923750069D-02  0.180871621765D-02
 -0.230907380769D-02 -0.176254671875D-02 -0.193912816245D-02  0.221235794158D-02
  0.852390997700D-04 -0.783857457037D-02  0.572943811088D-03  0.458753085320D-03
 -0.154015708340D-02  0.264085459938D-03  0.731985752312D-03 -0.894686257423D-02
  0.916921843774D-03 -0.107019970672D-03  0.105720664604D-02  0.228290408525D+00
  0.454728357982D-02 -0.369255407054D-03 -0.742996542193D-03  0.243741077670D-02
  0.718450231582D-03  0.637555071626D-02 -0.281471108679D-02 -0.893620911574D-05
  0.425432150459D-03  0.322410236714D-03 -0.396633724632D-02 -0.453430944484D-02
  0.840267256460D-03  0.172169502124D-02  0.874185919071D-03 -0.400376309346D-03
  0.210141231578D-02  0.215424947047D-02 -0.207504948761D-02 -0.321912300005D-02
 -0.106957623859D-02 -0.626982514436D-01 -0.610614014583D-03 -0.982671537842D-03
  0.485241272946D-02  0.335437926637D-02 -0.155700615480D-03  0.571765411883D-02
 -0.703788513855D-03 -0.385946223643D-02 -0.210540058786D-02 -0.130996679032D+00
  0.311260788398D-02 -0.419430989124D-02 -0.373356133185D-01 -0.663013402200D-02
  0.184935602241D-02 -0.140960773703D-02 -0.771816955462D-03 -0.211352296890D-02
  0.284076786519D-01 -0.286601610578D-01  0.168517537262D-02 -0.201789308542D-02
 -0.125599447776D-02 -0.177974733283D-02 -0.288891124740D-02  0.229840124037D+00
  0.274032798777D-02 -0.475810163233D-03 -0.290010474396D-02 -0.190816237697D-02
 -0.308747729177D-02 -0.386084281642D-02  0.138159128446D-02 -0.467664041430D-02
  0.342999307814D-02  0.292133660032D-02  0.237137325227D-03  0.321606069495D-02
  0.316823026624D-03 -0.559562241407D-03 -0.277882617803D-02 -0.216175551228D-02
 -0.375017288048D-03 -0.523195921271D-02 -0.162851791316D-02  0.336031306307D-03
  0.271242240630D-02  0.867579022412D-02  0.133053212146D-02 -0.148671513778D-02
  0.176438387499D-01  0.686336031835D-01  0.146752462855D-02 -0.427019363291D-02
 -0.551599886001D-03 -0.173556851279D-01 -0.150847025617D-02  0.534643410321D-02
 -0.231831342178D-01 -0.181693128211D-02  0.135025641747D-01 -0.134832914519D-02
  0.345306247423D-03 -0.420680987392D-01  0.203544739978D-02 -0.148426913509D-03
 -0.278731470036D-02 -0.231882093039D-02  0.227207933950D-02 -0.142436954155D-02
  0.127690497935D+00  0.162408499249D-02 -0.189456029832D-02 -0.668102910441D-02
  0.376861319897D+00 -0.118230985998D-01 -0.194366564870D-02 -0.453880154488D-02
 -0.281350038117D-02  0.134049257428D-02  0.215283250283D-02  0.368210240843D-02
  0.349794355669D-02  0.349874442792D-02 -0.160682798381D-01  0.634002040317D-02
  0.513568720041D-02 -0.458554329358D-03 -0.134305739320D-02 -0.493602336988D-03
 -0.118627481259D-02  0.594582668705D-04  0.399536725777D-02  0.151653760000D-02
  0.111754841049D-02 -0.830220639957D-02  0.968960655632D-02 -0.295923529959D-02
 -0.382081897264D-02  0.990902085220D-02 -0.315677755963D-02 -0.160248259115D-02
  0.454465129038D-01 -0.903867782876D-02  0.370151502324D-02  0.194104189560D-02
  0.205762632712D-01  0.929029518332D-02  0.872375141330D-02 -0.713776747359D-01
 -0.648056200987D-02 -0.469273466517D-02 -0.331236203026D-02 -0.723653949352D-02
 -0.181943675996D-02  0.361917939777D-01 -0.109423463463D-01 -0.230935092422D-02
  0.110736219930D-01 -0.612543869547D-02 -0.574879376727D-03  0.211607752121D-02
 -0.160231486648D-01 -0.269412327183D-02  0.265858937152D+00 -0.242378824030D-02
  0.138107160058D-02  0.152345850270D-02  0.423297096272D-03  0.184957768219D-02
  0.748639500476D-03 -0.304501552214D-02 -0.411579133925D-03 -0.119870706692D-01
 -0.206530634557D-02 -0.941172016073D-03  0.974265823624D-02  0.202756329618D-03
  0.182357470478D-02  0.280826466431D-02 -0.214422372286D-03  0.173624711208D-02
 -0.396926787401D-02  0.133017581200D-02 -0.137834505153D-02  0.144097589660D+00
  0.189683031848D-03  0.257374229211D-01 -0.393503799661D-02 -0.879868468260D-03
  0.852480179792D-04  0.352720196186D-02  0.138649075049D-02 -0.829711164639D-02
  0.964809852723D-04  0.572655279868D-01  0.309357493007D-02 -0.728759419591D-03
  0.369916860779D-02 -0.209139195731D-02 -0.212381889524D-02  0.609926732520D-01
  0.239292333550D-03 -0.350709061739D-03 -0.640674797677D-03  0.149076785177D-02
  0.153815100217D-03  0.581315773687D-01 -0.210711138210D-02  0.975306501515D-03
 -0.841792505497D-02  0.793911380099D-02 -0.201320412178D-02  0.338189045735D-02
  0.397656992045D-02  0.322330709741D+00 -0.421736932510D-02 -0.426043858962D-03
  0.590108380997D-02  0.106251687258D-02  0.895862550146D-03  0.871064287458D-03
  0.362080146492D-02 -0.199629214810D-02  0.235947503917D-03 -0.166532262278D-02
 -0.167964509424D-02 -0.245688838189D-02  0.187042835894D-02  0.372499893427D-03
 -0.343121533826D-02 -0.135394922145D-02 -0.254645443226D-02 -0.167259403066D-02
 -0.161737799310D-02  0.644662740653D-02 -0.740102512986D-02  0.371331624886D-02
 -0.152563603906D-02 -0.428117037173D-01 -0.497715231832D-02 -0.188336810898D-02
  0.242923856688D-01 -0.186264400828D-02  0.131291355710D-02 -0.433926300363D-02
 -0.317335985080D-02  0.492689482260D-03 -0.171324251342D-02  0.232062908526D-01
  0.284617461524D-02 -0.136984424403D-02 -0.486112492623D-02  0.907545504885D-03
 -0.134897161851D-01 -0.169663987265D-01 -0.177285949230D-03 -0.703818553000D-03
 -0.524580885839D-03  0.279077208740D-01  0.346528810359D-02 -0.111682824232D+00
 -0.379499475971D-03 -0.175404242421D-02  0.817255541387D-03  0.471639681648D-03
 -0.118117046058D-01  0.116312795692D+00  0.179657270592D-01 -0.632242369623D-02
 -0.105649434201D-02  0.629053957661D-02 -0.770956227130D-02  0.445303131115D-02
  0.341119751107D-03 -0.182472391433D-01 -0.992188912843D-02  0.144174325140D-01
 -0.176552487283D-02 -0.128813264019D-01 -0.915778255976D-02 -0.744273618623D-03
 -0.472046935997D-02 -0.497435913478D-02  0.345448306785D-02  0.109763389499D-02
 -0.113439152038D-02 -0.584970378711D-02  0.106981540014D-02  0.130116071016D-01
  0.241333509326D-02 -0.770444077599D-03 -0.510024788317D-01 -0.513751177238D-01
  0.295616911282D-02 -0.328547175357D-02  0.126100697229D-02  0.409721280422D-01
  0.150472083649D-02 -0.231110624065D-02  0.674555403564D-01 -0.190269149178D-01
  0.313629855099D-02  0.322388368380D-02  0.240900753696D-02 -0.627671577689D-02
  0.870970268365D-02  0.164374248083D-02  0.116721641488D-02  0.302342419677D-02
 -0.108980260570D-02 -0.161916725682D-01  0.325353975697D-01 -0.180618368517D-02
 -0.383658396790D-02 -0.927083002547D-03 -0.114585781629D-01 -0.681701911554D-02
  0.173929601663D-02 -0.412794927014D-02  0.294264700516D+00 -0.164239311146D-02
 -0.267098479446D-02  0.603938339224D-03 -0.293109133793D-03  0.352059888221D-02
  0.339347026569D-02 -0.228247710619D-02 -0.948754832429D-02 -0.526030655313D-03
 -0.888615116657D-02  0.882222919081D-02  0.147836281265D-03  0.198318255846D-02
 -0.156148871410D-03  0.624235171380D-03 -0.679005574041D-02 -0.507836529751D-02
  0.351962591537D-02  0.105532032134D-02  0.701079772999D-02 -0.144433545336D-02
  0.685973445924D-02 -0.266132461273D-02  0.499235881620D-02  0.782864488887D-03
  0.109569584162D-02 -0.334236683173D-01 -0.116684718862D-02  0.191803940688D-02
 -0.861439364427D-02 -0.421703748580D-02 -0.552662162042D-02 -0.499260795593D-03
  0.197920845067D-01 -0.417247174432D-03 -0.285071099747D-03  0.287700555785D-02
 -0.785462017922D-03 -0.299869110806D-03  0.169101598255D-01  0.180705036413D-02
  0.108553718443D-02  0.330892196230D-02  0.191468545556D-01  0.384457727289D-02
  0.917598898395D-01  0.574686384005D-02 -0.167565138623D-02 -0.364084935312D-02
  0.110243443669D-01 -0.576723680425D-02 -0.363905598935D-01 -0.215615843084D-01
  0.390362948684D+00  0.199612447968D-02 -0.561868268389D-02 -0.514544981423D-02
 -0.687481488089D-02 -0.634795095067D-03  0.588430569808D-02 -0.236285151302D-02
  0.103271249583D-02 -0.796446570311D-02  0.631214384745D-03 -0.430530826475D-03
  0.793342026131D-02  0.732305115325D-02  0.206803866145D-02  0.784140110174D-02
 -0.268454977858D-02  0.758971404373D-02 -0.821641249549D-02  0.272116683261D-02
  0.421119552130D-02 -0.386064632566D-02  0.129036759709D-02 -0.298862689064D-02
 -0.228222864670D-03 -0.165687979586D-02  0.484874669664D-02 -0.614108612333D-03
 -0.881784703326D-03 -0.407934165262D-01 -0.165163279851D-02  0.552615213899D-01
  0.223055122896D-02 -0.390643822559D-02  0.366572087648D-02 -0.775835447226D-03
  0.173462113915D-02 -0.235737502192D-01  0.185602139975D-02 -0.105356410148D-02
  0.591515082115D-02  0.386984582955D-02 -0.132845163198D-02  0.429760974044D-02
  0.161263878564D-02  0.148779185038D-02  0.821763302681D-02 -0.172100788394D+00
 -0.253071179190D-02  0.144482716263D-02  0.454243477994D-02  0.103327712079D+00
 -0.906564773550D-02 -0.256060279814D-02  0.219169004588D-03  0.329470749074D+00
  0.650329862848D-03 -0.285388985336D-02  0.526387552564D-02 -0.248556082550D-02
 -0.134566089723D-02 -0.606657223449D-02 -0.523217120133D-02 -0.197844486593D-02
  0.279172591679D-02  0.523384511244D-02 -0.676750742235D-02  0.531678029587D-02
 -0.495487121582D-02  0.350086528224D-02  0.285167198508D-02  0.384566719722D-03
 -0.521908835954D-02 -0.536919932257D-02 -0.436257825538D-02 -0.260102253748D-02
  0.551255600019D-02  0.864100249484D-02  0.133335742194D-02 -0.438731494326D-02
 -0.251411196199D-02  0.718348212120D-02  0.721029758683D-03 -0.229534159112D-01
  0.290270973668D-02 -0.279728236928D-02  0.138865666787D-03  0.126151629672D-01
 -0.172393368847D-02 -0.850679189907D-02  0.534547995977D-02  0.215329407589D-01
  0.852710129605D-03  0.370613716635D-02  0.816162922746D-03 -0.157631790628D-03
 -0.118506478518D-01 -0.111845931899D-01  0.109122122024D-02 -0.198578716616D-02
  0.176183249660D-03  0.429803789344D-03 -0.808920905128D-03 -0.314997753638D-01
  0.411231207032D-02 -0.105264534402D+00  0.114424807832D-02  0.210928431667D-02
 -0.375689057920D-02 -0.904852327983D-02  0.368038186493D-02  0.142190224463D+00
  0.781321020819D-02 -0.163470202283D-02  0.175021913680D-02  0.156368417050D-02
 -0.329767991141D-02 -0.110655603313D-02  0.643020444345D-02 -0.482945011096D-02
  0.176054237680D-02  0.149319201235D-01 -0.130290992880D-02 -0.411668543702D-02
  0.205601290980D-03  0.109384141454D-02  0.103310529807D-02  0.737917597146D-02
 -0.204418428136D-02  0.156853144368D-02 -0.100887201265D-02 -0.115612517121D-01
  0.284994857713D-02 -0.811165461817D-02  0.872157632189D-02  0.615716701425D-01
 -0.799244971794D-02 -0.183273238599D-02  0.296121727918D-02  0.215533765565D-02
  0.168465277870D-02  0.642440401536D-02  0.147611333927D-02  0.401946923983D-02
  0.673136447650D-03 -0.352294658740D-01  0.288731136480D-02  0.534885708805D-03
 -0.147180804504D-03  0.240072375630D-03  0.246341385437D-01  0.342034884386D-01
 -0.118941350349D-01 -0.381854656669D-02 -0.397744050358D-02 -0.701573876026D-01
 -0.420854199498D-02 -0.185268918257D-02  0.971279793314D-03  0.135777181106D-02
  0.315376058516D-02 -0.173654577322D-01 -0.309564946895D-02 -0.271269660443D-01
  0.260416676879D-01 -0.368951443852D-01 -0.255743145851D-03  0.121487033716D-03
  0.237042118245D+00  0.652915340317D-02 -0.435015391135D-02 -0.400504049090D-02
 -0.363268418396D-03  0.219080417208D-02  0.296260072299D-02 -0.904614876670D-03
  0.154533859795D-02  0.193300727803D-04  0.728544394520D-04  0.295431218957D-03
 -0.447887272304D-02 -0.273038107753D-02 -0.363048130364D-02 -0.324895071434D-02
 -0.443238219782D-02  0.984429412754D-03  0.785074135628D-03  0.239524119139D-02
  0.146182508075D-02 -0.993981896014D-03  0.827452612005D-02 -0.353153278444D-02
  0.106770624933D-02 -0.281351089159D-01 -0.154150196730D-01 -0.144320644492D-02
 -0.250796704903D-02  0.518413354051D-02 -0.133885802142D-01 -0.543297060998D-02
 -0.416721713731D-02  0.216377754164D-01 -0.107272689662D-02  0.109409739821D-01
 -0.302411738055D-02  0.894100447861D-02 -0.388064583258D-02 -0.653900298288D-03
 -0.991034008883D-03  0.152395562757D-02 -0.395660860992D-02  0.441318019424D-02
 -0.442041766089D-03  0.802346731743D-01  0.400789373693D-02 -0.433583054963D-02
  0.353030176007D-02  0.907791365506D-01  0.104677843952D-01  0.873599943033D-03
 -0.126556717187D-02  0.338034904908D-01 -0.425789887103D-04 -0.107243489269D-01
 -0.106416104175D-01  0.169149851607D-02  0.774605730008D-01 -0.551538194378D-02
 -0.292830364257D-02  0.458252649572D-03 -0.640316831974D-02  0.152629325318D-02
 -0.194747986858D-02 -0.883067513189D-03  0.820722493882D-02 -0.391964144668D-03
 -0.573257573372D-02  0.409653490149D-02 -0.494416924769D-03 -0.969975250893D-03
  0.147341332014D-02  0.266602920164D-02  0.129099181763D-02 -0.501569538485D-02
 -0.156771941004D-02  0.295349560306D-02  0.358868925900D-02  0.130847256206D-02
 -0.751384289400D-01 -0.290596737300D-02 -0.344384815262D-02 -0.748754298338D-03
  0.104013704575D-02 -0.761887521788D-03  0.288159703678D-01  0.122283742095D-02
 -0.249894989385D-03 -0.236777776059D-02  0.112149088756D-01 -0.130443422954D-03
  0.459253821089D-02  0.347061862698D-01 -0.388604526911D-01 -0.238695005224D-02
 -0.690297811236D-04 -0.509636817286D-03 -0.539589259324D-02  0.930596009534D-02
  0.165002486213D-01  0.134158139893D-03  0.696434812671D-02 -0.616704003250D-03
  0.245114993450D-03  0.295847201933D-02  0.424649916112D-01 -0.647507497599D-03
  0.975308216626D-02  0.143177501339D-02  0.196998503322D-02 -0.381201356273D-02
  0.700937781329D-02  0.265385621609D-02 -0.117195678181D+00 -0.617692546391D-02
 -0.382810393295D-02  0.337645986691D+00  0.431055310830D-02  0.436753933508D-02
  0.304069064915D-02  0.290672450008D-02 -0.617818641905D-02 -0.545345478288D-02
  0.252234211884D-03 -0.261402682741D-02  0.153739807278D-02  0.341458250314D-02
  0.110892860440D-02 -0.110865391996D-02 -0.115673297283D-02  0.809910259608D-03
 -0.179110057017D-02 -0.313490861084D-02 -0.410538057767D-02  0.439026140617D-03
 -0.927235848240D-03  0.519237034924D-02 -0.691178592815D-01  0.107666826243D-01
 -0.689077868041D-02 -0.982593421557D-03 -0.512786859905D-03  0.491850733052D-02
 -0.290031011888D-03 -0.587778013251D-02 -0.426196116070D-01 -0.557321588677D-02
  0.658704310177D-02 -0.123933663480D-02 -0.290916562783D-02 -0.158272392143D-02
  0.327231034797D-02  0.231267826499D-02 -0.255638959393D-01  0.376803387030D-02
  0.224037887862D-02 -0.149025819023D-04  0.299721065523D-02  0.647728023978D-03
 -0.241727066481D-01  0.233140525214D-02  0.376633618262D-02  0.388105859749D-02
  0.513322754947D-01 -0.533371564646D-02 -0.500981022402D-02 -0.225048512028D-02
 -0.100706662736D+00  0.641982755177D-02 -0.101628247972D-01 -0.821586132839D-02
  0.395796368405D-01  0.615358366005D-02  0.448723958020D-02 -0.143455706647D-01
  0.471286175593D-02  0.209420666932D+00  0.259143601022D-02  0.703053692541D-03
 -0.523091441439D-03 -0.228044427478D-02  0.570938430303D-03  0.235072528096D-03
  0.271344071369D-02 -0.968679684731D-03  0.146551834215D-01 -0.439187716639D-03
  0.147824663248D-02 -0.134047557601D-01  0.235876860318D-02 -0.220958157980D-02
 -0.169243414476D-02 -0.679750248393D-03  0.198289914376D-02  0.180029273654D-02
 -0.362172509068D-02  0.958953452538D-03  0.920414889040D-01 -0.924607101889D-03
  0.185659801159D-01  0.401951970721D-03  0.245432624856D-02 -0.341804092618D-02
  0.177990568815D-03  0.139203889954D-03  0.262865120759D-01  0.129980430540D-02
  0.256441251526D-01 -0.140560405919D-02  0.137730319597D-02  0.707043439150D-03
 -0.441627900564D-02 -0.137554617239D-02 -0.103099728875D+00 -0.197335166412D-03
  0.970590862322D-03  0.100583873526D-03 -0.187518374960D-02  0.475127552821D-02
  0.298946732521D-01 -0.198299064979D-02  0.269116811533D-02 -0.142363318121D-02
  0.628590538703D-01  0.356851897464D-02  0.150384799976D-02 -0.354498988900D-02
  0.265895048975D-01 -0.210856953682D-02 -0.296353147484D-02 -0.760257226861D-03
 -0.424381795171D-01  0.151209251745D-02  0.289768602388D-02  0.646613988073D-03
 -0.863052968401D-03  0.279438781807D-01  0.301206331242D+00 -0.809393434244D-02
  0.226343026305D-02 -0.245396824336D-02 -0.336786674669D-02  0.298388594470D-02
 -0.252608233085D-02 -0.563336250490D-02  0.107831145834D-01 -0.258436675041D-02
 -0.627101441113D-02  0.280329978265D-02  0.195650112164D-02 -0.254640014594D-02
  0.922807353859D-03 -0.551574087672D-03  0.409430544141D-03  0.588268436336D-02
 -0.262957072669D-03  0.175340299093D-03  0.956763582434D-03 -0.168535863879D-02
 -0.388198752257D-02  0.355451699733D-02 -0.103500270438D-02  0.168547500481D-02
 -0.143555893968D-02  0.142202442444D-01  0.396564516347D-03 -0.345408407451D-02
  0.471248045830D-02 -0.691487708736D-03  0.241993323754D-02  0.938987845240D-03
 -0.747166307295D-02  0.429476247742D-02 -0.257355320414D-02 -0.145329225209D-02
 -0.623661615296D-03  0.109950439141D-01 -0.125917259281D-01 -0.329277828527D-03
 -0.547162055020D-03  0.502123800570D-02  0.647728656325D-01 -0.349793193664D-02
 -0.626683818548D-03 -0.148812075482D-03 -0.740103416551D-03  0.130510051530D-03
 -0.407947892343D-02  0.160263235765D-02  0.495613336363D-01  0.885774237755D-02
  0.388449986436D-01  0.710433934954D-02  0.306736559391D-02 -0.243088521482D-01
  0.377699808508D-02  0.628949639864D-03  0.666781223735D-02 -0.993378149667D-03
  0.461021320582D+00 -0.279350453341D-02  0.676400839862D-02  0.799143359964D-02
  0.411587277625D-02 -0.619672189775D-02 -0.865651744086D-02  0.142720465175D-03
 -0.138009871861D-01  0.798589593474D-02 -0.281583164098D-03 -0.301532896515D-02
  0.933567462892D-02  0.767840285230D-02 -0.776455028234D-02  0.582064367608D-02
 -0.706847402600D-02  0.690132884005D-02 -0.688245607256D-02  0.419936555859D-02
 -0.254759002019D-02  0.412757067393D-02 -0.290000117636D-01  0.419669761676D-03
 -0.657254663390D-02  0.707721668360D-02  0.772793206537D-02  0.480112287942D-02
 -0.127874502766D-02  0.420494527673D-03 -0.329485379370D-02  0.110327407452D-03
  0.113376509156D-01  0.883993951575D-02 -0.131264768401D-01  0.890253660010D-03
  0.788067542973D-02 -0.777280878731D-03  0.908541956183D-02  0.124860224432D-02
 -0.742224683638D-03 -0.110592384090D-01  0.774623965977D-03 -0.209502739324D-02
 -0.319560122480D-02 -0.179126723587D-01 -0.500902332389D-03  0.701469693567D-03
  0.535884224339D-02 -0.176465775942D-01  0.649471716633D-01  0.778492272536D-02
 -0.110421917828D-02 -0.126613877845D-01 -0.125753034723D-01  0.729225941253D-02
  0.666758054623D-01  0.352520307814D-02 -0.208166227399D-02  0.294219298142D-01
  0.380319897334D-03 -0.525373364866D-02 -0.869652177070D-03  0.462373689680D+00
  0.322173299468D-02  0.438612926200D-02  0.408379302703D-02 -0.655945064420D-02
 -0.267745103181D-02  0.102370229709D-01 -0.474622990015D-02  0.148176193278D-01
 -0.121817887730D-01  0.136250633577D-02 -0.249523046562D-03 -0.137894685182D-01
  0.581844515943D-02  0.449807998088D-02  0.824505149471D-02  0.139310615534D-02
 -0.688125890699D-02  0.767677842637D-02  0.511203182294D-02  0.348283724594D-02
 -0.629802200567D-02  0.113119483206D-01 -0.668140170712D-02  0.555793626816D-02
 -0.844755331076D-01 -0.858433578175D-01 -0.256630771041D-02 -0.369185746085D-02
  0.902813975007D-03  0.135251707204D-01 -0.551224870965D-02 -0.656786086642D-02
 -0.299441513409D-01  0.614142185707D-02  0.475461776464D-02  0.371933294198D-02
  0.926089662580D-02  0.161972126243D-01 -0.265653399287D-02  0.146936111585D-03
  0.447806386915D-02 -0.507072846261D-02  0.443615009677D-02  0.140564513599D-02
  0.297936599762D-01  0.643462784475D-02 -0.455042158750D-02  0.504787176037D-02
 -0.103954677754D+00 -0.327823427681D-02 -0.176920855263D-02 -0.489185251304D-02
  0.606805658260D-02  0.627522200893D-02 -0.716997920433D-02 -0.136595694142D-01
  0.881593236045D-04  0.762991168414D-01 -0.306079922977D-04 -0.569727092133D-02
  0.618559319743D-02  0.239210531534D-02 -0.125688532665D-02  0.326827506195D+00
  0.324422042624D-02 -0.174657700720D-01 -0.172815068620D-01 -0.115109941734D-01
  0.364937971353D-02  0.250355298174D-01  0.354428882072D-02 -0.561703706688D-04
  0.307758526856D-02 -0.763470964319D-02  0.193077295333D-02 -0.108540872955D-01
 -0.169823211459D-01  0.669025999806D-02 -0.163044039364D-01  0.695037527345D-02
 -0.122245943114D-01  0.195716615025D-01 -0.874822525216D-02 -0.631099034160D-03
 -0.400763250982D-02  0.132856443174D+00 -0.368364603951D-02  0.649502872497D-02
  0.414813824314D-02 -0.726519881943D-02 -0.364839023862D-02 -0.369736235212D-01
 -0.424432590732D-02  0.189927832680D-02 -0.404576862539D-02 -0.656610099273D-03
  0.135729560255D-02  0.118884207394D-01 -0.444371294504D-02  0.907336651332D-02
 -0.211245264143D-02 -0.573511967089D-02 -0.406665072493D-02 -0.882237105386D-04
  0.267611865497D-01  0.815685797269D-01  0.290367280503D-02  0.253607992070D-02
 -0.366507347961D-02 -0.149086607383D-02  0.127799219587D-03 -0.474860871793D-01
 -0.445562673780D-02 -0.777497546504D-02 -0.106847438519D-01 -0.122808139592D-02
  0.122081176780D-01  0.995259931223D-02 -0.800326439126D-02 -0.144739148998D-01
 -0.203123273613D-02  0.132940265590D-01 -0.271188409720D-01 -0.156512152049D-02
  0.118285966353D-01 -0.840900003583D-02  0.131806485324D-01  0.999432094770D-03
  0.482385963037D+00 -0.384611797346D-02 -0.140026912635D-01 -0.158254752660D-01
  0.128769096818D-01 -0.568377987391D-02 -0.184340107525D-01 -0.495447607683D-02
  0.886030382636D-02  0.156333205398D-02 -0.140006823439D-01  0.443410123664D-03
  0.566496518679D-02  0.135653718343D-01 -0.300827006216D-05  0.169365223672D-01
  0.582683659410D-02 -0.996114414323D-02  0.130440732801D-01 -0.165938208330D-04
 -0.904030809974D-03 -0.418338268117D-02 -0.933046256053D-03 -0.655514601994D-02
 -0.525658834331D-01  0.612974748148D-02  0.395359243844D-02  0.156631511052D-01
  0.408626211559D-03 -0.136473695849D-02  0.137282347906D-01 -0.154298171462D-02
 -0.201839353757D-02  0.345124386552D-02 -0.611562235972D-01  0.410696443829D-02
 -0.784951357393D-03 -0.808764683594D-03  0.509595007120D-03 -0.461668933486D-03
 -0.186395120047D-01  0.231174521501D-02  0.921038707733D-03  0.217906002038D-03
  0.180814854409D-01 -0.677351824421D-02 -0.982320922617D-01  0.763154235145D-03
 -0.212063206416D-02 -0.614787671191D-02  0.348282433159D-02 -0.270657293308D-02
 -0.476561282648D-01 -0.134374365625D-02 -0.305463051085D-01  0.225618294114D-03
 -0.255622233365D-02 -0.323021517685D-01 -0.439429042894D-02  0.646191094548D-02
  0.350802095055D-02  0.607465452412D-02  0.128471927456D-01 -0.178986836340D-02
 -0.429847487123D-03 -0.769850780307D-02  0.380518474562D+00
$end
