$hessian (projected)
 1  1   0.1184464201  -0.0250551234   0.1168254412  -0.1149732008   0.0224705380
 1  2  -0.1079510115  -0.0091109559   0.0052376996  -0.0298978354   0.0011970586
 1  3  -0.0005293931   0.0004319269  -0.0059827869   0.0010881260   0.0012034509
 1  4  -0.0006588054   0.0003094622  -0.0015561741  -0.0009165604  -0.0000786378
 1  5   0.0008490308   0.0000921930  -0.0001302896  -0.0001164317  -0.0012481386
 1  6   0.0003807180   0.0034627456   0.0004159778  -0.0001156786   0.0009457728
 1  7   0.0117815977  -0.0031896187   0.0164885213   0.0009048919  -0.0003699366
 1  8  -0.0007426087   0.0000056912  -0.0001038185   0.0000625662  -0.0000138869
 1  9  -0.0000035867  -0.0000016491  -0.0000117150   0.0000840073  -0.0000804688
 1 10  -0.0000422520   0.0000250668   0.0000040797   0.0000247327   0.0000276686
 1 11   0.0000107858   0.0000242458  -0.0000266865   0.0000127324   0.0000224902
 1 12  -0.0000153625  -0.0000245850   0.0000170047   0.0000081013   0.0000055210
 1 13  -0.0000257898  -0.0000050116  -0.0000007912   0.0000400865  -0.0000295525
 1 14   0.0000283566  -0.0000000506   0.0000071626   0.0000201178   0.0000117522
 1 15   0.0000141458   0.0000205066
 2  1  -0.0250551234   0.0340077459  -0.0468030349   0.0222590610  -0.0437590310
 2  2   0.0425146114   0.0008893654   0.0021228311   0.0029859960  -0.0003601879
 2  3  -0.0037464994  -0.0007518644   0.0013623239   0.0072935534   0.0005596292
 2  4   0.0000489846   0.0001583636   0.0001952139  -0.0002061966  -0.0007622877
 2  5  -0.0002419756  -0.0001276088  -0.0013109729  -0.0001546151   0.0002780161
 2  6   0.0074410633   0.0010932207   0.0000937513   0.0002350422   0.0000941073
 2  7   0.0012198761   0.0020032175   0.0010249272  -0.0004960772  -0.0037317529
 2  8  -0.0005737752  -0.0000265066  -0.0000891379   0.0000665969   0.0000124717
 2  9   0.0000087958  -0.0000114548   0.0000492181   0.0000975325  -0.0000489070
 2 10  -0.0000772397   0.0000113386   0.0000234781  -0.0000503726   0.0000901620
 2 11   0.0000329961   0.0000203935  -0.0000273311   0.0000710070   0.0000594207
 2 12  -0.0000574815  -0.0000577838   0.0000160281  -0.0000025314   0.0000106831
 2 13   0.0000103816   0.0000187074  -0.0000467129   0.0000747630  -0.0000081818
 2 14  -0.0000077182  -0.0000089430   0.0000101877   0.0000165379   0.0000142006
 2 15  -0.0000033336   0.0000088373
 3  1   0.1168254412  -0.0468030349   0.2853016274  -0.1079679768   0.0423419122
 3  2  -0.2689231874   0.0015261300  -0.0001041100   0.0023402010  -0.0005089608
 3  3  -0.0005837570   0.0007149610   0.0001628070   0.0007350110   0.0019896556
 3  4   0.0001623223   0.0000133920  -0.0000235913   0.0008101007  -0.0002254911
 3  5   0.0003023998  -0.0001106641  -0.0001626840  -0.0000534528   0.0046124551
 3  6   0.0009420761  -0.0027084010  -0.0007880580   0.0002466132  -0.0011151227
 3  7  -0.0150204031   0.0042953439  -0.0188830146   0.0002451712  -0.0006964180
 3  8   0.0010290193  -0.0000253219  -0.0000575206   0.0000601620   0.0000092113
 3  9   0.0000097351  -0.0000048418   0.0000224826   0.0000518324  -0.0000373137
 3 10  -0.0000620862   0.0000017917  -0.0000000824  -0.0000899985   0.0000558380
 3 11   0.0000367386   0.0000379730  -0.0000334862   0.0000516833   0.0000480977
 3 12  -0.0000547836  -0.0000766782   0.0000097920   0.0000054997   0.0000087817
 3 13   0.0000210268   0.0000133854  -0.0000734865   0.0000676236  -0.0000319731
 3 14   0.0000220371  -0.0000076540   0.0000320076   0.0000312094   0.0000204888
 3 15   0.0000088200   0.0000106963
 4  1  -0.1149732008   0.0222590610  -0.1079679768   0.6711569177  -0.0545078589
 4  2   0.0211033615  -0.3314986499   0.0220257648   0.0243186026  -0.0120619312
 4  3   0.0018931758  -0.0028067131  -0.0216928006   0.0123196430  -0.0760214201
 4  4   0.0010074672   0.0009463534  -0.0019562792  -0.0516250812   0.0013267947
 4  5   0.0267646954  -0.0008971658  -0.0002360383   0.0008447565   0.0613606014
 4  6  -0.0087730917   0.0273603245  -0.0004753890   0.0012976218  -0.0041705518
 4  7  -0.1869510234   0.0036779689   0.0644249518  -0.0132251885  -0.0019832216
 4  8   0.0278865882   0.0000141156   0.0001063160  -0.0000530911   0.0000171187
 4  9  -0.0000120278   0.0000115751  -0.0000176739  -0.0003472980   0.0001210232
 4 10   0.0003272985   0.0001580348   0.0002307646   0.0001070280  -0.0001482497
 4 11   0.0000706694  -0.0000829540  -0.0001026069  -0.0004103997   0.0000343369
 4 12   0.0000198687  -0.0000025542   0.0000067130   0.0000131868  -0.0000101130
 4 13  -0.0001509694   0.0003042039   0.0000986032  -0.0004386227  -0.0003535354
 4 14   0.0001011616   0.0000186817   0.0000416055  -0.0000054030   0.0000403719
 4 15   0.0000743291   0.0000674245
 5  1   0.0224705380  -0.0437590310   0.0423419122  -0.0545078589   0.1471015995
 5  2  -0.0799775943   0.0308345165  -0.0642260133   0.0063230265  -0.0026874341
 5  3   0.0029433373   0.0000292688   0.0069972344   0.0059028937   0.0050236476
 5  4   0.0008541416   0.0070452856   0.0018530963   0.0010723245  -0.0075326164
 5  5  -0.0018644722  -0.0000884490  -0.0007824250  -0.0002277534  -0.0031929535
 5  6   0.0055308166   0.0055577077   0.0011579291   0.0073314580   0.0018333969
 5  7  -0.0046199051  -0.0612872689   0.0224735573   0.0019591577   0.0022913103
 5  8  -0.0031913082   0.0000189242   0.0001073194  -0.0000475352  -0.0000097956
 5  9  -0.0000010459   0.0000096241  -0.0005745578  -0.0005953481  -0.0001102354
 5 10   0.0005760112  -0.0000466924   0.0001847952   0.0000875411  -0.0004541369
 5 11   0.0000234406  -0.0000486839   0.0000810525  -0.0003134637  -0.0001733807
 5 12   0.0000408639  -0.0000455550  -0.0000217200   0.0000101662  -0.0000113584
 5 13   0.0002536967   0.0002663971   0.0000390608  -0.0003534110   0.0001158907
 5 14   0.0001561196   0.0000258979  -0.0000761770  -0.0000276542  -0.0000297632
 5 15  -0.0000076361  -0.0000317237
 6  1  -0.1079510115   0.0425146114  -0.2689231874   0.0211033615  -0.0799775943
 6  2   0.7077401767  -0.0384976291   0.0129757022  -0.1259837481   0.0286384358
 6  3  -0.0030936791   0.0046325736  -0.0328626031  -0.0001785326   0.0279343021
 6  4  -0.0030038494   0.0021064710  -0.0048234062   0.0274702680  -0.0017226469
 6  5  -0.0136381297   0.0008361777  -0.0002422270   0.0002774686  -0.0163030091
 6  6   0.0097727264  -0.0571709724  -0.0030306931   0.0017049371  -0.0033284415
 6  7   0.1268585999   0.0157711638  -0.2725779954  -0.0036005016  -0.0001045141
 6  8   0.0057685365   0.0000347046   0.0000143261  -0.0000523726   0.0000003664
 6  9  -0.0000474684   0.0000151057   0.0001835789   0.0002192202   0.0003862641
 6 10  -0.0001649418   0.0000261541  -0.0001040173  -0.0000276365   0.0001802624
 6 11  -0.0000937355   0.0000384901   0.0000889581   0.0000925434   0.0000932968
 6 12  -0.0001821991   0.0000937097   0.0000095136  -0.0000063728  -0.0000192127
 6 13   0.0001297249   0.0000338011  -0.0001068393   0.0001012812   0.0001558813
 6 14  -0.0001345170  -0.0000843251  -0.0000011442  -0.0000061177   0.0000284008
 6 15  -0.0000078363   0.0000220125
 7  1  -0.0091109559   0.0008893654   0.0015261300  -0.3314986499   0.0308345165
 7  2  -0.0384976291   0.6797961976  -0.0436282404  -0.0389332821  -0.1405536408
 7  3  -0.0092065323   0.1252357254  -0.1699513688   0.0159298647  -0.0508725909
 7  4  -0.0105453486   0.0051565586  -0.0294075047   0.0623627005  -0.0034572530
 7  5  -0.0163861861  -0.0012619756   0.0002629024   0.0045682219  -0.0456010510
 7  6   0.0075137706  -0.0297364875  -0.0007164170   0.0001269743  -0.0009359135
 7  7  -0.0331118106  -0.0050300774   0.0705590083   0.0004390676   0.0002686608
 7  8   0.0026819165   0.0000609806  -0.0000518668   0.0000124566  -0.0000683921
 7  9  -0.0000484950   0.0000250304  -0.0001674219  -0.0001963187  -0.0000029665
 7 10  -0.0000234013  -0.0002894053  -0.0000211951   0.0003144103   0.0002569867
 7 11  -0.0000301158  -0.0000649112   0.0001752381   0.0000216604  -0.0002035620
 7 12   0.0001178785   0.0000815967   0.0000349250   0.0000298698  -0.0000123438
 7 13   0.0000954894   0.0001209488  -0.0000373666  -0.0001500407   0.0002541520
 7 14   0.0001278139  -0.0000493156  -0.0000393317   0.0000133292  -0.0000255079
 7 15   0.0000098335   0.0000206926
 8  1   0.0052376996   0.0021228311  -0.0001041100   0.0220257648  -0.0642260133
 8  2   0.0129757022  -0.0436282404   0.1485417945  -0.0758666058  -0.0087858257
 8  3  -0.0383713841   0.0195679347   0.0249248666  -0.0680431385   0.0357263119
 8  4   0.0008129426   0.0025758144   0.0022919176  -0.0087196189   0.0067472548
 8  5   0.0102993716   0.0003148921   0.0073436128   0.0009314652   0.0074837235
 8  6  -0.0094787082   0.0037502145   0.0001199733  -0.0008157882  -0.0000426707
 8  7   0.0001017012   0.0086833727  -0.0103405991   0.0001598308   0.0073223487
 8  8   0.0013059711  -0.0000094526   0.0001129609  -0.0000325363   0.0000305284
 8  9   0.0000713513   0.0000162222  -0.0003142816  -0.0005732783  -0.0000559471
 8 10  -0.0000492663  -0.0006350644  -0.0000361441  -0.0002978663  -0.0013749655
 8 11  -0.0008820120   0.0001390089   0.0001745833   0.0001763385   0.0000142728
 8 12   0.0001662213   0.0000688770  -0.0000183445  -0.0000150469  -0.0000018931
 8 13   0.0001228219  -0.0005942289   0.0002296435   0.0003034676   0.0002635725
 8 14   0.0000341519   0.0000364274  -0.0000170246  -0.0000249774  -0.0000050252
 8 15   0.0000189225   0.0000133735
 9  1  -0.0298978354   0.0029859960   0.0023402010   0.0243186026   0.0063230265
 9  2  -0.1259837481  -0.0389332821  -0.0758666058   0.7054416369   0.1255253656
 9  3   0.0203625762  -0.2513907036  -0.1144717949   0.0410515455  -0.2876273384
 9  4   0.0021237397  -0.0003619593   0.0036103463   0.0268696492   0.0050198744
 9  5  -0.0568686127   0.0035001361   0.0011257093  -0.0027578343  -0.0291192496
 9  6   0.0041417211  -0.0180674757  -0.0009424136  -0.0000108625   0.0001720414
 9  7   0.0271270014  -0.0061613326   0.0358773853   0.0037977494   0.0011486526
 9  8  -0.0044353571  -0.0000629519   0.0000747963  -0.0000080718   0.0001007637
 9  9   0.0001475686  -0.0000878788  -0.0002012732  -0.0002357649   0.0000389577
 9 10   0.0000619762  -0.0001432883   0.0000435158   0.0001382320   0.0002764916
 9 11   0.0003810592   0.0000267342   0.0000161911   0.0001734011  -0.0000045929
 9 12  -0.0000638466  -0.0000278572   0.0000050351  -0.0000070144   0.0000203531
 9 13  -0.0000344875   0.0002301506  -0.0006701753   0.0000960732   0.0000424613
 9 14  -0.0001046311  -0.0000225518  -0.0000489561   0.0000042771  -0.0000006255
 9 15  -0.0000471306  -0.0000734908
10  1   0.0011970586  -0.0003601879  -0.0005089608  -0.0120619312  -0.0026874341
10  2   0.0286384358  -0.1405536408  -0.0087858257   0.1255253656   0.1461298056
10  3   0.0088140572  -0.1356629072   0.0117139323   0.0011684715  -0.0135594425
10  4   0.0008704914  -0.0004904368   0.0005765915  -0.0005107337   0.0010353761
10  5  -0.0030739469   0.0004183710   0.0000593373  -0.0007977736  -0.0006833435
10  6   0.0001226189  -0.0009239511   0.0000756293  -0.0001193106   0.0000901782
10  7  -0.0057276783   0.0013723238  -0.0017339734  -0.0008018437  -0.0000710674
10  8   0.0014921498  -0.0000372011   0.0001027715  -0.0000503869   0.0000084684
10  9  -0.0000033404   0.0000208096   0.0000446519  -0.0000938525  -0.0000085163
10 10   0.0000726754  -0.0001056971  -0.0000432932  -0.0001052206  -0.0000334725
10 11   0.0001148062   0.0000043724   0.0000725104   0.0000424318   0.0000090303
10 12  -0.0000239018   0.0000158675  -0.0000236296  -0.0000192629  -0.0000177669
10 13  -0.0000489927   0.0000361020  -0.0000222996   0.0000183097   0.0000260013
10 14  -0.0000835214  -0.0000085991  -0.0000068354  -0.0000221999   0.0000000180
10 15  -0.0000089445  -0.0000076963
11  1  -0.0005293931  -0.0037464994  -0.0005837570   0.0018931758   0.0029433373
11  2  -0.0030936791  -0.0092065323  -0.0383713841   0.0203625762   0.0088140572
11  3   0.0278214439  -0.0227028608  -0.0032851867   0.0026338558   0.0041240132
11  4  -0.0003227362  -0.0038530088  -0.0006966514   0.0012193435   0.0070505799
11  5   0.0016043499  -0.0001244908   0.0001798989   0.0002283946   0.0001117543
11  6  -0.0006436021   0.0000273883  -0.0001454840  -0.0012915420  -0.0001843225
11  7   0.0013733621   0.0069603869   0.0009526170   0.0001466890   0.0002612277
11  8  -0.0001251877   0.0000384607  -0.0000979166   0.0000374679  -0.0000375146
11  9  -0.0000539982   0.0000121671   0.0000919898  -0.0000215497   0.0000264115
11 10  -0.0000797994   0.0000773791   0.0000949389   0.0001331331   0.0001731872
11 11   0.0000140728  -0.0000918872   0.0000881040  -0.0001122941  -0.0000298301
11 12  -0.0000224671  -0.0000069300   0.0000279761  -0.0000036507   0.0000076846
11 13  -0.0000389339  -0.0000164290  -0.0000486871   0.0000415134  -0.0000751674
11 14  -0.0000011822  -0.0000067633  -0.0000023557   0.0000314488   0.0000070966
11 15   0.0000101698   0.0000320211
12  1   0.0004319269  -0.0007518644   0.0007149610  -0.0028067131   0.0000292688
12  2   0.0046325736   0.1252357254   0.0195679347  -0.2513907036  -0.1356629072
12  3  -0.0227028608   0.2660345161   0.0179716257   0.0015240670  -0.0187424442
12  4  -0.0003345850  -0.0007047369   0.0010532740  -0.0040754394   0.0018740730
12  5  -0.0033425668   0.0009323120   0.0000863356  -0.0011200702  -0.0009366149
12  6  -0.0000278120   0.0001476039   0.0000881855  -0.0002011965  -0.0000380143
12  7  -0.0006233440   0.0009177644   0.0018319998  -0.0002351503   0.0000513355
12  8   0.0000978057   0.0000044089  -0.0000425641   0.0000098427  -0.0000200608
12  9  -0.0000651444   0.0000263920   0.0001589263   0.0001377351   0.0001466663
12 10  -0.0001016534   0.0001896024   0.0001396346   0.0000863667   0.0000340216
12 11  -0.0001256825  -0.0000777020   0.0000811736  -0.0001524152  -0.0000348249
12 12   0.0000257284   0.0000067651  -0.0000066423  -0.0000189582  -0.0000049262
12 13   0.0000132562  -0.0000244334   0.0000036219  -0.0000049477  -0.0000272300
12 14  -0.0000064796  -0.0000222446   0.0000313683   0.0000466704   0.0000200960
12 15   0.0000163922   0.0000309755
13  1  -0.0059827869   0.0013623239   0.0001628070  -0.0216928006   0.0069972344
13  2  -0.0328626031  -0.1699513688   0.0249248666  -0.1144717949   0.0117139323
13  3  -0.0032851867   0.0179716257   0.7315789734  -0.0507647296  -0.0018596379
13  4  -0.3321105781   0.0246195334  -0.0107275850  -0.1873938316  -0.0053058015
13  5   0.1265851178   0.0118411343   0.0011388963  -0.0150876449  -0.0330389628
13  6   0.0005697877   0.0272790958  -0.0057860398   0.0012977263  -0.0006159294
13  7   0.0004221841  -0.0010613873   0.0036360359   0.0007417952  -0.0002557233
13  8   0.0000874270  -0.0000620777   0.0000666675  -0.0000190851   0.0000285715
13  9   0.0000106479   0.0000092479  -0.0001255468   0.0001440871   0.0000188108
13 10   0.0000807911   0.0000318457   0.0001197266  -0.0003876991  -0.0000595490
13 11  -0.0003932557  -0.0000559908  -0.0001835290   0.0000538095  -0.0000067502
13 12   0.0000024298   0.0000002768  -0.0001534275  -0.0001194266   0.0000042770
13 13   0.0003153727  -0.0002988981   0.0001381250   0.0001058605   0.0000842556
13 14  -0.0000257742  -0.0001055129   0.0001342547   0.0000871161   0.0000247584
13 15  -0.0000503256  -0.0000901888
14  1   0.0010881260   0.0072935534   0.0007350110   0.0123196430   0.0059028937
14  2  -0.0001785326   0.0159298647  -0.0680431385   0.0410515455   0.0011684715
14  3   0.0026338558   0.0015240670  -0.0507647296   0.1471975219  -0.0690238848
14  4   0.0255990714  -0.0385123241   0.0039810236   0.0027192459  -0.0625765418
14  5   0.0160598027  -0.0029430735   0.0023821106   0.0040655795  -0.0059860099
14  6   0.0086232407  -0.0062913734   0.0014689108   0.0072644936   0.0008233042
14  7  -0.0006532540  -0.0091382348   0.0073837760  -0.0001538555  -0.0007755929
14  8   0.0000564880  -0.0000000022   0.0000100013   0.0000099854  -0.0000105166
14  9  -0.0000122923   0.0000029918   0.0002155359   0.0002340212  -0.0001610368
14 10  -0.0000526664   0.0002305412  -0.0001415435  -0.0000575858  -0.0004750925
14 11  -0.0002511569  -0.0000665494  -0.0007255139  -0.0001698898   0.0000288030
14 12  -0.0000393163  -0.0000163337   0.0000462548   0.0001011880  -0.0000008237
14 13   0.0002580459  -0.0013832232   0.0002733341  -0.0001477818  -0.0004553599
14 14   0.0001774859  -0.0000335506   0.0001731967   0.0000339719   0.0000276022
14 15   0.0000900121   0.0000562087
15  1   0.0012034509   0.0005596292   0.0019896556  -0.0760214201   0.0050236476
15  2   0.0279343021  -0.0508725909   0.0357263119  -0.2876273384  -0.0135594425
15  3   0.0041240132  -0.0187424442  -0.0018596379  -0.0690238848   0.6548156501
15  4  -0.0107385932   0.0040134776  -0.0593694037   0.0635537548   0.0223408770
15  5  -0.2715854693   0.0164207394   0.0011297594  -0.0189045474   0.0703602026
15  6  -0.0111556748   0.0357015819  -0.0017150575   0.0010335806   0.0018835213
15  7   0.0031675340   0.0072238388  -0.0644035002   0.0000989022  -0.0000010315
15  8  -0.0013260873  -0.0000121167   0.0000508080  -0.0000337736  -0.0000234752
15  9  -0.0000325470   0.0000208207   0.0000488669  -0.0000842809  -0.0000993332
15 10   0.0001034695  -0.0000226051  -0.0000806694  -0.0003946901  -0.0002500370
15 11  -0.0003332631   0.0000430538   0.0001140201   0.0000235347   0.0000488405
15 12   0.0000530750  -0.0000320372  -0.0000224122  -0.0000127734  -0.0000285140
15 13  -0.0000298422  -0.0008842443   0.0003817162   0.0000731445   0.0000275176
15 14  -0.0000935188   0.0001160021   0.0000143412  -0.0001271646   0.0000113171
15 15   0.0000321815   0.0000362816
16  1  -0.0006588054   0.0000489846   0.0001623223   0.0010074672   0.0008541416
16  2  -0.0030038494  -0.0105453486   0.0008129426   0.0021237397   0.0008704914
16  3  -0.0003227362  -0.0003345850  -0.3321105781   0.0255990714  -0.0107385932
16  4   0.3532696225  -0.0279677543   0.0115795633  -0.0130446240   0.0017202075
16  5  -0.0035511426   0.0009031769  -0.0003650361   0.0002413559   0.0004365981
16  6   0.0000064991   0.0036952066  -0.0007852313   0.0001318641  -0.0002264633
16  7   0.0007303100  -0.0001274573   0.0000683657  -0.0000862282  -0.0000835837
16  8  -0.0000209864   0.0000081812  -0.0000252574   0.0000214868   0.0000021072
16  9   0.0000003134   0.0000071439   0.0000317625   0.0000206651   0.0000124390
16 10  -0.0000716767   0.0000405768  -0.0001151346  -0.0000071696   0.0000285134
16 11   0.0000479940   0.0001301852  -0.0002381214  -0.0000794525   0.0000392396
16 12  -0.0000405245   0.0000059502   0.0000172698   0.0000363564   0.0000035869
16 13  -0.0002026993   0.0000138179  -0.0000040759   0.0000345781  -0.0001730932
16 14   0.0000918124   0.0000089050  -0.0000297974  -0.0000349043   0.0000224663
16 15   0.0000594079   0.0000482203
17  1   0.0003094622   0.0001583636   0.0000133920   0.0009463534   0.0070452856
17  2   0.0021064710   0.0051565586   0.0025758144  -0.0003619593  -0.0004904368
17  3  -0.0038530088  -0.0007047369   0.0246195334  -0.0385123241   0.0040134776
17  4  -0.0279677543   0.0278990430  -0.0051849232  -0.0020533220   0.0028842143
17  5  -0.0001058609  -0.0003374930  -0.0037900653  -0.0006532846   0.0003678461
17  6   0.0070798678   0.0010820132  -0.0000769060   0.0002671329   0.0000345015
17  7  -0.0002485925  -0.0006557804   0.0000157344  -0.0001107776  -0.0012979698
17  8  -0.0001855467  -0.0000218584   0.0000260405  -0.0000272616   0.0000070433
17  9  -0.0000091452  -0.0000206235   0.0000218083  -0.0000680867  -0.0000360131
17 10   0.0000514606   0.0000674195   0.0002010925   0.0000029684  -0.0000392529
17 11   0.0000531335  -0.0001833488   0.0001418929   0.0000452425  -0.0000405275
17 12   0.0000175362  -0.0000073014  -0.0000507782  -0.0000656641  -0.0000024792
17 13   0.0001180208   0.0001671756  -0.0000642417   0.0000199130   0.0000416094
17 14  -0.0001813757  -0.0000237710  -0.0000224895   0.0000257650  -0.0000154016
17 15  -0.0000576092  -0.0000552152
18  1  -0.0015561741   0.0001952139  -0.0000235913  -0.0019562792   0.0018530963
18  2  -0.0048234062  -0.0294075047   0.0022919176   0.0036103463   0.0005765915
18  3  -0.0006966514   0.0010532740  -0.0107275850   0.0039810236  -0.0593694037
18  4   0.0115795633  -0.0051849232   0.0584732189   0.0280145296  -0.0027931114
18  5   0.0056669923  -0.0007221516  -0.0005694515   0.0010449551   0.0026512568
18  6   0.0012651170  -0.0044391108   0.0015023850  -0.0001388728   0.0000765028
18  7   0.0000588427   0.0000777117  -0.0012939332  -0.0000283245  -0.0001955841
18  8   0.0001310211  -0.0000052874   0.0000009362   0.0000068207   0.0000073926
18  9   0.0000338466  -0.0000298638  -0.0000696727  -0.0000038834  -0.0000468059
18 10  -0.0000085128  -0.0000508310  -0.0000433672   0.0000002131  -0.0000165369
18 11  -0.0000311625  -0.0000039043  -0.0000100627   0.0000338148   0.0000059868
18 12  -0.0000071942  -0.0000191595   0.0000185928   0.0000092609   0.0000266827
18 13   0.0000806694   0.0000690552  -0.0000277450  -0.0000020576  -0.0000456871
18 14   0.0000934345   0.0000159924  -0.0000068095   0.0000068288  -0.0000245622
18 15  -0.0000575798  -0.0000763430
19  1  -0.0009165604  -0.0002061966   0.0008101007  -0.0516250812   0.0010723245
19  2   0.0274702680   0.0623627005  -0.0087196189   0.0268696492  -0.0005107337
19  3   0.0012193435  -0.0040754394  -0.1873938316   0.0027192459   0.0635537548
19  4  -0.0130446240  -0.0020533220   0.0280145296   0.6729388249  -0.0528709417
19  5   0.0224498251  -0.1154852747   0.0208572360  -0.1086196724  -0.3324598581
19  6   0.0233373087   0.0239104481  -0.0119191351   0.0017792624  -0.0026747006
19  7  -0.0225529853   0.0126170371  -0.0758635906   0.0010621175   0.0009254746
19  8  -0.0019274751  -0.0000057424   0.0000495135   0.0000064003  -0.0000061659
19  9   0.0000171549   0.0000074415  -0.0003998903  -0.0002290868   0.0001105445
19 10   0.0001665654  -0.0001834768   0.0002189974  -0.0001264775   0.0002175926
19 11   0.0000499954   0.0000179264   0.0001440681  -0.0004115719   0.0000316700
19 12   0.0000215688  -0.0000702309   0.0000173383   0.0000395706   0.0000058636
19 13  -0.0001671415  -0.0003189912  -0.0002015085  -0.0000159684  -0.0005748443
19 14   0.0001832213   0.0000445276   0.0000904639   0.0001604381  -0.0000122003
19 15   0.0000493134   0.0000227118
20  1  -0.0000786378  -0.0007622877  -0.0002254911   0.0013267947  -0.0075326164
20  2  -0.0017226469  -0.0034572530   0.0067472548   0.0050198744   0.0010353761
20  3   0.0070505799   0.0018740730  -0.0053058015  -0.0625765418   0.0223408770
20  4   0.0017202075   0.0028842143  -0.0027931114  -0.0528709417   0.1458183139
20  5  -0.0764858095   0.0211714898  -0.0429425079   0.0396234328   0.0315486722
20  6  -0.0621555828   0.0062302460  -0.0023745290   0.0023036761  -0.0000738005
20  7   0.0064647278   0.0046204848   0.0043163310   0.0010185811   0.0073348490
20  8   0.0018510625   0.0000047176  -0.0000061165   0.0000162863   0.0000080354
20  9   0.0000017017   0.0000233091  -0.0002294289   0.0000795236   0.0001800241
20 10   0.0002243330  -0.0000326451   0.0002225146   0.0001462133   0.0002331768
20 11  -0.0000852754   0.0002018361   0.0001377619  -0.0004850019   0.0000209796
20 12  -0.0000687745  -0.0000041622  -0.0000193226  -0.0000188260  -0.0000025952
20 13  -0.0001965142  -0.0005939438  -0.0002304490  -0.0003480557  -0.0005952166
20 14   0.0002191214  -0.0000952956  -0.0000235523   0.0001397373   0.0000838158
20 15   0.0000970745   0.0000514536
21  1   0.0008490308  -0.0002419756   0.0003023998   0.0267646954  -0.0018644722
21  2  -0.0136381297  -0.0163861861   0.0102993716  -0.0568686127  -0.0030739469
21  3   0.0016043499  -0.0033425668   0.1265851178   0.0160598027  -0.2715854693
21  4  -0.0035511426  -0.0001058609   0.0056669923   0.0224498251  -0.0764858095
21  5   0.7075071524  -0.1086072986   0.0395992301  -0.2695135940  -0.0385107437
21  6   0.0128148166  -0.1257305419   0.0287724009  -0.0032884923   0.0044306099
21  7  -0.0323490512  -0.0001672978   0.0274466232  -0.0030685791   0.0020844123
21  8  -0.0048576858   0.0000175493  -0.0000749737   0.0000675979  -0.0000214554
21  9   0.0000018055  -0.0000013828   0.0001108990   0.0001803244  -0.0001782562
21 10  -0.0001032036   0.0000791398  -0.0001251655   0.0000197193  -0.0001623088
21 11  -0.0000985429   0.0000579027  -0.0001275277   0.0000007532   0.0000121164
21 12  -0.0000356917  -0.0000469341   0.0000046041   0.0000203003   0.0000307307
21 13  -0.0000032069  -0.0000533978   0.0000367308   0.0001204536  -0.0001116301
21 14   0.0003863452  -0.0000085448   0.0000254612   0.0001483123  -0.0000809554
21 15  -0.0000495764  -0.0000373658
22  1   0.0000921930  -0.0001276088  -0.0001106641  -0.0008971658  -0.0000884490
22  2   0.0008361777  -0.0012619756   0.0003148921   0.0035001361   0.0004183710
22  3  -0.0001244908   0.0009323120   0.0118411343  -0.0029430735   0.0164207394
22  4   0.0009031769  -0.0003374930  -0.0007221516  -0.1154852747   0.0211714898
22  5  -0.1086072986   0.1190575829  -0.0236358172   0.1175432141  -0.0092439112
22  6   0.0048257430  -0.0299472308   0.0011886718  -0.0005093628   0.0004571247
22  7  -0.0059279242   0.0011340404   0.0012661735  -0.0006679938   0.0003078033
22  8  -0.0015559888  -0.0000075732   0.0000012792   0.0000044350   0.0000048845
22  9  -0.0000001783  -0.0000018325  -0.0000051340   0.0000045578   0.0000174444
22 10   0.0000125147  -0.0000008458   0.0000304984  -0.0000622508  -0.0000000923
22 11  -0.0000121200  -0.0000001678   0.0000166463  -0.0000050849   0.0000082224
22 12  -0.0000219257  -0.0000053508  -0.0000105238  -0.0000092671   0.0000085211
22 13   0.0000611534  -0.0000089992  -0.0000634153   0.0000139811   0.0000191157
22 14   0.0000354509  -0.0000373946   0.0000386136   0.0000043167   0.0000054036
22 15  -0.0000265779  -0.0000254065
23  1  -0.0001302896  -0.0013109729  -0.0001626840  -0.0002360383  -0.0007824250
23  2  -0.0002422270   0.0002629024   0.0073436128   0.0011257093   0.0000593373
23  3   0.0001798989   0.0000863356   0.0011388963   0.0023821106   0.0011297594
23  4  -0.0003650361  -0.0037900653  -0.0005694515   0.0208572360  -0.0429425079
23  5   0.0395992301  -0.0236358172   0.0331548778  -0.0438500858   0.0009417636
23  6   0.0017527321   0.0028600146  -0.0004254133  -0.0037672301  -0.0006387219
23  7   0.0014085288   0.0074696904   0.0005788463   0.0000708600   0.0002262953
23  8   0.0001771662   0.0000013284   0.0000125157  -0.0000240278   0.0000018877
23  9   0.0000073713  -0.0000240071   0.0000497410  -0.0000053447  -0.0000746435
23 10  -0.0000488935  -0.0000040455  -0.0000845026   0.0000673773   0.0000101927
23 11   0.0000513642  -0.0000669900  -0.0000002574   0.0000723960  -0.0000253265
23 12   0.0000262121   0.0000010289   0.0000203302   0.0000063175  -0.0000017634
23 13  -0.0000531724   0.0001125655   0.0000766277   0.0001067311   0.0001065102
23 14   0.0000139634   0.0001039210  -0.0000989767  -0.0000430360  -0.0001038642
23 15  -0.0000890775  -0.0000572910
24  1  -0.0001164317  -0.0001546151  -0.0000534528   0.0008447565  -0.0002277534
24  2   0.0002774686   0.0045682219   0.0009314652  -0.0027578343  -0.0007977736
24  3   0.0002283946  -0.0011200702  -0.0150876449   0.0040655795  -0.0189045474
24  4   0.0002413559  -0.0006532846   0.0010449551  -0.1086196724   0.0396234328
24  5  -0.2695135940   0.1175432141  -0.0438500858   0.2858465458   0.0016266993
24  6  -0.0001416575   0.0023657459  -0.0005407821  -0.0005239586   0.0007509549
24  7   0.0001445129   0.0006956214   0.0020065240   0.0001742880   0.0000111111
24  8  -0.0000216726   0.0000044020  -0.0000240131   0.0000200562  -0.0000049843
24  9  -0.0000140402   0.0000123275   0.0000059994   0.0000163865   0.0000679491
24 10   0.0000080046   0.0000177650   0.0000492342  -0.0000197698   0.0000099118
24 11  -0.0000336788   0.0000268096  -0.0000089639  -0.0000467126   0.0000216514
24 12  -0.0000273756   0.0000068408   0.0000050275   0.0000020800  -0.0000065665
24 13   0.0000132752  -0.0000328698  -0.0000084689  -0.0000530356  -0.0000476707
24 14  -0.0000523749  -0.0000509923   0.0000378815   0.0000101965   0.0000628684
24 15   0.0000666588   0.0000601743
25  1  -0.0012481386   0.0002780161   0.0046124551   0.0613606014  -0.0031929535
25  2  -0.0163030091  -0.0456010510   0.0074837235  -0.0291192496  -0.0006833435
25  3   0.0001117543  -0.0009366149  -0.0330389628  -0.0059860099   0.0703602026
25  4   0.0004365981   0.0003678461   0.0026512568  -0.3324598581   0.0315486722
25  5  -0.0385107437  -0.0092439112   0.0009417636   0.0016266993   0.6783959194
25  6  -0.0478848752  -0.0389528176  -0.1392550292  -0.0063011544   0.1242742780
25  7  -0.1681775379   0.0172583173  -0.0504399149  -0.0105655627   0.0050600953
25  8  -0.0292641294   0.0000122213  -0.0000489332   0.0000080601   0.0000043762
25  9   0.0000321356  -0.0000272695   0.0001680197   0.0002233383  -0.0001037287
25 10  -0.0003750734  -0.0000597769  -0.0004165650   0.0000807348  -0.0000530837
25 11   0.0001028365  -0.0000960629  -0.0002037423   0.0007049188  -0.0000725624
25 12   0.0000521887  -0.0000078395   0.0000319334   0.0000153991   0.0000063293
25 13  -0.0000295350  -0.0000584173   0.0000632480   0.0003273490   0.0005746895
25 14  -0.0001642827   0.0000712933  -0.0000820542  -0.0001022862  -0.0000424181
25 15  -0.0000769389  -0.0000618337
26  1   0.0003807180   0.0074410633   0.0009420761  -0.0087730917   0.0055308166
26  2   0.0097727264   0.0075137706  -0.0094787082   0.0041417211   0.0001226189
26  3  -0.0006436021  -0.0000278120   0.0005697877   0.0086232407  -0.0111556748
26  4   0.0000064991   0.0070798678   0.0012651170   0.0233373087  -0.0621555828
26  5   0.0128148166   0.0048257430   0.0017527321  -0.0001416575  -0.0478848752
26  6   0.1412689568  -0.0716924830  -0.0062543407  -0.0362510095   0.0163316659
26  7   0.0256690822  -0.0638833613   0.0349678835   0.0008743229   0.0011745514
26  8   0.0025293214  -0.0000005853  -0.0000044258   0.0000178697  -0.0000022048
26  9   0.0000028209   0.0000091442  -0.0001825414  -0.0000332767   0.0000771448
26 10  -0.0000623030  -0.0000675330   0.0001124296   0.0000298503   0.0002323640
26 11  -0.0000206660   0.0000445814  -0.0000264844   0.0000207202   0.0000408830
26 12   0.0000677421  -0.0000502957  -0.0000291860  -0.0000082722   0.0000092362
26 13  -0.0002984840  -0.0006544674  -0.0001421005   0.0001596716  -0.0000471700
26 14   0.0000263194  -0.0001122532   0.0000688107   0.0001910029   0.0000250281
26 15   0.0000109271   0.0000014946
27  1   0.0034627456   0.0010932207  -0.0027084010   0.0273603245   0.0055577077
27  2  -0.0571709724  -0.0297364875   0.0037502145  -0.0180674757  -0.0009239511
27  3   0.0000273883   0.0001476039   0.0272790958  -0.0062913734   0.0357015819
27  4   0.0036952066   0.0010820132  -0.0044391108   0.0239104481   0.0062302460
27  5  -0.1257305419  -0.0299472308   0.0028600146   0.0023657459  -0.0389528176
27  6  -0.0716924830   0.7018450700   0.1243282524   0.0165226091  -0.2510951279
27  7  -0.1125623801   0.0409676413  -0.2846968450   0.0022238973  -0.0005471154
27  8   0.0037276360   0.0000304113  -0.0000848105   0.0000490937  -0.0000283302
27  9  -0.0000073785   0.0000180495   0.0002196111   0.0002213924  -0.0001272032
27 10  -0.0004157441   0.0001126896  -0.0001562806   0.0001199052  -0.0001431851
27 11  -0.0000820482  -0.0000958290  -0.0001260430   0.0003709077  -0.0001160637
27 12   0.0002029143  -0.0000432959  -0.0000181000  -0.0000033750   0.0000114416
27 13  -0.0000215569  -0.0000357706   0.0000434136   0.0002296797   0.0001856706
27 14  -0.0001033717  -0.0000446583   0.0000946191   0.0001403080   0.0000035719
27 15   0.0000231932  -0.0000001774
28  1   0.0004159778   0.0000937513  -0.0007880580  -0.0004753890   0.0011579291
28  2  -0.0030306931  -0.0007164170   0.0001199733  -0.0009424136   0.0000756293
28  3  -0.0001454840   0.0000881855  -0.0057860398   0.0014689108  -0.0017150575
28  4  -0.0007852313  -0.0000769060   0.0015023850  -0.0119191351  -0.0023745290
28  5   0.0287724009   0.0011886718  -0.0004254133  -0.0005407821  -0.1392550292
28  6  -0.0062543407   0.1243282524   0.1447421641   0.0061514965  -0.1347573713
28  7   0.0116450618   0.0008219300  -0.0135363835   0.0008591126  -0.0005337642
28  8   0.0006032418   0.0000048915   0.0000019099  -0.0000050822   0.0000029746
28  9   0.0000090483  -0.0000027704  -0.0000059272   0.0000078480  -0.0000215989
28 10   0.0000048273  -0.0000021121  -0.0000280789   0.0000290162  -0.0000105500
28 11  -0.0000240059   0.0000178333  -0.0000258250   0.0000004341   0.0000020624
28 12   0.0000071036   0.0000075038   0.0000130353   0.0000134999  -0.0000009643
28 13  -0.0000691059   0.0000306387   0.0001018776   0.0000167991  -0.0000096932
28 14   0.0000000110   0.0000082182  -0.0000379885  -0.0000204130  -0.0000140008
28 15   0.0000125666   0.0000093805
29  1  -0.0001156786   0.0002350422   0.0002466132   0.0012976218   0.0073314580
29  2   0.0017049371   0.0001269743  -0.0008157882  -0.0000108625  -0.0001193106
29  3  -0.0012915420  -0.0002011965   0.0012977263   0.0072644936   0.0010335806
29  4   0.0001318641   0.0002671329  -0.0001388728   0.0017792624   0.0023036761
29  5  -0.0032884923  -0.0005093628  -0.0037672301  -0.0005239586  -0.0063011544
29  6  -0.0362510095   0.0165226091   0.0061514965   0.0268889643  -0.0185475331
29  7  -0.0033726418   0.0014091776   0.0038762460  -0.0003930814  -0.0035959138
29  8  -0.0006727291  -0.0000002059   0.0000073515  -0.0000140494   0.0000090492
29  9   0.0000054583  -0.0000066859   0.0000165957   0.0000021695   0.0000022872
29 10   0.0000320196   0.0000032176  -0.0000070739   0.0000105803  -0.0000119964
29 11  -0.0000324764   0.0000137842  -0.0000007904  -0.0000139624   0.0000002721
29 12  -0.0000093548   0.0000341143   0.0000119043   0.0000006588  -0.0000076392
29 13  -0.0000484343   0.0000709856   0.0001489441  -0.0000120955  -0.0000007138
29 14  -0.0000479182  -0.0000037169  -0.0000542189  -0.0000656723  -0.0000034685
29 15   0.0000087719   0.0000097908
30  1   0.0009457728   0.0000941073  -0.0011151227  -0.0041705518   0.0018333969
30  2  -0.0033284415  -0.0009359135  -0.0000426707   0.0001720414   0.0000901782
30  3  -0.0001843225  -0.0000380143  -0.0006159294   0.0008233042   0.0018835213
30  4  -0.0002264633   0.0000345015   0.0000765028  -0.0026747006  -0.0000738005
30  5   0.0044306099   0.0004571247  -0.0006387219   0.0007509549   0.1242742780
30  6   0.0163316659  -0.2510951279  -0.1347573713  -0.0185475331   0.2659251886
30  7   0.0179749165   0.0009493151  -0.0187171640  -0.0003885901  -0.0005966196
30  8   0.0010591526  -0.0000018312  -0.0000240814   0.0000123316  -0.0000027932
30  9  -0.0000066875  -0.0000011443   0.0000074688   0.0000233221  -0.0000014757
30 10  -0.0000273279   0.0000089642   0.0000180468   0.0000092773   0.0000030114
30 11   0.0000210183  -0.0000192437   0.0000126373   0.0000231198   0.0000071726
30 12  -0.0000206509  -0.0000301332  -0.0000014453  -0.0000061654   0.0000054178
30 13   0.0000250439   0.0000165551  -0.0000886890   0.0000115228   0.0000096514
30 14   0.0000156022   0.0000211396   0.0000122988   0.0000266761  -0.0000017336
30 15  -0.0000114776  -0.0000048714
31  1   0.0117815977   0.0012198761  -0.0150204031  -0.1869510234  -0.0046199051
31  2   0.1268585999  -0.0331118106   0.0001017012   0.0271270014  -0.0057276783
31  3   0.0013733621  -0.0006233440   0.0004221841  -0.0006532540   0.0031675340
31  4   0.0007303100  -0.0002485925   0.0000588427  -0.0225529853   0.0064647278
31  5  -0.0323490512  -0.0059279242   0.0014085288   0.0001445129  -0.1681775379
31  6   0.0256690822  -0.1125623801   0.0116450618  -0.0033726418   0.0179749165
31  7   0.7269283069  -0.0567429970  -0.0044819161  -0.3291058962   0.0295597433
31  8  -0.0102651416  -0.0000000872  -0.0000672092   0.0000265578   0.0000175856
31  9   0.0000138895  -0.0000191815   0.0000175005   0.0002010218   0.0000581047
31 10  -0.0000969672   0.0000454892  -0.0000961993  -0.0000577477  -0.0000695827
31 11   0.0000434488   0.0001153722  -0.0001347792  -0.0000624911   0.0001297417
31 12  -0.0001873545  -0.0000034044   0.0000429558   0.0000224553  -0.0000003653
31 13  -0.0000670755   0.0001363113   0.0000271841  -0.0000825863  -0.0000482097
31 14   0.0000373707   0.0000043803  -0.0000918798  -0.0000781443   0.0000243235
31 15   0.0000202169   0.0000379484
32  1  -0.0031896187   0.0020032175   0.0042953439   0.0036779689  -0.0612872689
32  2   0.0157711638  -0.0050300774   0.0086833727  -0.0061613326   0.0013723238
32  3   0.0069603869   0.0009177644  -0.0010613873  -0.0091382348   0.0072238388
32  4  -0.0001274573  -0.0006557804   0.0000777117   0.0126170371   0.0046204848
32  5  -0.0001672978   0.0011340404   0.0074696904   0.0006956214   0.0172583173
32  6  -0.0638833613   0.0409676413   0.0008219300   0.0014091776   0.0009493151
32  7  -0.0567429970   0.1420913545  -0.0689127159   0.0298141082  -0.0380398030
32  8   0.0042142236   0.0000165757  -0.0000002920  -0.0000088519  -0.0000260517
32  9  -0.0000008774   0.0000127441   0.0001435531   0.0001369461  -0.0001307063
32 10  -0.0002039936  -0.0000266396  -0.0001263647  -0.0001892160  -0.0007406650
32 11   0.0001158085  -0.0001363823  -0.0000488077   0.0001184137  -0.0002451767
32 12   0.0001327976  -0.0000097767  -0.0000172451   0.0000008844   0.0000038456
32 13   0.0001704762   0.0001713505   0.0000170897  -0.0001028545   0.0000799644
32 14   0.0000888846   0.0000731472   0.0000891218   0.0000812398  -0.0000270204
32 15  -0.0000270192  -0.0000336040
33  1   0.0164885213   0.0010249272  -0.0188830146   0.0644249518   0.0224735573
33  2  -0.2725779954   0.0705590083  -0.0103405991   0.0358773853  -0.0017339734
33  3   0.0009526170   0.0018319998   0.0036360359   0.0073837760  -0.0644035002
33  4   0.0000683657   0.0000157344  -0.0012939332  -0.0758635906   0.0043163310
33  5   0.0274466232   0.0012661735   0.0005788463   0.0020065240  -0.0504399149
33  6   0.0349678835  -0.2846968450  -0.0135363835   0.0038762460  -0.0187171640
33  7  -0.0044819161  -0.0689127159   0.6529155091  -0.0102495167   0.0042596096
33  8  -0.0593371897  -0.0000057114   0.0000719784  -0.0000464149   0.0000002531
33  9  -0.0000138679   0.0000229331  -0.0004132956  -0.0004833348   0.0000018195
33 10   0.0007055901   0.0000189214   0.0003705941   0.0000578800  -0.0001654496
33 11   0.0000231736  -0.0000617811   0.0001180974  -0.0007175783  -0.0000796487
33 12   0.0000435225   0.0000340732  -0.0000059666  -0.0000079758  -0.0000225349
33 13   0.0000214521   0.0001790579   0.0001744648  -0.0004110229  -0.0003138292
33 14   0.0000935601   0.0000421205  -0.0001143820  -0.0001546080   0.0000123692
33 15   0.0000710485   0.0000521186
34  1   0.0009048919  -0.0004960772   0.0002451712  -0.0132251885   0.0019591577
34  2  -0.0036005016   0.0004390676   0.0001598308   0.0037977494  -0.0008018437
34  3   0.0001466890  -0.0002351503   0.0007417952  -0.0001538555   0.0000989022
34  4  -0.0000862282  -0.0001107776  -0.0000283245   0.0010621175   0.0010185811
34  5  -0.0030685791  -0.0006679938   0.0000708600   0.0001742880  -0.0105655627
34  6   0.0008743229   0.0022238973   0.0008591126  -0.0003930814  -0.0003885901
34  7  -0.3291058962   0.0298141082  -0.0102495167   0.3504463230  -0.0328664128
34  8   0.0110323316  -0.0000106017   0.0000202513   0.0000051402   0.0000130672
34  9   0.0000118631  -0.0000014118   0.0000179425  -0.0000193199   0.0000047853
34 10   0.0000320086  -0.0000289839  -0.0000180526  -0.0001547237   0.0000465230
34 11  -0.0000225843   0.0000430038  -0.0000169816  -0.0000059197   0.0000173192
34 12  -0.0000513572   0.0000185736   0.0000060912   0.0000106116   0.0000001427
34 13   0.0000353322  -0.0000185154   0.0000045544   0.0000066537  -0.0000216991
34 14   0.0000097103  -0.0000237787   0.0000282448  -0.0000064631   0.0000170910
34 15   0.0000160182   0.0000098474
35  1  -0.0003699366  -0.0037317529  -0.0006964180  -0.0019832216   0.0022913103
35  2  -0.0001045141   0.0002686608   0.0073223487   0.0011486526  -0.0000710674
35  3   0.0002612277   0.0000513355  -0.0002557233  -0.0007755929  -0.0000010315
35  4  -0.0000835837  -0.0012979698  -0.0001955841   0.0009254746   0.0073348490
35  5   0.0020844123   0.0003078033   0.0002262953   0.0000111111   0.0050600953
35  6   0.0011745514  -0.0005471154  -0.0005337642  -0.0035959138  -0.0005966196
35  7   0.0295597433  -0.0380398030   0.0042596096  -0.0328664128   0.0288232905
35  8  -0.0053881755  -0.0000092863   0.0000063625   0.0000021046   0.0000135411
35  9   0.0000006049  -0.0000061785   0.0000400321  -0.0000187156   0.0000206685
35 10   0.0000153496  -0.0000084784  -0.0000035486  -0.0001197980   0.0001019457
35 11  -0.0000127275   0.0000225054   0.0000006779  -0.0000080469   0.0000365588
35 12  -0.0000660497   0.0000092579   0.0000106233   0.0000022084  -0.0000003276
35 13   0.0000302455  -0.0000152826  -0.0000072298   0.0000133289   0.0000101179
35 14  -0.0000062620  -0.0000193603  -0.0000036951  -0.0000188889   0.0000081924
35 15  -0.0000025363   0.0000055161
36  1  -0.0007426087  -0.0005737752   0.0010290193   0.0278865882  -0.0031913082
36  2   0.0057685365   0.0026819165   0.0013059711  -0.0044353571   0.0014921498
36  3  -0.0001251877   0.0000978057   0.0000874270   0.0000564880  -0.0013260873
36  4  -0.0000209864  -0.0001855467   0.0001310211  -0.0019274751   0.0018510625
36  5  -0.0048576858  -0.0015559888   0.0001771662  -0.0000216726  -0.0292641294
36  6   0.0025293214   0.0037276360   0.0006032418  -0.0006727291   0.0010591526
36  7  -0.0102651416   0.0042142236  -0.0593371897   0.0110323316  -0.0053881755
36  8   0.0581460265   0.0000084401  -0.0000016783  -0.0000065853  -0.0000009634
36  9  -0.0000075657   0.0000053566   0.0000058815  -0.0000025586   0.0000307800
36 10   0.0000061936   0.0000090805   0.0000112135   0.0000042875  -0.0000006755
36 11  -0.0000285803  -0.0000002054   0.0000037473  -0.0000225837   0.0000035759
36 12  -0.0000024943   0.0000269068   0.0000000977  -0.0000003184  -0.0000027189
36 13  -0.0000121871  -0.0000020703   0.0000204251  -0.0000100333  -0.0000114426
36 14  -0.0000192550  -0.0000179013   0.0000077698  -0.0000049515   0.0000054892
36 15   0.0000106960   0.0000087873
37  1   0.0000056912  -0.0000265066  -0.0000253219   0.0000141156   0.0000189242
37  2   0.0000347046   0.0000609806  -0.0000094526  -0.0000629519  -0.0000372011
37  3   0.0000384607   0.0000044089  -0.0000620777  -0.0000000022  -0.0000121167
37  4   0.0000081812  -0.0000218584  -0.0000052874  -0.0000057424   0.0000047176
37  5   0.0000175493  -0.0000075732   0.0000013284   0.0000044020   0.0000122213
37  6  -0.0000005853   0.0000304113   0.0000048915  -0.0000002059  -0.0000018312
37  7  -0.0000000872   0.0000165757  -0.0000057114  -0.0000106017  -0.0000092863
37  8   0.0000084401   0.1192041844  -0.0236922326   0.1176463645   0.0011905633
37  9  -0.0005018210   0.0004574053  -0.1156191287   0.0212331472  -0.1087023461
37 10  -0.0092607748   0.0048546302  -0.0299439015   0.0118460806  -0.0029508195
37 11   0.0164079038  -0.0059322781   0.0011095997   0.0012691899   0.0009041777
37 12  -0.0003287883  -0.0007218814  -0.0006690013   0.0003086897  -0.0015555898
37 13  -0.0012614958   0.0002952506   0.0034976650  -0.0008961679  -0.0000892767
37 14   0.0008375147   0.0004184830  -0.0001252304   0.0009316185   0.0000925596
37 15  -0.0001252581  -0.0001106386
38  1  -0.0001038185  -0.0000891379  -0.0000575206   0.0001063160   0.0001073194
38  2   0.0000143261  -0.0000518668   0.0001129609   0.0000747963   0.0001027715
38  3  -0.0000979166  -0.0000425641   0.0000666675   0.0000100013   0.0000508080
38  4  -0.0000252574   0.0000260405   0.0000009362   0.0000495135  -0.0000061165
38  5  -0.0000749737   0.0000012792   0.0000125157  -0.0000240131  -0.0000489332
38  6  -0.0000044258  -0.0000848105   0.0000019099   0.0000073515  -0.0000240814
38  7  -0.0000672092  -0.0000002920   0.0000719784   0.0000202513   0.0000063625
38  8  -0.0000016783  -0.0236922326   0.0331993069  -0.0440475091  -0.0004166247
38  9  -0.0037649240  -0.0006446925   0.0209176643  -0.0429891148   0.0397736049
38 10   0.0009253320   0.0017587798   0.0028098617   0.0011796972   0.0023768989
38 11   0.0011912930   0.0013845406   0.0074691943   0.0005879224  -0.0003577318
38 12  -0.0037880325  -0.0005775545   0.0000691747   0.0002269574   0.0001749897
38 13   0.0002410329   0.0073377890   0.0011434723  -0.0002354183  -0.0007791351
38 14  -0.0002395940   0.0000609170   0.0001793196   0.0000898046  -0.0001279752
38 15  -0.0013117025  -0.0001648019
39  1   0.0000625662   0.0000665969   0.0000601620  -0.0000530911  -0.0000475352
39  2  -0.0000523726   0.0000124566  -0.0000325363  -0.0000080718  -0.0000503869
39  3   0.0000374679   0.0000098427  -0.0000190851   0.0000099854  -0.0000337736
39  4   0.0000214868  -0.0000272616   0.0000068207   0.0000064003   0.0000162863
39  5   0.0000675979   0.0000044350  -0.0000240278   0.0000200562   0.0000080601
39  6   0.0000178697   0.0000490937  -0.0000050822  -0.0000140494   0.0000123316
39  7   0.0000265578  -0.0000088519  -0.0000464149   0.0000051402   0.0000021046
39  8  -0.0000065853   0.1176463645  -0.0440475091   0.2856955975  -0.0005407111
39  9  -0.0005315454   0.0007492098  -0.1087163306   0.0397939751  -0.2693762505
39 10   0.0016318610  -0.0001403311   0.0023764983  -0.0151015081   0.0040767268
39 11  -0.0188992314   0.0001469176   0.0007037646   0.0020076901   0.0002418632
39 12  -0.0006605042   0.0010435532   0.0001745082   0.0000115985  -0.0000210758
39 13   0.0045666881   0.0009533054  -0.0027575466   0.0008457113  -0.0002278622
39 14   0.0002765260  -0.0007983865   0.0002289518  -0.0011197895  -0.0001164352
39 15  -0.0001566184  -0.0000538674
40  1  -0.0000138869   0.0000124717   0.0000092113   0.0000171187  -0.0000097956
40  2   0.0000003664  -0.0000683921   0.0000305284   0.0001007637   0.0000084684
40  3  -0.0000375146  -0.0000200608   0.0000285715  -0.0000105166  -0.0000234752
40  4   0.0000021072   0.0000070433   0.0000073926  -0.0000061659   0.0000080354
40  5  -0.0000214554   0.0000048845   0.0000018877  -0.0000049843   0.0000043762
40  6  -0.0000022048  -0.0000283302   0.0000029746   0.0000090492  -0.0000027932
40  7   0.0000175856  -0.0000260517   0.0000002531   0.0000130672   0.0000135411
40  8  -0.0000009634   0.0011905633  -0.0004166247  -0.0005407111   0.1446680900
40  9   0.0065516666  -0.1347094741  -0.0119119697  -0.0024425473   0.0287802359
40 10  -0.1391849591  -0.0066147105   0.1242858077  -0.0057915548   0.0014502879
40 11  -0.0017128854   0.0116503035   0.0008597016  -0.0135501156  -0.0007849253
40 12  -0.0000807243   0.0015026463   0.0008606941  -0.0005272462   0.0006036738
40 13  -0.0007177244   0.0001213628  -0.0009423890  -0.0004813650   0.0011504872
40 14  -0.0030322552   0.0000760941  -0.0001432636   0.0000883230   0.0004160444
40 15   0.0000951373  -0.0007887806
41  1  -0.0000035867   0.0000087958   0.0000097351  -0.0000120278  -0.0000010459
41  2  -0.0000474684  -0.0000484950   0.0000713513   0.0001475686  -0.0000033404
41  3  -0.0000539982  -0.0000651444   0.0000106479  -0.0000122923  -0.0000325470
41  4   0.0000003134  -0.0000091452   0.0000338466   0.0000171549   0.0000017017
41  5   0.0000018055  -0.0000001783   0.0000073713  -0.0000140402   0.0000321356
41  6   0.0000028209  -0.0000073785   0.0000090483   0.0000054583  -0.0000066875
41  7   0.0000138895  -0.0000008774  -0.0000138679   0.0000118631   0.0000006049
41  8  -0.0000075657  -0.0005018210  -0.0037649240  -0.0005315454   0.0065516666
41  9   0.0269582176  -0.0191433607   0.0017610052   0.0023066029  -0.0032413077
41 10  -0.0066618440  -0.0363137094   0.0170613002   0.0012741844   0.0072663199
41 11   0.0010364291  -0.0033846468   0.0013968565   0.0038874861   0.0001302997
41 12   0.0002670447  -0.0001358906  -0.0003852687  -0.0035950564  -0.0006787113
41 13   0.0001301396  -0.0008151968  -0.0000136307   0.0012923265   0.0073294260
41 14   0.0017164622  -0.0001168770  -0.0012912107  -0.0002030451  -0.0001165887
41 15   0.0002348845   0.0002475576
42  1  -0.0000016491  -0.0000114548  -0.0000048418   0.0000115751   0.0000096241
42  2   0.0000151057   0.0000250304   0.0000162222  -0.0000878788   0.0000208096
42  3   0.0000121671   0.0000263920   0.0000092479   0.0000029918   0.0000208207
42  4   0.0000071439  -0.0000206235  -0.0000298638   0.0000074415   0.0000233091
42  5  -0.0000013828  -0.0000018325  -0.0000240071   0.0000123275  -0.0000272695
42  6   0.0000091442   0.0000180495  -0.0000027704  -0.0000066859  -0.0000011443
42  7  -0.0000191815   0.0000127441   0.0000229331  -0.0000014118  -0.0000061785
42  8   0.0000053566   0.0004574053  -0.0006446925   0.0007492098  -0.1347094741
42  9  -0.0191433607   0.2659643011  -0.0026676689  -0.0000807050   0.0044196692
42 10   0.1242319598   0.0168734461  -0.2511329042  -0.0006134879   0.0008293835
42 11   0.0018861870   0.0179610740   0.0010090764  -0.0187137027  -0.0002260785
42 12   0.0000345492   0.0000760593  -0.0003881906  -0.0006041050   0.0010573441
42 13  -0.0009354790  -0.0000454995   0.0001725792  -0.0041724965   0.0018430058
42 14  -0.0033212419   0.0000903125  -0.0001859720  -0.0000386660   0.0009449903
42 15   0.0000976207  -0.0011147083
43  1  -0.0000117150   0.0000492181   0.0000224826  -0.0000176739  -0.0005745578
43  2   0.0001835789  -0.0001674219  -0.0003142816  -0.0002012732   0.0000446519
43  3   0.0000919898   0.0001589263  -0.0001255468   0.0002155359   0.0000488669
43  4   0.0000317625   0.0000218083  -0.0000696727  -0.0003998903  -0.0002294289
43  5   0.0001108990  -0.0000051340   0.0000497410   0.0000059994   0.0001680197
43  6  -0.0001825414   0.0002196111  -0.0000059272   0.0000165957   0.0000074688
43  7   0.0000175005   0.0001435531  -0.0004132956   0.0000179425   0.0000400321
43  8   0.0000058815  -0.1156191287   0.0209176643  -0.1087163306  -0.0119119697
43  9   0.0017610052  -0.0026676689   0.6732102160  -0.0520576807   0.0225053323
43 10  -0.3326069447   0.0228424794   0.0239865706  -0.1873632203   0.0024176044
43 11   0.0635223688  -0.0226187904   0.0126876755  -0.0758407817  -0.0130369292
43 12  -0.0021186023   0.0280224369   0.0010577724   0.0009182348  -0.0019307213
43 13   0.0623890662  -0.0086591153   0.0268207845  -0.0516153135   0.0009588249
43 14   0.0274859884  -0.0005162386   0.0012116631  -0.0040776579  -0.0009150876
43 15  -0.0002074176   0.0008102059
44  1   0.0000840073   0.0000975325   0.0000518324  -0.0003472980  -0.0005953481
44  2   0.0002192202  -0.0001963187  -0.0005732783  -0.0002357649  -0.0000938525
44  3  -0.0000215497   0.0001377351   0.0001440871   0.0002340212  -0.0000842809
44  4   0.0000206651  -0.0000680867  -0.0000038834  -0.0002290868   0.0000795236
44  5   0.0001803244   0.0000045578  -0.0000053447   0.0000163865   0.0002233383
44  6  -0.0000332767   0.0002213924   0.0000078480   0.0000021695   0.0000233221
44  7   0.0002010218   0.0001369461  -0.0004833348  -0.0000193199  -0.0000187156
44  8  -0.0000025586   0.0212331472  -0.0429891148   0.0397939751  -0.0024425473
44  9   0.0023066029  -0.0000807050  -0.0520576807   0.1458665040  -0.0772945763
44 10   0.0311444314  -0.0621023759   0.0063542977  -0.0056941365  -0.0626761848
44 11   0.0227498281   0.0064827920   0.0046469182   0.0041666385   0.0017002501
44 12   0.0028918476  -0.0027515525   0.0010136758   0.0073344970   0.0018663627
44 13  -0.0033337557   0.0067203484   0.0051765112   0.0012072950  -0.0075172088
44 14  -0.0016783649   0.0010275273   0.0070480624   0.0018833565  -0.0000806481
44 15  -0.0007644892  -0.0002261617
45  1  -0.0000804688  -0.0000489070  -0.0000373137   0.0001210232  -0.0001102354
45  2   0.0003862641  -0.0000029665  -0.0000559471   0.0000389577  -0.0000085163
45  3   0.0000264115   0.0001466663   0.0000188108  -0.0001610368  -0.0000993332
45  4   0.0000124390  -0.0000360131  -0.0000468059   0.0001105445   0.0001800241
45  5  -0.0001782562   0.0000174444  -0.0000746435   0.0000679491  -0.0001037287
45  6   0.0000771448  -0.0001272032  -0.0000215989   0.0000022872  -0.0000014757
45  7   0.0000581047  -0.0001307063   0.0000018195   0.0000047853   0.0000206685
45  8   0.0000307800  -0.1087023461   0.0397736049  -0.2693762505   0.0287802359
45  9  -0.0032413077   0.0044196692   0.0225053323  -0.0772945763   0.7073296316
45 10  -0.0384353392   0.0128306521  -0.1256996424   0.1265544628   0.0165871878
45 11  -0.2716008606  -0.0323272831  -0.0002485797   0.0274842299  -0.0035442212
45 12  -0.0001159944   0.0056572463  -0.0030723004   0.0020957389  -0.0048502672
45 13  -0.0164387364   0.0103634923  -0.0568555046   0.0267802577  -0.0018136068
45 14  -0.0136566939  -0.0030753233   0.0016161839  -0.0033352205   0.0008493882
45 15  -0.0002418418   0.0003016139
46  1  -0.0000422520  -0.0000772397  -0.0000620862   0.0003272985   0.0005760112
46  2  -0.0001649418  -0.0000234013  -0.0000492663   0.0000619762   0.0000726754
46  3  -0.0000797994  -0.0001016534   0.0000807911  -0.0000526664   0.0001034695
46  4  -0.0000716767   0.0000514606  -0.0000085128   0.0001665654   0.0002243330
46  5  -0.0001032036   0.0000125147  -0.0000488935   0.0000080046  -0.0003750734
46  6  -0.0000623030  -0.0004157441   0.0000048273   0.0000320196  -0.0000273279
46  7  -0.0000969672  -0.0002039936   0.0007055901   0.0000320086   0.0000153496
46  8   0.0000061936  -0.0092607748   0.0009253320   0.0016318610  -0.1391849591
46  9  -0.0066618440   0.1242319598  -0.3326069447   0.0311444314  -0.0384353392
46 10   0.6786065080  -0.0469633268  -0.0389145893  -0.0330099199  -0.0061403342
46 11   0.0703989716  -0.1682969243   0.0171864801  -0.0505104396   0.0004372215
46 12   0.0003494160   0.0026470278  -0.0105820023   0.0050817215  -0.0292559533
46 13  -0.0456460830   0.0074626379  -0.0291168027   0.0613864624  -0.0030830120
46 14  -0.0163540313  -0.0006837181   0.0001152446  -0.0009357014  -0.0012461761
46 15   0.0002582413   0.0046112723
47  1   0.0000250668   0.0000113386   0.0000017917   0.0001580348  -0.0000466924
47  2   0.0000261541  -0.0002894053  -0.0006350644  -0.0001432883  -0.0001056971
47  3   0.0000773791   0.0001896024   0.0000318457   0.0002305412  -0.0000226051
47  4   0.0000405768   0.0000674195  -0.0000508310  -0.0001834768  -0.0000326451
47  5   0.0000791398  -0.0000008458  -0.0000040455   0.0000177650  -0.0000597769
47  6  -0.0000675330   0.0001126896  -0.0000021121   0.0000032176   0.0000089642
47  7   0.0000454892  -0.0000266396   0.0000189214  -0.0000289839  -0.0000084784
47  8   0.0000090805   0.0048546302   0.0017587798  -0.0001403311  -0.0066147105
47  9  -0.0363137094   0.0168734461   0.0228424794  -0.0621023759   0.0128306521
47 10  -0.0469633268   0.1412804172  -0.0725955806   0.0004659594   0.0086534569
47 11  -0.0110692522   0.0256859719  -0.0639127436   0.0352141734  -0.0000106516
47 12   0.0070746419   0.0012854859   0.0008514499   0.0011764018   0.0024752861
47 13   0.0074953205  -0.0094588658   0.0041044598  -0.0087225424   0.0054771810
47 14   0.0098393624   0.0001233080  -0.0006447687  -0.0000306518   0.0003613966
47 15   0.0074427871   0.0009655657
48  1   0.0000040797   0.0000234781  -0.0000000824   0.0002307646   0.0001847952
48  2  -0.0001040173  -0.0000211951  -0.0000361441   0.0000435158  -0.0000432932
48  3   0.0000949389   0.0001396346   0.0001197266  -0.0001415435  -0.0000806694
48  4  -0.0001151346   0.0002010925  -0.0000433672   0.0002189974   0.0002225146
48  5  -0.0001251655   0.0000304984  -0.0000845026   0.0000492342  -0.0004165650
48  6   0.0001124296  -0.0001562806  -0.0000280789  -0.0000070739   0.0000180468
48  7  -0.0000961993  -0.0001263647   0.0003705941  -0.0000180526  -0.0000035486
48  8   0.0000112135  -0.0299439015   0.0028098617   0.0023764983   0.1242858077
48  9   0.0170613002  -0.2511329042   0.0239865706   0.0063542977  -0.1256996424
48 10  -0.0389145893  -0.0725955806   0.7016877730   0.0273133381  -0.0062856712
48 11   0.0356513442  -0.1126298792   0.0411061110  -0.2845553922   0.0036923285
48 12   0.0011056529  -0.0044375438   0.0022305280  -0.0005481277   0.0037381469
48 13  -0.0297284579   0.0037165850  -0.0180397338   0.0273049532   0.0056965746
48 14  -0.0571522038  -0.0009234652   0.0000244860   0.0001482045   0.0034612189
48 15   0.0011144386  -0.0027072032
49  1   0.0000247327  -0.0000503726  -0.0000899985   0.0001070280   0.0000875411
49  2  -0.0000276365   0.0003144103  -0.0002978663   0.0001382320  -0.0001052206
49  3   0.0001331331   0.0000863667  -0.0003876991  -0.0000575858  -0.0003946901
49  4  -0.0000071696   0.0000029684   0.0000002131  -0.0001264775   0.0001462133
49  5   0.0000197193  -0.0000622508   0.0000673773  -0.0000197698   0.0000807348
49  6   0.0000298503   0.0001199052   0.0000290162   0.0000105803   0.0000092773
49  7  -0.0000577477  -0.0001892160   0.0000578800  -0.0001547237  -0.0001197980
49  8   0.0000042875   0.0118460806   0.0011796972  -0.0151015081  -0.0057915548
49  9   0.0012741844  -0.0006134879  -0.1873632203  -0.0056941365   0.1265544628
49 10  -0.0330099199   0.0004659594   0.0273133381   0.7317803608  -0.0498249653
49 11  -0.0018950957   0.0004283562  -0.0010566454   0.0036056840  -0.3322172518
49 12   0.0241587216  -0.0106203128   0.0007427168  -0.0002516121   0.0000866512
49 13  -0.1700511699   0.0249356621  -0.1145146027  -0.0217507827   0.0070067314
49 14  -0.0328410619   0.0117178999  -0.0032962365   0.0179567079  -0.0059861478
49 15   0.0013398145   0.0001654390
50  1   0.0000276686   0.0000901620   0.0000558380  -0.0001482497  -0.0004541369
50  2   0.0001802624   0.0002569867  -0.0013749655   0.0002764916  -0.0000334725
50  3   0.0001731872   0.0000340216  -0.0000595490  -0.0004750925  -0.0002500370
50  4   0.0000285134  -0.0000392529  -0.0000165369   0.0002175926   0.0002331768
50  5  -0.0001623088  -0.0000000923   0.0000101927   0.0000099118  -0.0000530837
50  6   0.0002323640  -0.0001431851  -0.0000105500  -0.0000119964   0.0000030114
50  7  -0.0000695827  -0.0007406650  -0.0001654496   0.0000465230   0.0001019457
50  8  -0.0000006755  -0.0029508195   0.0023768989   0.0040767268   0.0014502879
50  9   0.0072663199   0.0008293835   0.0024176044  -0.0626761848   0.0165871878
50 10  -0.0061403342   0.0086534569  -0.0062856712  -0.0498249653   0.1472859112
50 11  -0.0697803199  -0.0006545165  -0.0091537221   0.0074674841   0.0251402242
50 12  -0.0384423301   0.0039845816  -0.0001519033  -0.0007794044   0.0000570246
50 13   0.0158439047  -0.0681200829   0.0411719878   0.0123976497   0.0059227040
50 14  -0.0002590966   0.0012047195   0.0026238097   0.0015854964   0.0010654440
50 15   0.0072977045   0.0007438712
51  1   0.0000107858   0.0000329961   0.0000367386   0.0000706694   0.0000234406
51  2  -0.0000937355  -0.0000301158  -0.0008820120   0.0003810592   0.0001148062
51  3   0.0000140728  -0.0001256825  -0.0003932557  -0.0002511569  -0.0003332631
51  4   0.0000479940   0.0000531335  -0.0000311625   0.0000499954  -0.0000852754
51  5  -0.0000985429  -0.0000121200   0.0000513642  -0.0000336788   0.0001028365
51  6  -0.0000206660  -0.0000820482  -0.0000240059  -0.0000324764   0.0000210183
51  7   0.0000434488   0.0001158085   0.0000231736  -0.0000225843  -0.0000127275
51  8  -0.0000285803   0.0164079038   0.0011912930  -0.0188992314  -0.0017128854
51  9   0.0010364291   0.0018861870   0.0635223688   0.0227498281  -0.2716008606
51 10   0.0703989716  -0.0110692522   0.0356513442  -0.0018950957  -0.0697803199
51 11   0.6546214244   0.0031320353   0.0073139722  -0.0643884771  -0.0106301051
51 12   0.0040179797  -0.0593520134   0.0000980026  -0.0000003243  -0.0013259727
51 13  -0.0509229779   0.0359711132  -0.2874544432  -0.0759925085   0.0048575978
51 14   0.0279700276  -0.0135703407   0.0041333767  -0.0187354226   0.0012061768
51 15   0.0005718050   0.0019921418
52  1   0.0000242458   0.0000203935   0.0000379730  -0.0000829540  -0.0000486839
52  2   0.0000384901  -0.0000649112   0.0001390089   0.0000267342   0.0000043724
52  3  -0.0000918872  -0.0000777020  -0.0000559908  -0.0000665494   0.0000430538
52  4   0.0001301852  -0.0001833488  -0.0000039043   0.0000179264   0.0002018361
52  5   0.0000579027  -0.0000001678  -0.0000669900   0.0000268096  -0.0000960629
52  6   0.0000445814  -0.0000958290   0.0000178333   0.0000137842  -0.0000192437
52  7   0.0001153722  -0.0001363823  -0.0000617811   0.0000430038   0.0000225054
52  8  -0.0000002054  -0.0059322781   0.0013845406   0.0001469176   0.0116503035
52  9  -0.0033846468   0.0179610740  -0.0226187904   0.0064827920  -0.0323272831
52 10  -0.1682969243   0.0256859719  -0.1126298792   0.0004283562  -0.0006545165
52 11   0.0031320353   0.7271028201  -0.0558166675  -0.0044433373   0.0007313260
52 12  -0.0002430034   0.0000585525  -0.3291991206   0.0290942984  -0.0101628164
52 13  -0.0330736214   0.0000004052   0.0271634408  -0.1868959395  -0.0050070553
52 14   0.1267832909  -0.0057328758   0.0013524019  -0.0006207458   0.0117838921
52 15   0.0012572115  -0.0150335471
53  1  -0.0000266865  -0.0000273311  -0.0000334862  -0.0001026069   0.0000810525
53  2   0.0000889581   0.0001752381   0.0001745833   0.0000161911   0.0000725104
53  3   0.0000881040   0.0000811736  -0.0001835290  -0.0007255139   0.0001140201
53  4  -0.0002381214   0.0001418929  -0.0000100627   0.0001440681   0.0001377619
53  5  -0.0001275277   0.0000166463  -0.0000002574  -0.0000089639  -0.0002037423
53  6  -0.0000264844  -0.0001260430  -0.0000258250  -0.0000007904   0.0000126373
53  7  -0.0001347792  -0.0000488077   0.0001180974  -0.0000169816   0.0000006779
53  8   0.0000037473   0.0011095997   0.0074691943   0.0007037646   0.0008597016
53  9   0.0013968565   0.0010090764   0.0126876755   0.0046469182  -0.0002485797
53 10   0.0171864801  -0.0639127436   0.0411061110  -0.0010566454  -0.0091537221
53 11   0.0073139722  -0.0558166675   0.1420396790  -0.0696917225  -0.0001255656
53 12  -0.0006543665   0.0000795434   0.0293452808  -0.0379467878   0.0042239632
53 13  -0.0052064017   0.0086812120  -0.0061711651   0.0033834807  -0.0613080451
53 14   0.0163200091   0.0013545646   0.0069630946   0.0009248159  -0.0031976937
53 15   0.0019838227   0.0043014701
54  1   0.0000127324   0.0000710070   0.0000516833  -0.0004103997  -0.0003134637
54  2   0.0000925434   0.0000216604   0.0001763385   0.0001734011   0.0000424318
54  3  -0.0001122941  -0.0001524152   0.0000538095  -0.0001698898   0.0000235347
54  4  -0.0000794525   0.0000452425   0.0000338148  -0.0004115719  -0.0004850019
54  5   0.0000007532  -0.0000050849   0.0000723960  -0.0000467126   0.0007049188
54  6   0.0000207202   0.0003709077   0.0000004341  -0.0000139624   0.0000231198
54  7  -0.0000624911   0.0001184137  -0.0007175783  -0.0000059197  -0.0000080469
54  8  -0.0000225837   0.0012691899   0.0005879224   0.0020076901  -0.0135501156
54  9   0.0038874861  -0.0187137027  -0.0758407817   0.0041666385   0.0274842299
54 10  -0.0505104396   0.0352141734  -0.2845553922   0.0036056840   0.0074674841
54 11  -0.0643884771  -0.0044433373  -0.0696917225   0.6526968522   0.0000677840
54 12   0.0000169743  -0.0012935538  -0.0101463645   0.0042708238  -0.0593192955
54 13   0.0705867105  -0.0102729164   0.0358276608   0.0643607432   0.0229139928
54 14  -0.2725387166  -0.0017315436   0.0009579598   0.0018358936   0.0164714035
54 15   0.0010797245  -0.0188736570
55  1   0.0000224902   0.0000594207   0.0000480977   0.0000343369  -0.0001733807
55  2   0.0000932968  -0.0002035620   0.0000142728  -0.0000045929   0.0000090303
55  3  -0.0000298301  -0.0000348249  -0.0000067502   0.0000288030   0.0000488405
55  4   0.0000392396  -0.0000405275   0.0000059868   0.0000316700   0.0000209796
55  5   0.0000121164   0.0000082224  -0.0000253265   0.0000216514  -0.0000725624
55  6   0.0000408830  -0.0001160637   0.0000020624   0.0000002721   0.0000071726
55  7   0.0001297417  -0.0002451767  -0.0000796487   0.0000173192   0.0000365588
55  8   0.0000035759   0.0009041777  -0.0003577318   0.0002418632  -0.0007849253
55  9   0.0001302997  -0.0002260785  -0.0130369292   0.0017002501  -0.0035442212
55 10   0.0004372215  -0.0000106516   0.0036923285  -0.3322172518   0.0251402242
55 11  -0.0106301051   0.0007313260  -0.0001255656   0.0000677840   0.3533906724
55 12  -0.0274533953   0.0114636122  -0.0000859079  -0.0000813683  -0.0000207093
55 13  -0.0105647270   0.0007898753   0.0021286334   0.0010030552   0.0008486218
55 14  -0.0030076914   0.0008718146  -0.0003149899  -0.0003334585  -0.0006597644
55 15   0.0000474830   0.0001624349
56  1  -0.0000153625  -0.0000574815  -0.0000547836   0.0000198687   0.0000408639
56  2  -0.0001821991   0.0001178785   0.0001662213  -0.0000638466  -0.0000239018
56  3  -0.0000224671   0.0000257284   0.0000024298  -0.0000393163   0.0000530750
56  4  -0.0000405245   0.0000175362  -0.0000071942   0.0000215688  -0.0000687745
56  5  -0.0000356917  -0.0000219257   0.0000262121  -0.0000273756   0.0000521887
56  6   0.0000677421   0.0002029143   0.0000071036  -0.0000093548  -0.0000206509
56  7  -0.0001873545   0.0001327976   0.0000435225  -0.0000513572  -0.0000660497
56  8  -0.0000024943  -0.0003287883  -0.0037880325  -0.0006605042  -0.0000807243
56  9   0.0002670447   0.0000345492  -0.0021186023   0.0028918476  -0.0001159944
56 10   0.0003494160   0.0070746419   0.0011056529   0.0241587216  -0.0384423301
56 11   0.0040179797  -0.0002430034  -0.0006543665   0.0000169743  -0.0274533953
56 12   0.0278263177  -0.0052019804  -0.0001087701  -0.0012979333  -0.0001877434
56 13   0.0051810722   0.0025889308  -0.0003589765   0.0009366911   0.0070385909
56 14   0.0021174380  -0.0004838299  -0.0038517183  -0.0007122355   0.0003106010
56 15   0.0001590778   0.0000138359
57  1  -0.0000245850  -0.0000577838  -0.0000766782  -0.0000025542  -0.0000455550
57  2   0.0000937097   0.0000815967   0.0000688770  -0.0000278572   0.0000158675
57  3  -0.0000069300   0.0000067651   0.0000002768  -0.0000163337  -0.0000320372
57  4   0.0000059502  -0.0000073014  -0.0000191595  -0.0000702309  -0.0000041622
57  5  -0.0000469341  -0.0000053508   0.0000010289   0.0000068408  -0.0000078395
57  6  -0.0000502957  -0.0000432959   0.0000075038   0.0000341143  -0.0000301332
57  7  -0.0000034044  -0.0000097767   0.0000340732   0.0000185736   0.0000092579
57  8   0.0000269068  -0.0007218814  -0.0005775545   0.0010435532   0.0015026463
57  9  -0.0001358906   0.0000760593   0.0280224369  -0.0027515525   0.0056572463
57 10   0.0026470278   0.0012854859  -0.0044375438  -0.0106203128   0.0039845816
57 11  -0.0593520134   0.0000585525   0.0000795434  -0.0012935538   0.0114636122
57 12  -0.0052019804   0.0584518155  -0.0000281150  -0.0001979006   0.0001304585
57 13  -0.0294009624   0.0022429583   0.0036207035  -0.0019598475   0.0018669633
57 14  -0.0048166280   0.0005770210  -0.0007028125   0.0010506989  -0.0015559816
57 15   0.0001930188  -0.0000229965
58  1   0.0000170047   0.0000160281   0.0000097920   0.0000067130  -0.0000217200
58  2   0.0000095136   0.0000349250  -0.0000183445   0.0000050351  -0.0000236296
58  3   0.0000279761  -0.0000066423  -0.0001534275   0.0000462548  -0.0000224122
58  4   0.0000172698  -0.0000507782   0.0000185928   0.0000173383  -0.0000193226
58  5   0.0000046041  -0.0000105238   0.0000203302   0.0000050275   0.0000319334
58  6  -0.0000291860  -0.0000181000   0.0000130353   0.0000119043  -0.0000014453
58  7   0.0000429558  -0.0000172451  -0.0000059666   0.0000060912   0.0000106233
58  8   0.0000000977  -0.0006690013   0.0000691747   0.0001745082   0.0008606941
58  9  -0.0003852687  -0.0003881906   0.0010577724   0.0010136758  -0.0030723004
58 10  -0.0105820023   0.0008514499   0.0022305280   0.0007427168  -0.0001519033
58 11   0.0000980026  -0.3291991206   0.0293452808  -0.0101463645  -0.0000859079
58 12  -0.0001087701  -0.0000281150   0.3505506721  -0.0323478642   0.0109201148
58 13   0.0004400254   0.0001434938   0.0037953641  -0.0132200487   0.0019376128
58 14  -0.0035926209  -0.0008016708   0.0001453992  -0.0002347366   0.0009061851
58 15  -0.0004888011   0.0002457139
59  1   0.0000081013  -0.0000025314   0.0000054997   0.0000131868   0.0000101662
59  2  -0.0000063728   0.0000298698  -0.0000150469  -0.0000070144  -0.0000192629
59  3  -0.0000036507  -0.0000189582  -0.0001194266   0.0001011880  -0.0000127734
59  4   0.0000363564  -0.0000656641   0.0000092609   0.0000395706  -0.0000188260
59  5   0.0000203003  -0.0000092671   0.0000063175   0.0000020800   0.0000153991
59  6  -0.0000082722  -0.0000033750   0.0000134999   0.0000006588  -0.0000061654
59  7   0.0000224553   0.0000008844  -0.0000079758   0.0000106116   0.0000022084
59  8  -0.0000003184   0.0003086897   0.0002269574   0.0000115985  -0.0005272462
59  9  -0.0035950564  -0.0006041050   0.0009182348   0.0073344970   0.0020957389
59 10   0.0050817215   0.0011764018  -0.0005481277  -0.0002516121  -0.0007794044
59 11  -0.0000003243   0.0290942984  -0.0379467878   0.0042708238  -0.0000813683
59 12  -0.0012979333  -0.0001979006  -0.0323478642   0.0287304976  -0.0054062634
59 13   0.0002527524   0.0073223243   0.0011764478  -0.0020520885   0.0022897106
59 14  -0.0001203872  -0.0000752678   0.0002616021   0.0000512617  -0.0003613441
59 15  -0.0037302408  -0.0007029501
60  1   0.0000055210   0.0000106831   0.0000087817  -0.0000101130  -0.0000113584
60  2  -0.0000192127  -0.0000123438  -0.0000018931   0.0000203531  -0.0000177669
60  3   0.0000076846  -0.0000049262   0.0000042770  -0.0000008237  -0.0000285140
60  4   0.0000035869  -0.0000024792   0.0000266827   0.0000058636  -0.0000025952
60  5   0.0000307307   0.0000085211  -0.0000017634  -0.0000065665   0.0000063293
60  6   0.0000092362   0.0000114416  -0.0000009643  -0.0000076392   0.0000054178
60  7  -0.0000003653   0.0000038456  -0.0000225349   0.0000001427  -0.0000003276
60  8  -0.0000027189  -0.0015555898   0.0001749897  -0.0000210758   0.0006036738
60  9  -0.0006787113   0.0010573441  -0.0019307213   0.0018663627  -0.0048502672
60 10  -0.0292559533   0.0024752861   0.0037381469   0.0000866512   0.0000570246
60 11  -0.0013259727  -0.0101628164   0.0042239632  -0.0593192955  -0.0000207093
60 12  -0.0001877434   0.0001304585   0.0109201148  -0.0054062634   0.0581245516
60 13   0.0026790768   0.0013284556  -0.0044328335   0.0278932437  -0.0031513450
60 14   0.0057556276   0.0014924333  -0.0001227007   0.0000973368  -0.0007420914
60 15  -0.0005818878   0.0010270449
61  1  -0.0000257898   0.0000103816   0.0000210268  -0.0001509694   0.0002536967
61  2   0.0001297249   0.0000954894   0.0001228219  -0.0000344875  -0.0000489927
61  3  -0.0000389339   0.0000132562   0.0003153727   0.0002580459  -0.0000298422
61  4  -0.0002026993   0.0001180208   0.0000806694  -0.0001671415  -0.0001965142
61  5  -0.0000032069   0.0000611534  -0.0000531724   0.0000132752  -0.0000295350
61  6  -0.0002984840  -0.0000215569  -0.0000691059  -0.0000484343   0.0000250439
61  7  -0.0000670755   0.0001704762   0.0000214521   0.0000353322   0.0000302455
61  8  -0.0000121871  -0.0012614958   0.0002410329   0.0045666881  -0.0007177244
61  9   0.0001301396  -0.0009354790   0.0623890662  -0.0033337557  -0.0164387364
61 10  -0.0456460830   0.0074953205  -0.0297284579  -0.1700511699   0.0158439047
61 11  -0.0509229779  -0.0330736214  -0.0052064017   0.0705867105  -0.0105647270
61 12   0.0051810722  -0.0294009624   0.0004400254   0.0002527524   0.0026790768
61 13   0.6798399334  -0.0426856050  -0.0388647921  -0.3315251027   0.0304466687
61 14  -0.0384137754  -0.1404480783  -0.0095629665   0.1251391892  -0.0091270611
61 15   0.0008696878   0.0015303485
62  1  -0.0000050116   0.0000187074   0.0000133854   0.0003042039   0.0002663971
62  2   0.0000338011   0.0001209488  -0.0005942289   0.0002301506   0.0000361020
62  3  -0.0000164290  -0.0000244334  -0.0002988981  -0.0013832232  -0.0008842443
62  4   0.0000138179   0.0001671756   0.0000690552  -0.0003189912  -0.0005939438
62  5  -0.0000533978  -0.0000089992   0.0001125655  -0.0000328698  -0.0000584173
62  6  -0.0006544674  -0.0000357706   0.0000306387   0.0000709856   0.0000165551
62  7   0.0001363113   0.0001713505   0.0001790579  -0.0000185154  -0.0000152826
62  8  -0.0000020703   0.0002952506   0.0073377890   0.0009533054   0.0001213628
62  9  -0.0008151968  -0.0000454995  -0.0086591153   0.0067203484   0.0103634923
62 10   0.0074626379  -0.0094588658   0.0037165850   0.0249356621  -0.0681200829
62 11   0.0359711132   0.0000004052   0.0086812120  -0.0102729164   0.0007898753
62 12   0.0025889308   0.0022429583   0.0001434938   0.0073223243   0.0013284556
62 13  -0.0426856050   0.1486800186  -0.0767621885   0.0215372460  -0.0641480661
62 14   0.0130068897  -0.0091377086  -0.0384625857   0.0200925158   0.0052633056
62 15   0.0021245675  -0.0001039301
63  1  -0.0000007912  -0.0000467129  -0.0000734865   0.0000986032   0.0000390608
63  2  -0.0001068393  -0.0000373666   0.0002296435  -0.0006701753  -0.0000222996
63  3  -0.0000486871   0.0000036219   0.0001381250   0.0002733341   0.0003817162
63  4  -0.0000040759  -0.0000642417  -0.0000277450  -0.0002015085  -0.0002304490
63  5   0.0000367308  -0.0000634153   0.0000766277  -0.0000084689   0.0000632480
63  6  -0.0001421005   0.0000434136   0.0001018776   0.0001489441  -0.0000886890
63  7   0.0000271841   0.0000170897   0.0001744648   0.0000045544  -0.0000072298
63  8   0.0000204251   0.0034976650   0.0011434723  -0.0027575466  -0.0009423890
63  9  -0.0000136307   0.0001725792   0.0268207845   0.0051765112  -0.0568555046
63 10  -0.0291168027   0.0041044598  -0.0180397338  -0.1145146027   0.0411719878
63 11  -0.2874544432   0.0271634408  -0.0061711651   0.0358276608   0.0021286334
63 12  -0.0003589765   0.0036207035   0.0037953641   0.0011764478  -0.0044328335
63 13  -0.0388647921  -0.0767621885   0.7052047911   0.0243882398   0.0064613000
63 14  -0.1259528942   0.1254299393   0.0208937697  -0.2513677512  -0.0298896154
63 15   0.0029327333   0.0023500041
64  1   0.0000400865   0.0000747630   0.0000676236  -0.0004386227  -0.0003534110
64  2   0.0001012812  -0.0001500407   0.0003034676   0.0000960732   0.0000183097
64  3   0.0000415134  -0.0000049477   0.0001058605  -0.0001477818   0.0000731445
64  4   0.0000345781   0.0000199130  -0.0000020576  -0.0000159684  -0.0003480557
64  5   0.0001204536   0.0000139811   0.0001067311  -0.0000530356   0.0003273490
64  6   0.0001596716   0.0002296797   0.0000167991  -0.0000120955   0.0000115228
64  7  -0.0000825863  -0.0001028545  -0.0004110229   0.0000066537   0.0000133289
64  8  -0.0000100333  -0.0008961679  -0.0002354183   0.0008457113  -0.0004813650
64  9   0.0012923265  -0.0041724965  -0.0516153135   0.0012072950   0.0267802577
64 10   0.0613864624  -0.0087225424   0.0273049532  -0.0217507827   0.0123976497
64 11  -0.0759925085  -0.1868959395   0.0033834807   0.0643607432   0.0010030552
64 12   0.0009366911  -0.0019598475  -0.0132200487  -0.0020520885   0.0278932437
64 13  -0.3315251027   0.0215372460   0.0243882398   0.6712647146  -0.0536872926
64 14   0.0211514951  -0.0120541710   0.0018738715  -0.0027999934  -0.1150917407
64 15   0.0223135911  -0.1080184795
65  1  -0.0000295525  -0.0000081818  -0.0000319731  -0.0003535354   0.0001158907
65  2   0.0001558813   0.0002541520   0.0002635725   0.0000424613   0.0000260013
65  3  -0.0000751674  -0.0000272300   0.0000842556  -0.0004553599   0.0000275176
65  4  -0.0001730932   0.0000416094  -0.0000456871  -0.0005748443  -0.0005952166
65  5  -0.0001116301   0.0000191157   0.0001065102  -0.0000476707   0.0005746895
65  6  -0.0000471700   0.0001856706  -0.0000096932  -0.0000007138   0.0000096514
65  7  -0.0000482097   0.0000799644  -0.0003138292  -0.0000216991   0.0000101179
65  8  -0.0000114426  -0.0000892767  -0.0007791351  -0.0002278622   0.0011504872
65  9   0.0073294260   0.0018430058   0.0009588249  -0.0075172088  -0.0018136068
65 10  -0.0030830120   0.0054771810   0.0056965746   0.0070067314   0.0059227040
65 11   0.0048575978  -0.0050070553  -0.0613080451   0.0229139928   0.0008486218
65 12   0.0070385909   0.0018669633   0.0019376128   0.0022897106  -0.0031513450
65 13   0.0304466687  -0.0641480661   0.0064613000  -0.0536872926   0.1471236863
65 14  -0.0807920358  -0.0027552740   0.0029464111   0.0000225452   0.0225253769
65 15  -0.0438111105   0.0424911511
66  1   0.0000283566  -0.0000077182   0.0000220371   0.0001011616   0.0001561196
66  2  -0.0001345170   0.0001278139   0.0000341519  -0.0001046311  -0.0000835214
66  3  -0.0000011822  -0.0000064796  -0.0000257742   0.0001774859  -0.0000935188
66  4   0.0000918124  -0.0001813757   0.0000934345   0.0001832213   0.0002191214
66  5   0.0003863452   0.0000354509   0.0000139634  -0.0000523749  -0.0001642827
66  6   0.0000263194  -0.0001033717   0.0000000110  -0.0000479182   0.0000156022
66  7   0.0000373707   0.0000888846   0.0000935601   0.0000097103  -0.0000062620
66  8  -0.0000192550   0.0008375147  -0.0002395940   0.0002765260  -0.0030322552
66  9   0.0017164622  -0.0033212419   0.0274859884  -0.0016783649  -0.0136566939
66 10  -0.0163540313   0.0098393624  -0.0571522038  -0.0328410619  -0.0002590966
66 11   0.0279700276   0.1267832909   0.0163200091  -0.2725387166  -0.0030076914
66 12   0.0021174380  -0.0048166280  -0.0035926209  -0.0001203872   0.0057556276
66 13  -0.0384137754   0.0130068897  -0.1259528942   0.0211514951  -0.0807920358
66 14   0.7074180858   0.0286428946  -0.0030511765   0.0046206359  -0.1080010779
66 15   0.0426689036  -0.2686993553
67  1  -0.0000000506  -0.0000089430  -0.0000076540   0.0000186817   0.0000258979
67  2  -0.0000843251  -0.0000493156   0.0000364274  -0.0000225518  -0.0000085991
67  3  -0.0000067633  -0.0000222446  -0.0001055129  -0.0000335506   0.0001160021
67  4   0.0000089050  -0.0000237710   0.0000159924   0.0000445276  -0.0000952956
67  5  -0.0000085448  -0.0000373946   0.0001039210  -0.0000509923   0.0000712933
67  6  -0.0001122532  -0.0000446583   0.0000082182  -0.0000037169   0.0000211396
67  7   0.0000043803   0.0000731472   0.0000421205  -0.0000237787  -0.0000193603
67  8  -0.0000179013   0.0004184830   0.0000609170  -0.0007983865   0.0000760941
67  9  -0.0001168770   0.0000903125  -0.0005162386   0.0010275273  -0.0030753233
67 10  -0.0006837181   0.0001233080  -0.0009234652   0.0117178999   0.0012047195
67 11  -0.0135703407  -0.0057328758   0.0013545646  -0.0017315436   0.0008718146
67 12  -0.0004838299   0.0005770210  -0.0008016708  -0.0000752678   0.0014924333
67 13  -0.1404480783  -0.0091377086   0.1254299393  -0.0120541710  -0.0027552740
67 14   0.0286428946   0.1460227282   0.0092132941  -0.1355613465   0.0011983783
67 15  -0.0003511128  -0.0005085772
68  1   0.0000071626   0.0000101877   0.0000320076   0.0000416055  -0.0000761770
68  2  -0.0000011442  -0.0000393317  -0.0000170246  -0.0000489561  -0.0000068354
68  3  -0.0000023557   0.0000313683   0.0001342547   0.0001731967   0.0000143412
68  4  -0.0000297974  -0.0000224895  -0.0000068095   0.0000904639  -0.0000235523
68  5   0.0000254612   0.0000386136  -0.0000989767   0.0000378815  -0.0000820542
68  6   0.0000688107   0.0000946191  -0.0000379885  -0.0000542189   0.0000122988
68  7  -0.0000918798   0.0000891218  -0.0001143820   0.0000282448  -0.0000036951
68  8   0.0000077698  -0.0001252304   0.0001793196   0.0002289518  -0.0001432636
68  9  -0.0012912107  -0.0001859720   0.0012116631   0.0070480624   0.0016161839
68 10   0.0001152446  -0.0006447687   0.0000244860  -0.0032962365   0.0026238097
68 11   0.0041333767   0.0013524019   0.0069630946   0.0009579598  -0.0003149899
68 12  -0.0038517183  -0.0007028125   0.0001453992   0.0002616021  -0.0001227007
68 13  -0.0095629665  -0.0384625857   0.0208937697   0.0018738715   0.0029464111
68 14  -0.0030511765   0.0092132941   0.0279310117  -0.0232854205  -0.0005216456
68 15  -0.0037458551  -0.0005911016
69  1   0.0000201178   0.0000165379   0.0000312094  -0.0000054030  -0.0000276542
69  2  -0.0000061177   0.0000133292  -0.0000249774   0.0000042771  -0.0000221999
69  3   0.0000314488   0.0000466704   0.0000871161   0.0000339719  -0.0001271646
69  4  -0.0000349043   0.0000257650   0.0000068288   0.0001604381   0.0001397373
69  5   0.0001483123   0.0000043167  -0.0000430360   0.0000101965  -0.0001022862
69  6   0.0001910029   0.0001403080  -0.0000204130  -0.0000656723   0.0000266761
69  7  -0.0000781443   0.0000812398  -0.0001546080  -0.0000064631  -0.0000188889
69  8  -0.0000049515   0.0009316185   0.0000898046  -0.0011197895   0.0000883230
69  9  -0.0002030451  -0.0000386660  -0.0040776579   0.0018833565  -0.0033352205
69 10  -0.0009357014  -0.0000306518   0.0001482045   0.0179567079   0.0015854964
69 11  -0.0187354226  -0.0006207458   0.0009248159   0.0018358936  -0.0003334585
69 12  -0.0007122355   0.0010506989  -0.0002347366   0.0000512617   0.0000973368
69 13   0.1251391892   0.0200925158  -0.2513677512  -0.0027999934   0.0000225452
69 14   0.0046206359  -0.1355613465  -0.0232854205   0.2660094642   0.0004322973
69 15  -0.0007579182   0.0007129792
70  1   0.0000117522   0.0000142006   0.0000204888   0.0000403719  -0.0000297632
70  2   0.0000284008  -0.0000255079  -0.0000050252  -0.0000006255   0.0000000180
70  3   0.0000070966   0.0000200960   0.0000247584   0.0000276022   0.0000113171
70  4   0.0000224663  -0.0000154016  -0.0000245622  -0.0000122003   0.0000838158
70  5  -0.0000809554   0.0000054036  -0.0001038642   0.0000628684  -0.0000424181
70  6   0.0000250281   0.0000035719  -0.0000140008  -0.0000034685  -0.0000017336
70  7   0.0000243235  -0.0000270204   0.0000123692   0.0000170910   0.0000081924
70  8   0.0000054892   0.0000925596  -0.0001279752  -0.0001164352   0.0004160444
70  9  -0.0001165887   0.0009449903  -0.0009150876  -0.0000806481   0.0008493882
70 10  -0.0012461761   0.0003613966   0.0034612189  -0.0059861478   0.0010654440
70 11   0.0012061768   0.0117838921  -0.0031976937   0.0164714035  -0.0006597644
70 12   0.0003106010  -0.0015559816   0.0009061851  -0.0003613441  -0.0007420914
70 13  -0.0091270611   0.0052633056  -0.0298896154  -0.1150917407   0.0225253769
70 14  -0.1080010779   0.0011983783  -0.0005216456   0.0004322973   0.1185768605
70 15  -0.0251016212   0.1168830018
71  1   0.0000141458  -0.0000033336   0.0000088200   0.0000743291  -0.0000076361
71  2  -0.0000078363   0.0000098335   0.0000189225  -0.0000471306  -0.0000089445
71  3   0.0000101698   0.0000163922  -0.0000503256   0.0000900121   0.0000321815
71  4   0.0000594079  -0.0000576092  -0.0000575798   0.0000493134   0.0000970745
71  5  -0.0000495764  -0.0000265779  -0.0000890775   0.0000666588  -0.0000769389
71  6   0.0000109271   0.0000231932   0.0000125666   0.0000087719  -0.0000114776
71  7   0.0000202169  -0.0000270192   0.0000710485   0.0000160182  -0.0000025363
71  8   0.0000106960  -0.0001252581  -0.0013117025  -0.0001566184   0.0000951373
71  9   0.0002348845   0.0000976207  -0.0002074176  -0.0007644892  -0.0002418418
71 10   0.0002582413   0.0074427871   0.0011144386   0.0013398145   0.0072977045
71 11   0.0005718050   0.0012572115   0.0019838227   0.0010797245   0.0000474830
71 12   0.0001590778   0.0001930188  -0.0004888011  -0.0037302408  -0.0005818878
71 13   0.0008696878   0.0021245675   0.0029327333   0.0223135911  -0.0438111105
71 14   0.0426689036  -0.0003511128  -0.0037458551  -0.0007579182  -0.0251016212
71 15   0.0340718881  -0.0469753678
72  1   0.0000205066   0.0000088373   0.0000106963   0.0000674245  -0.0000317237
72  2   0.0000220125   0.0000206926   0.0000133735  -0.0000734908  -0.0000076963
72  3   0.0000320211   0.0000309755  -0.0000901888   0.0000562087   0.0000362816
72  4   0.0000482203  -0.0000552152  -0.0000763430   0.0000227118   0.0000514536
72  5  -0.0000373658  -0.0000254065  -0.0000572910   0.0000601743  -0.0000618337
72  6   0.0000014946  -0.0000001774   0.0000093805   0.0000097908  -0.0000048714
72  7   0.0000379484  -0.0000336040   0.0000521186   0.0000098474   0.0000055161
72  8   0.0000087873  -0.0001106386  -0.0001648019  -0.0000538674  -0.0007887806
72  9   0.0002475576  -0.0011147083   0.0008102059  -0.0002261617   0.0003016139
72 10   0.0046112723   0.0009655657  -0.0027072032   0.0001654390   0.0007438712
72 11   0.0019921418  -0.0150335471   0.0043014701  -0.0188736570   0.0001624349
72 12   0.0000138359  -0.0000229965   0.0002457139  -0.0007029501   0.0010270449
72 13   0.0015303485  -0.0001039301   0.0023500041  -0.1080184795   0.0424911511
72 14  -0.2686993553  -0.0005085772  -0.0005911016   0.0007129792   0.1168830018
72 15  -0.0469753678   0.2850592061
$end
