$optinfo internal
 gdiistep   on
 trostep    off
 calchess   off
 iteration 101
 ndiis       6
 itrvec      0
 tradius    1.936491673104E-01
 actrad     1.349318377344E-01
 energyo   -4.647301697895E+02
 predengy  -2.223008809187E-06
 trnvec
  0.000000000000D+00  0.000000000000D+00  0.000000000000D+00
  0.000000000000D+00  0.000000000000D+00  0.000000000000D+00
  0.000000000000D+00  0.000000000000D+00  0.000000000000D+00
  0.000000000000D+00  0.000000000000D+00  0.000000000000D+00
  0.000000000000D+00  0.000000000000D+00  0.000000000000D+00
  0.000000000000D+00  0.000000000000D+00  0.000000000000D+00
  0.000000000000D+00  0.000000000000D+00  0.000000000000D+00
  0.000000000000D+00  0.000000000000D+00  0.000000000000D+00
  0.000000000000D+00  0.000000000000D+00  0.000000000000D+00
  0.000000000000D+00  0.000000000000D+00  0.000000000000D+00
  0.000000000000D+00  0.000000000000D+00  0.000000000000D+00
  0.000000000000D+00  0.000000000000D+00  0.000000000000D+00
  0.000000000000D+00  0.000000000000D+00  0.000000000000D+00
  0.000000000000D+00  0.000000000000D+00  0.000000000000D+00
  0.000000000000D+00  0.000000000000D+00  0.000000000000D+00
  0.000000000000D+00  0.000000000000D+00  0.000000000000D+00
  0.000000000000D+00  0.000000000000D+00  0.000000000000D+00
  0.000000000000D+00  0.000000000000D+00  0.000000000000D+00
  0.000000000000D+00  0.000000000000D+00  0.000000000000D+00
  0.000000000000D+00  0.000000000000D+00  0.000000000000D+00
  0.000000000000D+00  0.000000000000D+00  0.000000000000D+00
  0.000000000000D+00  0.000000000000D+00  0.000000000000D+00
 displ
  0.791565338165D-06 -0.130409473899D-02  0.309553036059D-03
 -0.165891279283D-02 -0.106240327113D-05 -0.147180547134D-03
 -0.700042049384D-03 -0.679163873585D-06  0.109603492310D-03
  0.138244268699D-05 -0.505266563540D-04 -0.237407309100D-05
  0.530584695564D-03  0.657082895206D-06 -0.329482546153D-04
 -0.134033888077D-05  0.877848970251D-03  0.116806050405D-04
 -0.417826547186D-03 -0.870214000145D-04  0.109348682415D-03
  0.270112407105D-03 -0.199085451083D-02 -0.427375317916D-04
 -0.246720464092D-03  0.235993346345D-03 -0.563504968098D-03
  0.770109342064D-03  0.197605428966D-03  0.964691738391D-04
  0.217068316495D-02 -0.134617284663D-03 -0.178736712697D-03
 -0.408605247361D-04 -0.552237578606D-03  0.103229008239D-03
 -0.432829415482D-03 -0.167277271022D-03  0.205994890479D-03
  0.305257011349D-03  0.241830104333D-03 -0.136173382064D-02
  0.147607581913D-02  0.321855635914D-03 -0.111058089347D-04
 -0.198715746221D-04 -0.171941447534D-03 -0.653745425611D-03
 -0.552722331161D-03 -0.141947065396D-02 -0.108712529205D-03
  0.140148288099D-03 -0.185791988273D-03 -0.273234925752D-04
 -0.682185390076D-03 -0.198832186789D-02  0.927434897033D-04
  0.138094877384D-02 -0.528343673275D-03  0.208145898180D-03
 -0.484347037137D-03 -0.247081323641D-04  0.585971597125D-03
 -0.674576409697D-03 -0.841325616925D-04  0.137029330116D-04
 dxyz
 -0.846666485347D-03 -0.136773839025D-02 -0.312647829587D-03
 -0.673803333219D-03 -0.754144710779D-03 -0.289013291086D-03
 -0.628256311910D-03 -0.348708394081D-03 -0.394893635963D-03
 -0.762175314519D-03 -0.652297236527D-03 -0.509121453669D-03
 -0.407856304346D-03  0.427249766919D-03 -0.365272227645D-03
 -0.376338914168D-03  0.775908937924D-03 -0.460683490973D-03
 -0.233852502430D-03  0.762794390614D-03 -0.232210574466D-03
 -0.654159616824D-04  0.139312439601D-02 -0.207890658759D-03
 -0.281173979201D-03  0.354421208048D-03 -0.123613777710D-03
 -0.141006695242D-03  0.635178552544D-03 -0.123963325477D-04
 -0.494225910678D-03 -0.401930359895D-03 -0.148621448009D-03
 -0.530590624843D-03 -0.740824929817D-03 -0.547851568350D-04
  0.265619246509D-03 -0.438684318282D-03  0.271262884166D-03
  0.378693581592D-03  0.683896126961D-03  0.264740433909D-03
  0.350927501864D-03 -0.242333003859D-03  0.261128450451D-03
  0.412887527023D-03  0.376283894384D-03  0.265168930135D-03
  0.393953562792D-03 -0.624856989441D-03  0.256296923056D-03
  0.514470013084D-03  0.625320597531D-03  0.260286087774D-03
  0.354070532548D-03 -0.114656425330D-02  0.261729146416D-03
  0.563784301423D-03  0.111930772109D-02  0.267830808319D-03
  0.494472407710D-03 -0.396872644239D-03  0.247300906026D-03
  0.556849008956D-03  0.241781320428D-03  0.263690623952D-03
  0.517334920556D-03 -0.715607273866D-03  0.234091640088D-03
  0.638299733529D-03  0.435295591884D-03  0.257623042956D-03
 grado
 -0.617846924449D-05  0.145662399513D-06 -0.942052432420D-06
  0.180516135067D-05 -0.227742500220D-05  0.290294991035D-05
 -0.125726463776D-05  0.210242865024D-06 -0.169198352055D-05
 -0.434216382506D-05  0.368475858776D-05  0.114165188906D-05
 -0.309442986391D-05  0.120603920129D-05 -0.811685954264D-06
  0.727933385812D-05 -0.568730267813D-05  0.373220118140D-05
 -0.174063927973D-05 -0.534707066482D-05 -0.227007118985D-05
 -0.631636321877D-05  0.678722233803D-05 -0.229280130160D-05
 -0.279542244554D-06 -0.591738137719D-05 -0.349465363693D-05
  0.137600917428D-05 -0.532032941502D-05  0.601334489424D-07
  0.537325020596D-06 -0.219396745292D-05  0.781462557577D-05
  0.392684453942D-05  0.975905313552D-06 -0.546130066686D-05
 -0.157779982093D-04 -0.314610334215D-05 -0.237801545027D-05
 -0.351372582860D-05  0.125151744634D-05 -0.773353611074D-06
 -0.791429951838D-06 -0.979710702665D-06  0.275893545742D-05
  0.109001384329D-05  0.513562839033D-06  0.112783015710D-04
 -0.114420709462D-05 -0.214728304359D-06 -0.463471502290D-05
 -0.449220724549D-05 -0.182770393906D-05  0.172855622118D-05
  0.511730336775D-05  0.110396448486D-04 -0.748108250645D-05
  0.814115288365D-05 -0.241349618477D-05  0.903855539203D-05
  0.124345253914D-04 -0.218640168420D-05 -0.135150250638D-04
  0.753305867962D-05  0.101199419826D-04  0.444029335411D-05
$end
