$vibrational normal modes
 1  1  -0.2237300481  -0.1408753593  -0.0672107428   0.1496699328  -0.0354236649
 1  2  -0.0721417276   0.2457247944   0.1364081516  -0.0637497462  -0.0632879555
 1  3  -0.0384449007  -0.0001834876   0.0101345475   0.0347580230  -0.0353828894
 1  4   0.0023496600  -0.1645574784   0.1889391651   0.0773283453  -0.0083026489
 1  5  -0.0281561495  -0.0279395262   0.0240077549   0.0241990923   0.0176235918
 1  6   0.0076419790  -0.0358486408  -0.0375773800  -0.0164306698   0.0132223804
 1  7   0.0430395349   0.0434241717   0.0261399218  -0.0236157812  -0.0941409278
 1  8  -0.0852857514   0.1139520431  -0.0665128458  -0.0828788570   0.3325398889
 1  9  -0.3466618571   0.0234444836  -0.2535297503   0.2561823472  -0.2879940119
 1 10   0.2114011818  -0.3600280270  -0.0203579270  -0.1723718242  -0.1736203587
 1 11   0.2518627753   0.2541500693  -0.3370983319  -0.0660797588   0.3322194390
 1 12   0.0401636003   0.1725719147   0.2102849388  -0.2600943522   0.0501098775
 1 13  -0.1572608374   0.1076951453   0.1957973799   0.1858606661   0.0698179303
 1 14  -0.0676803655  -0.1636845658   0.1671601515  -0.0670917505   0.0470949091
 1 15   0.1068269128  -0.1047825789
 2  1   0.0092396044   0.0911781598  -0.2278167429  -0.0570583975   0.1866293990
 2  2   0.0216226568  -0.1423800774   0.2988065921  -0.0317571691  -0.0747424669
 2  3  -0.3532879723  -0.1124994149   0.1137190598   0.3471270956  -0.3657754811
 2  4   0.0374318504   0.0140327680  -0.0345068001  -0.0437213118  -0.0319142008
 2  5  -0.2838807722  -0.2859383902   0.2350717233   0.2365795447   0.1833666447
 2  6   0.0849926415  -0.3474154665  -0.3937267541  -0.1391611694   0.1218429580
 2  7   0.3669459555   0.3901646642   0.2794884382  -0.2765184375   0.0288962217
 2  8   0.0368428303  -0.0242944297   0.0118205433   0.0181016040  -0.0115123121
 2  9   0.0161635240  -0.0136249316   0.0079963998  -0.0099147397   0.0066969222
 2 10  -0.0059830816   0.0129598353  -0.0013697331   0.0036237427  -0.0019517039
 2 11  -0.0067290301  -0.0068058059   0.0087270908  -0.0093141179  -0.0117661832
 2 12  -0.0128428488  -0.0191854880   0.0030724876   0.0072350977  -0.0181687519
 2 13   0.0567494954  -0.0387894306  -0.0708132885  -0.0670430250  -0.0256937831
 2 14   0.0248046489   0.0594203585  -0.0602964988   0.0253393052  -0.0178279886
 2 15  -0.0383111046   0.0377164641
 3  1   0.1161439441   0.0147158102   0.0801412944  -0.2432694864  -0.0196110610
 3  2  -0.0958939029  -0.0212060675   0.0764278503   0.0303932639   0.0214725023
 3  3  -0.0449876308  -0.0191891441   0.0155518474   0.0470265841  -0.0495591507
 3  4   0.0053247456   0.0381091970   0.0926508880   0.2301844510   0.2143614131
 3  5  -0.0392653205  -0.0396322904   0.0315186313   0.0322317805   0.0259428452
 3  6   0.0111961863  -0.0466980968  -0.0535254580  -0.0213781189   0.0208531720
 3  7   0.0479609810   0.0536822803   0.0308409386  -0.0335776766  -0.1889500608
 3  8  -0.1900966001   0.2112978434  -0.1285361631  -0.0567081507  -0.1845952935
 3  9   0.1751116735   0.0890558186   0.1323611595  -0.1337716823   0.1479190631
 3 10  -0.1125806847   0.1874916830   0.0140194911   0.0869812660   0.0877785795
 3 11  -0.1316095817  -0.1328243123   0.1773755562   0.1190929327  -0.1477703097
 3 12   0.0679202602   0.0262985580  -0.1675281465   0.1319657849   0.1038030918
 3 13  -0.3041782019   0.2081992653   0.3791468941   0.3597671155   0.1386753243
 3 14  -0.1346577115  -0.3170110748   0.3236402550  -0.1377506188   0.0976341961
 3 15   0.2049636332  -0.2008781184
 4  1  -0.1261291715  -0.0814716646  -0.0316281434   0.0796149072  -0.0004758531
 4  2  -0.0493476087   0.2455365477   0.0948440698  -0.0663981384  -0.0643139689
 4  3  -0.0209248583  -0.0014026628   0.0044280709   0.0155099931  -0.0157475030
 4  4   0.0013611045   0.0752504647   0.0058116042   0.1313324565   0.1465251778
 4  5   0.0020178174   0.0017704774   0.0147592501   0.0143618328  -0.0029663276
 4  6  -0.0015937836   0.0048146312   0.0060656099   0.0001501357   0.0003446114
 4  7  -0.0050031699  -0.0046092259  -0.0063885068   0.0059143722  -0.0886266320
 4  8  -0.0866159830   0.1111382035  -0.0665248512  -0.0445878883   0.0484488653
 4  9  -0.0558391841   0.0356617896  -0.0185189547   0.0191726746  -0.0328745907
 4 10   0.0217469460  -0.0399659644  -0.0001790562   0.1902359462   0.1933796358
 4 11  -0.0380990197  -0.0383966905   0.0926337904   0.0552304064  -0.0794789152
 4 12   0.0284320530  -0.0544828346  -0.2062591996   0.2022196937   0.0511874907
 4 13   0.0134080931  -0.0091638245  -0.0169135934  -0.0160478640  -0.0050575105
 4 14   0.0049180197   0.0148867643  -0.0151263671   0.0041452438  -0.0026897669
 4 15  -0.0104239902   0.0103162295
 5  1   0.0056257470   0.0712274953  -0.1650290965  -0.0255004285   0.1484585863
 5  2  -0.0456431226  -0.1137733294   0.1648084213  -0.0460350364  -0.0680883916
 5  3  -0.1973396237  -0.1166371601   0.0535748742   0.1566772858  -0.1666169990
 5  4   0.0187703206   0.0063537377  -0.0261446245  -0.0404708728  -0.0328483064
 5  5   0.0235988781   0.0228759950   0.1502539965   0.1512628425  -0.0281256908
 5  6  -0.0122550430   0.0526294317   0.0595126090   0.0199377857  -0.0164272545
 5  7  -0.0688833985  -0.0731656028  -0.0369335197   0.0369203466   0.0320070283
 5  8   0.0299849635  -0.0406700385   0.0246658898   0.0131544334   0.0006752536
 5  9   0.0014136252  -0.0135502741  -0.0000501121   0.0000324092   0.0014252163
 5 10   0.0001115957   0.0008231360  -0.0005815625  -0.0046752423  -0.0033780666
 5 11   0.0010641692   0.0010190146  -0.0026178593  -0.0105938903  -0.0007895323
 5 12  -0.0105843845  -0.0124186304   0.0123585465  -0.0049993786  -0.0171850363
 5 13  -0.0047377729   0.0032444237   0.0060359234   0.0057290608   0.0022088686
 5 14  -0.0021113669  -0.0053222100   0.0053829463  -0.0022215099   0.0015431516
 5 15   0.0035410282  -0.0035110037
 6  1   0.0652013027  -0.0196051920   0.0735158959  -0.2012976095  -0.0447302549
 6  2  -0.1201760512  -0.0157761856   0.0727629524   0.0290849240   0.0232997924
 6  3  -0.0250107946  -0.0194112287   0.0073568309   0.0213431191  -0.0225972177
 6  4   0.0023131791  -0.0870604261   0.1895549413   0.2044116907   0.1354609234
 6  5   0.0025844413   0.0025814672   0.0205040616   0.0214269620  -0.0031208001
 6  6  -0.0021053976   0.0070980528   0.0083203215  -0.0005101079   0.0017125020
 6  7  -0.0085896035  -0.0078972751  -0.0114885462   0.0098288474  -0.1713570789
 6  8  -0.1708075496   0.2131730209  -0.1281535958  -0.0704457126  -0.0352197845
 6  9   0.0229585385   0.0760033660   0.0096494801  -0.0098678744   0.0152811823
 6 10  -0.0138095950   0.0204489116   0.0036604730  -0.1009701808  -0.1016974538
 6 11   0.0193619324   0.0194710907  -0.0464954353   0.0407375836   0.0617195912
 6 12   0.0579226594   0.1334772263   0.0544088724  -0.1079729193   0.0908097006
 6 13   0.0251939200  -0.0172502229  -0.0322193299  -0.0305832480  -0.0125037726
 6 14   0.0120951507   0.0282990786  -0.0288492770   0.0133289584  -0.0095493418
 6 15  -0.0186119919   0.0182592025
 7  1  -0.1185868174  -0.0821049360  -0.0224070988   0.0772393283   0.0055242114
 7  2  -0.0474144393   0.2514879648   0.0843503109  -0.0725650934  -0.0449842970
 7  3  -0.0122974120  -0.0142182928   0.0105625079  -0.0112861544   0.0092390433
 7  4   0.0120179343   0.0475497132   0.0448742327   0.1581445994   0.1574802124
 7  5   0.0021027002   0.0020101785  -0.0133992699  -0.0139221977   0.0021568984
 7  6   0.0038935737   0.0048255158   0.0030852411   0.0021397047  -0.0032009157
 7  7   0.0050603379   0.0043706331   0.0013229664  -0.0009752999   0.1069984723
 7  8   0.1064247895   0.1336046770  -0.0798735666   0.0674134195  -0.0079351211
 7  9   0.0197950502  -0.0649019924   0.0156598315  -0.0165068342  -0.0048557531
 7 10  -0.0376158672   0.0167528942   0.0342292388  -0.1787080526  -0.1810833661
 7 11  -0.0348610692  -0.0350751859   0.0110454589  -0.0851834638  -0.0389581306
 7 12  -0.0936388638  -0.0565912143   0.1956282465  -0.1421583570  -0.1438478052
 7 13   0.0083446210  -0.0059791686  -0.0059668547  -0.0060124833  -0.0169139941
 7 14   0.0162533463  -0.0161520746   0.0158102523   0.0118326207  -0.0102943138
 7 15   0.0189869197  -0.0197980260
 8  1   0.0244866506   0.0272175715  -0.0848558883  -0.0064024120   0.1889427224
 8  2  -0.0427517278  -0.0486280300   0.0734802277  -0.1117340738   0.1381089805
 8  3  -0.1118813248  -0.2481088837   0.1137091756  -0.1255254224   0.1000623969
 8  4   0.1340749011   0.0212934934  -0.0202573479  -0.0003675278   0.0088286593
 8  5   0.0245231194   0.0252553856  -0.1475102712  -0.1481789254   0.0312223456
 8  6   0.0420841867   0.0511145458   0.0362586188   0.0482036078  -0.0522904885
 8  7   0.0447267458   0.0432776092   0.0517817640  -0.0513703705   0.0099683737
 8  8   0.0113945138   0.0291734702  -0.0176595516  -0.0046221626  -0.0096825091
 8  9   0.0090011119   0.0051063491  -0.0026564124   0.0026816527   0.0000350305
 8 10   0.0067762101  -0.0034687338  -0.0058472622   0.0317946982   0.0326534473
 8 11   0.0061029052   0.0061956443  -0.0110066523   0.0073561894   0.0139865616
 8 12   0.0114156562   0.0244774638  -0.0255945673   0.0103845102   0.0341935268
 8 13   0.0011840463  -0.0008399617  -0.0010236240  -0.0010405164  -0.0021792282
 8 14   0.0020817472  -0.0015744307   0.0015059876   0.0019183295  -0.0015945234
 8 15   0.0026026534  -0.0027022231
 9  1  -0.0748712250  -0.1148637740   0.0413759069  -0.0923905108  -0.0952194261
 9  2  -0.1621418653  -0.0025997058   0.1013579623   0.0216957741   0.0547195989
 9  3  -0.0171025118  -0.0360267018   0.0154391800  -0.0167520670   0.0131362709
 9  4   0.0177936189  -0.2009589068   0.1220053746  -0.1004840966  -0.1775634467
 9  5   0.0031655446   0.0035349202  -0.0199574293  -0.0190005881   0.0043564865
 9  6   0.0052049437   0.0073727532   0.0050316042   0.0103362284  -0.0107337480
 9  7   0.0046792495   0.0051024769   0.0121973286  -0.0119701140  -0.1630676239
 9  8  -0.1590547697  -0.2024456213   0.1213573030  -0.0172109531   0.0759699087
 9  9  -0.0779019255   0.0034324341   0.0106997766  -0.0112479317  -0.0005363631
 9 10  -0.0244665024   0.0136746160   0.0209725101  -0.1137742387  -0.1162811295
 9 11  -0.0223672789  -0.0225059780   0.0740381174   0.0026134917  -0.0767053698
 9 12  -0.0212557018  -0.1434281419   0.0558023630   0.0180097274  -0.1525526172
 9 13  -0.0134119997   0.0095759511   0.0108944897   0.0109813486   0.0257694334
 9 14  -0.0247156709   0.0210711837  -0.0205189015  -0.0207903507   0.0176276454
 9 15  -0.0301934023   0.0314393141
10  1  -0.2103980860  -0.1415715947  -0.0511953900   0.1451465791  -0.0249256183
10  2  -0.0686840688   0.2559102586   0.1176244187  -0.0748842281  -0.0289250082
10  3  -0.0233374018  -0.0225326823   0.0233806829  -0.0245188176   0.0188910506
10  4   0.0269795242   0.1941397917  -0.1767300678  -0.0076179766   0.0806455309
10  5  -0.0250889573  -0.0248532196  -0.0255139900  -0.0256532752  -0.0215158968
10  6  -0.0252238386  -0.0292692011  -0.0224272840  -0.0224177160   0.0227455820
10  7  -0.0211299723  -0.0174566135  -0.0360892676   0.0358622803   0.1186358600
10  8   0.1223272123   0.1277706349  -0.0756193362   0.2849573992   0.1513494855
10  9  -0.0964044435  -0.3057551616   0.2242270455  -0.2300079075  -0.0393596357
10 10  -0.3463589130   0.1587524699   0.3112068159   0.1559110894   0.1577386519
10 11   0.2374141659   0.2392956649  -0.1918140564   0.1859117991   0.2622833562
10 12   0.2587810801   0.1901593188  -0.1749098617   0.0636980363   0.2512516959
10 13  -0.1054675396   0.0751490921   0.0805038471   0.0805176338   0.1996783745
10 14  -0.1914200665   0.1670173917  -0.1630262436  -0.1465453591   0.1253894690
10 15  -0.2141164654   0.2231806669
11  1   0.0432755242   0.0128479272  -0.0850504760  -0.0230052375   0.2585315039
11  2   0.0265834417  -0.0264349461   0.1356118822  -0.1488418554   0.2946799013
11  3  -0.2007542458  -0.3515690566   0.2503893873  -0.2718612670   0.2229792771
11  4   0.2919042049  -0.0028226865   0.0166997049   0.0298133449   0.0190666008
11  5  -0.2862173696  -0.2799910562  -0.2640215926  -0.2670787573  -0.2020542476
11  6  -0.2811428542  -0.3426276934  -0.2423865295  -0.2376913087   0.2566115719
11  7  -0.2381557215  -0.2311388528  -0.3521287317   0.3463192559   0.0224385563
11  8   0.0082342494  -0.0653423174   0.0416839277  -0.0399667422  -0.0381804818
11  9   0.0264479464   0.0540294241  -0.0419212514   0.0437318810   0.0079476350
11 10   0.0626820385  -0.0306397783  -0.0567908530  -0.0269360519  -0.0269625822
11 11  -0.0425997142  -0.0431499408   0.0233995109  -0.0441590488  -0.0381783206
11 12  -0.0524302148  -0.0181278324   0.0407562704  -0.0264265506  -0.0368020778
11 13  -0.0141905301   0.0101361661   0.0109821792   0.0111573716   0.0267283775
11 14  -0.0254078170   0.0216000252  -0.0208170486  -0.0201802461   0.0170855303
11 15  -0.0288152498   0.0299194756
12  1  -0.1329829937  -0.1547644106   0.0226442042  -0.0496801212  -0.1089989675
12  2  -0.1699754048   0.0021936116   0.1285867422   0.0167882554   0.0789576949
12  3  -0.0322726216  -0.0508854487   0.0358400317  -0.0382258926   0.0302841758
12  4   0.0414793235  -0.1065895675  -0.0192562052  -0.2047445895  -0.2253164432
12  5  -0.0415669182  -0.0403694230  -0.0379616728  -0.0370941560  -0.0311535151
12  6  -0.0415042354  -0.0492300177  -0.0354388371  -0.0304871996   0.0328354717
12  7  -0.0365723296  -0.0326623623  -0.0470496513   0.0464406944  -0.1755526681
12  8  -0.1692518707  -0.2113111469   0.1273629005   0.1164868246   0.1830598520
12  9  -0.1583941980  -0.1456700399   0.1429063156  -0.1464627350  -0.0223893503
12 10  -0.2201752652   0.1035509626   0.1966873369   0.0987012677   0.0981505066
12 11   0.1502120474   0.1513856426  -0.0399710738   0.1870272360   0.1027976123
12 12   0.2102550532   0.0014871653  -0.1866074583   0.1601608421   0.0909469571
12 13   0.1630206425  -0.1162810324  -0.1257216980  -0.1261667791  -0.3072199432
12 14   0.2943962951  -0.2517321843   0.2453559319   0.2290538155  -0.1955656551
12 15   0.3306148170  -0.3449268587
13  1   0.0072587869  -0.0056627306   0.0228539498  -0.0127377029   0.0501457693
13  2  -0.0182019638   0.2509187934   0.0315919104  -0.0755928148  -0.0480717158
13  3   0.0079090785  -0.0151330910  -0.0148482444  -0.0028358957   0.0061643929
13  4  -0.0138285694  -0.2355846208   0.2523350341   0.0799965860  -0.0382249395
13  5   0.0020652951   0.0017857178   0.0132105924   0.0144523377   0.0050148757
13  6   0.0054682394   0.0000365393  -0.0013835939  -0.0015432573   0.0016564449
13  7  -0.0002496093  -0.0016879044   0.0032995525  -0.0025320613   0.1936406495
13  8   0.1900300063  -0.2456497218   0.1470848685  -0.0347439376  -0.0776820908
13  9   0.0694175128   0.0473121975   0.0002410615  -0.0003154168  -0.0009623098
13 10  -0.0029142675   0.0012403381   0.0028302029  -0.0102160031  -0.0096195740
13 11   0.0020089667   0.0020148941  -0.0529252513   0.0195813194   0.0619238682
13 12   0.0380117378  -0.0069139875  -0.1070189721   0.0951488663   0.0463559111
13 13  -0.0155533093   0.0111247804  -0.0115196291  -0.0114856308   0.0311932107
13 14  -0.0301945846   0.0257469926  -0.0260258283   0.0252980624  -0.0180126021
13 15   0.0356932408  -0.0373254709
14  1   0.0194007097   0.0015912407  -0.0042436139   0.0341008349   0.1399930836
14  2  -0.1290563146  -0.0118817766  -0.0955585821  -0.1311938703   0.1439858349
14  3   0.0795198794  -0.2583189060  -0.1650239218  -0.0333519370   0.0696540048
14  4  -0.1519993291   0.0287140303  -0.0217326317   0.0064611016   0.0174889628
14  5   0.0243971061   0.0244921345   0.1482292828   0.1484576828   0.0612089787
14  6   0.0565527339   0.0016327943  -0.0184994473  -0.0587187802   0.0594183153
14  7   0.0274074592   0.0321709588  -0.0515318094   0.0510513863  -0.0198689288
14  8  -0.0158952704   0.0041117918  -0.0022389834  -0.0037776620   0.0105309508
14  9  -0.0110357880   0.0030302618   0.0027267111  -0.0029832535  -0.0054025078
14 10  -0.0029060559  -0.0032736427   0.0052721022  -0.0273323766  -0.0275710951
14 11   0.0054155057   0.0054081211   0.0119332280   0.0114674610  -0.0086479129
14 12   0.0082536688  -0.0305981095   0.0089329634   0.0067340110  -0.0306722576
14 13   0.0013802807  -0.0009899903   0.0011346979   0.0011252805  -0.0026999265
14 14   0.0026140535  -0.0019617988   0.0020089437  -0.0023743433   0.0017281165
14 15  -0.0031947316   0.0033456246
15  1  -0.1406769410  -0.1589279462   0.0325930416  -0.0386561232  -0.1270827130
15  2  -0.1928057576   0.0043335245   0.0979187965   0.0199150514   0.0574242128
15  3   0.0070490970  -0.0361449005  -0.0220965721  -0.0050717439   0.0093747229
15  4  -0.0206002242  -0.0465149772  -0.0131389579  -0.0985243256  -0.1057590118
15  5   0.0033776085   0.0033399368   0.0198097028   0.0200539602   0.0080315206
15  6   0.0077017473   0.0007152339  -0.0025235887  -0.0076979290   0.0072899869
15  7   0.0040733565   0.0048545827  -0.0070243059   0.0073282038   0.0058423094
15  8   0.0049096784  -0.0120198252   0.0074828957   0.0530263664  -0.0242664670
15  9   0.0343846506  -0.0478018469  -0.0187107431   0.0197168630   0.0409844554
15 10   0.0191148288   0.0238666649  -0.0388591378   0.2120791949   0.2155804071
15 11  -0.0416847821  -0.0420388717  -0.0540164125  -0.0995534047   0.0241494583
15 12  -0.0876668025   0.2334018054   0.0073206160  -0.1138993945   0.2001302841
15 13  -0.0009194386   0.0006415217  -0.0013698715  -0.0013921451   0.0011452244
15 14  -0.0010933552  -0.0010766260   0.0010268573   0.0023031868  -0.0018790472
15 15   0.0019299616  -0.0019912222
16  1   0.0129962146  -0.0056340145   0.0292523692  -0.0148469780   0.0543984482
16  2  -0.0167444815   0.2548731833   0.0243187398  -0.0797522863  -0.0352390305
16  3   0.0132040102  -0.0238466930  -0.0308886609  -0.0057362328   0.0130135741
16  4  -0.0285886564  -0.2394504858   0.2479915865   0.0665247415  -0.0518220126
16  5  -0.0233961792  -0.0234034225   0.0214711738   0.0231960686  -0.0320090236
16  6  -0.0294189363  -0.0009025942   0.0101522006   0.0263739263  -0.0262934353
16  7  -0.0150765484  -0.0184578642   0.0353245349  -0.0339978777   0.2120030425
16  8   0.2058388237  -0.2331966320   0.1393752393  -0.0521862587  -0.0776447752
16  9   0.0656493529   0.0634118047   0.0125846104  -0.0129495772  -0.0179588622
16 10  -0.0109270954  -0.0082493081   0.0188311008   0.0100229388   0.0113571381
16 11  -0.0145701182  -0.0146651325  -0.0775131315  -0.0011742755   0.0813018078
16 12   0.0236901637   0.0209969593  -0.1172142516   0.0908366711   0.0758528338
16 13   0.1913878087  -0.1365776864   0.1392442147   0.1381582735  -0.3709171930
16 14   0.3584603522  -0.2931280302   0.2961372685  -0.2886894016   0.2057046944
16 15  -0.3944606296   0.4130901565
17  1   0.0356964621  -0.0327147660   0.0582794318   0.0490117030   0.1714918586
17  2  -0.1268738644   0.0388984223  -0.1711240141  -0.1847571945   0.3076170667
17  3   0.1457862520  -0.3715015910  -0.3664733641  -0.0697114198   0.1572858643
17  4  -0.3382201703   0.0144848291  -0.0323330046  -0.0280866712  -0.0204236157
17  5  -0.2929954111  -0.2882505059   0.2504421321   0.2589654004  -0.4001222799
17  6  -0.3734337694  -0.0057560551   0.1228515294   0.2883011626  -0.2872730277
17  7  -0.1526713240  -0.1743873625   0.3421874280  -0.3370733692  -0.0130807177
17  8  -0.0345818319   0.1295770624  -0.0804121294  -0.0396524888   0.0241239046
17  9  -0.0339026271   0.0266246528   0.0317803210  -0.0319741801  -0.0460099180
17 10  -0.0205820747  -0.0247817837   0.0429522286   0.0240564499   0.0240154518
17 11  -0.0350184040  -0.0351364693  -0.0175122670  -0.0470836548   0.0040224898
17 12  -0.0452743181   0.0383533878   0.0131576704  -0.0295217239   0.0259387762
17 13  -0.0164249328   0.0117265418  -0.0121129850  -0.0119508005   0.0316973964
17 14  -0.0307979812   0.0246665181  -0.0250993131   0.0248925775  -0.0178584684
17 15   0.0338030999  -0.0356121011
18  1  -0.2495709082  -0.2331050478   0.0070104056   0.0458425042  -0.1656214392
18  2  -0.2244569562   0.0145174252   0.1211528574   0.0145014108   0.0818002685
18  3   0.0118484743  -0.0505231163  -0.0472125730  -0.0102425236   0.0224688273
18  4  -0.0433471106   0.0475003805   0.0438920974   0.1560926135   0.1563310908
18  5  -0.0375365885  -0.0368685192   0.0313263811   0.0334039340  -0.0501558085
18  6  -0.0470259117   0.0034226175   0.0152829391   0.0362857806  -0.0383198443
18  7  -0.0152254862  -0.0212757218   0.0414490946  -0.0402033633   0.0060871284
18  8  -0.0049074009   0.0071694774  -0.0045609510   0.3476516866  -0.1436781455
18  9   0.2067373186  -0.3181082024  -0.2651770019   0.2725532915   0.3742492905
18 10   0.1822129472   0.2124541835  -0.3587337294  -0.1825329224  -0.1834222689
18 11   0.2813456287   0.2835263137   0.1886218235   0.3707207306  -0.0782600549
18 12   0.3288591262  -0.2971671520  -0.0188381598   0.1538491526  -0.2502216193
18 13   0.0080800980  -0.0058392227   0.0065642531   0.0067896231  -0.0149733614
18 14   0.0143839977  -0.0088985744   0.0089174898  -0.0134264711   0.0099874399
18 15  -0.0165205701   0.0174059071
19  1   0.1252513490   0.0714904963   0.0589245295  -0.1004256437   0.0888023857
19  2   0.0091035503   0.2443880455  -0.0101056771  -0.0728293760  -0.0698256793
19  3   0.0214978275  -0.0037276315   0.0050740263   0.0147296631  -0.0152723247
19  4   0.0014513947  -0.0749471373  -0.0063996149  -0.1319464020  -0.1471921031
19  5   0.0025846433   0.0023833484  -0.0141401773  -0.0134262277   0.0022205463
19  6   0.0015030610  -0.0052585529  -0.0053647142  -0.0015481095   0.0019194824
19  7  -0.0049703683  -0.0054346336   0.0006315735  -0.0011599506   0.0887394265
19  8   0.0892351935   0.1110782287  -0.0668538321  -0.0444684777   0.0463796923
19  9  -0.0551351389   0.0360298567  -0.0182740633   0.0188616120   0.0332137585
19 10  -0.0214577425   0.0400042272  -0.0008523041   0.1917027835   0.1942331506
19 11   0.0374934272   0.0376693485   0.0919641110   0.0555225734  -0.0783142474
19 12   0.0285804234   0.0533990368   0.2076127931  -0.2027254947  -0.0552947281
19 13   0.0124932550  -0.0085599110   0.0161216040   0.0153156174  -0.0079225197
19 14   0.0077969918   0.0146751477  -0.0146410489  -0.0076931132   0.0075835230
19 15   0.0092928455  -0.0090906173
20  1  -0.0060252557   0.0199495820  -0.0037269703   0.0555443688   0.0505150425
20  2  -0.2183325251  -0.0402445488  -0.1722223262  -0.0854227160  -0.0556031748
20  3   0.1950274784  -0.1363304774   0.0498697042   0.1595992140  -0.1675181204
20  4   0.0182982226  -0.0062366239   0.0247908364   0.0380323101   0.0313779824
20  5   0.0243552706   0.0243360349  -0.1494050288  -0.1507067876   0.0277670406
20  6   0.0127702481  -0.0508984426  -0.0574549791   0.0022110869   0.0009217527
20  7  -0.0728555130  -0.0750911742   0.0392929058  -0.0385531003  -0.0315435515
20  8  -0.0333261699  -0.0250855328   0.0143319251   0.0147170558   0.0018625583
20  9   0.0009333985  -0.0143311703  -0.0000407376   0.0001218458  -0.0006570789
20 10   0.0008224944  -0.0006851244   0.0001581091  -0.0049689694  -0.0037422669
20 11  -0.0009414320  -0.0008842685  -0.0023619563  -0.0105572437  -0.0011155001
20 12  -0.0102090654   0.0127572251  -0.0127649539   0.0051309857   0.0169595811
20 13  -0.0043244771   0.0029551458  -0.0055483960  -0.0052662301   0.0023227800
20 14  -0.0023322299  -0.0050116437   0.0050573972   0.0019240045  -0.0020479714
20 15  -0.0033604063   0.0032779218
21  1  -0.0664920456  -0.1077765960   0.0559332249  -0.0937809360  -0.1084762779
21  2  -0.1815183447  -0.0019041010   0.0659585932   0.0251646587   0.0290965617
21  3   0.0238179594  -0.0205134052   0.0056945465   0.0202504977  -0.0216255491
21  4   0.0018625095   0.0873866867  -0.1895204861  -0.2045447869  -0.1354320857
21  5   0.0036342674   0.0037296281  -0.0195573675  -0.0198984939   0.0035726179
21  6   0.0019934567  -0.0069869418  -0.0071113505  -0.0032890285   0.0037583396
21  7  -0.0083059366  -0.0094807767   0.0003761172  -0.0008475957   0.1722276211
21  8   0.1699582956   0.2150032923  -0.1291967270  -0.0696197452  -0.0390825318
21  9   0.0243434129   0.0757204003   0.0092578886  -0.0097242240  -0.0155121542
21 10   0.0137661868  -0.0208683118  -0.0030779838  -0.0985189387  -0.1001038049
21 11  -0.0199326657  -0.0200775091  -0.0478570906   0.0398467647   0.0633805838
21 12   0.0578725060  -0.1322485754  -0.0539770877   0.1074420526  -0.0887537050
21 13   0.0250102194  -0.0171033457   0.0318808061   0.0302795212  -0.0126546488
21 14   0.0125449074   0.0288815386  -0.0289548494  -0.0095707818   0.0104024578
21 15   0.0195917702  -0.0193386170
22  1   0.2227339566   0.1313093163   0.0938970822  -0.1706909454   0.1234244205
22  2   0.0318623121   0.2436663382  -0.0508704932  -0.0753364890  -0.0731909174
22  3   0.0384414366  -0.0049918502   0.0115830274   0.0328794491  -0.0334910838
22  4   0.0047635800   0.1649588375  -0.1898987064  -0.0798917174   0.0072997190
22  5  -0.0256596693  -0.0253791550  -0.0236594071  -0.0230742578  -0.0193588773
22  6  -0.0077139393   0.0316032617   0.0353076151   0.0023724579  -0.0034717235
22  7   0.0454739390   0.0432357407  -0.0313609210   0.0275435977   0.0997739526
22  8   0.1078792941   0.1012102276  -0.0624164016  -0.0833348926   0.3295470894
22  9  -0.3453224628   0.0258420667  -0.2508316165   0.2535711364   0.2994486743
22 10  -0.1984628711   0.3625547229  -0.0026351296  -0.1718802082  -0.1736182001
22 11  -0.2516475067  -0.2538217351  -0.3378592695  -0.0660724069   0.3331248772
22 12   0.0399299942  -0.1667816435  -0.2123748731   0.2594376442  -0.0414263073
22 13  -0.1538013890   0.1051626031  -0.1922799319  -0.1824504531   0.0804165892
22 14  -0.0798883877  -0.1660022433   0.1664469207   0.0647896211  -0.0678618344
22 15  -0.1070554497   0.1051086844
23  1  -0.0094324863  -0.0000734536   0.0592151712   0.0871533637   0.0123623751
23  2  -0.2856523048  -0.0115314668  -0.3054937942  -0.1024484891  -0.0529549789
23  3   0.3498633236  -0.1482120979   0.1128718520   0.3480148106  -0.3644417819
23  4   0.0426651394  -0.0111856549   0.0250335835   0.0316308205   0.0241937853
23  5  -0.2794629667  -0.2795243193  -0.2457750199  -0.2421644081  -0.1875075529
23  6  -0.0851041926   0.3381298288   0.3846647006   0.0264975016  -0.0465424736
23  7   0.4044783216   0.4147524397  -0.2827394527   0.2779207306  -0.0321736360
23  8  -0.0199806118  -0.1106289806   0.0712003962   0.0083307542  -0.0134154791
23  9   0.0170688691  -0.0090474493   0.0081040201  -0.0101154358  -0.0093796725
23 10   0.0028474026  -0.0132319576  -0.0001013402   0.0032071443  -0.0020943326
23 11   0.0069985196   0.0071315563   0.0090976722  -0.0090752512  -0.0122849380
23 12  -0.0122690126   0.0182449821  -0.0026236849  -0.0072416052   0.0173141914
23 13   0.0520435628  -0.0356617873   0.0649743681   0.0618224808  -0.0267238977
23 14   0.0266982869   0.0558380426  -0.0564176994  -0.0208605446   0.0222190228
23 15   0.0364640601  -0.0356592483
24  1  -0.1175402102  -0.1421924591   0.0488353703  -0.0519436083  -0.1330298206
24  2  -0.2050277626   0.0034782288   0.0638919377   0.0234857279   0.0313848891
24  3   0.0421403686  -0.0220074769   0.0131914091   0.0437186087  -0.0466070930
24  4   0.0044594651  -0.0379210946  -0.0935988795  -0.2311756947  -0.2155256309
24  5  -0.0347209131  -0.0350225779  -0.0314448956  -0.0308388045  -0.0228604905
24  6  -0.0103015956   0.0415617528   0.0492282914  -0.0008066381  -0.0017611657
24  7   0.0488732803   0.0507741228  -0.0391441659   0.0393591303   0.1862600788
24  8   0.1824758324   0.2016341911  -0.1194957760  -0.0575082281  -0.1893262813
24  9   0.1769456253   0.0886710924   0.1308476269  -0.1329825939  -0.1547728606
24 10   0.1054451292  -0.1900366062  -0.0022986322   0.0913712408   0.0903020567
24 11   0.1308988273   0.1320011471   0.1765295754   0.1185067436  -0.1464146389
24 12   0.0680684454  -0.0283884541   0.1707940509  -0.1338624006  -0.1084888879
24 13  -0.2983797183   0.2041478006  -0.3726865464  -0.3538294278   0.1523250933
24 14  -0.1511824329  -0.3214504241   0.3227680407   0.1176867813  -0.1250667246
24 15  -0.2093229294   0.2056988718
25  1   0.1178843807   0.0723117066   0.0495737902  -0.0981929068   0.0827520717
25  2   0.0071875795   0.2382858969   0.0003709848  -0.0666704956  -0.0897953939
25  3   0.0138400701   0.0093082102   0.0110671395  -0.0129361595   0.0101642435
25  4   0.0127360750  -0.0471991840  -0.0444451399  -0.1576674668  -0.1568791979
25  5   0.0021970944   0.0027894727   0.0152505104   0.0157630216  -0.0026169999
25  6  -0.0041694221  -0.0047594515  -0.0044366287   0.0030176184  -0.0045350781
25  7   0.0050176156   0.0055502492  -0.0064748160   0.0067857607  -0.1053099954
25  8  -0.1042138975   0.1335679002  -0.0796283746   0.0666456496  -0.0045307282
25  9   0.0177701772  -0.0645339162   0.0193421536  -0.0197166602   0.0049893356
25 10   0.0365631101  -0.0164616475  -0.0326313428  -0.1804991221  -0.1829369378
25 11   0.0358209583   0.0361610610   0.0127864781  -0.0840275708  -0.0411960768
25 12  -0.0928417206   0.0547463259  -0.1953319457   0.1420335457   0.1432442723
25 13   0.0192756929  -0.0132828532   0.0102629845   0.0098698536   0.0149867219
25 14  -0.0142304028  -0.0093743552   0.0087885124   0.0203398020  -0.0174081198
25 15  -0.0089533257   0.0087342530
26  1  -0.0252016072   0.0639343204  -0.0838157119   0.0364906978   0.0099715955
26  2  -0.2213223322  -0.1053539175  -0.0800792751  -0.0183443727  -0.2615835816
26  3   0.1140401090   0.0007497506   0.1133050797  -0.1251611486   0.1003651403
26  4   0.1360443834  -0.0199621204   0.0200717434   0.0023378088  -0.0074197728
26  5   0.0220834282   0.0227569726   0.1534544364   0.1551052507  -0.0301046669
26  6  -0.0431281371  -0.0544353192  -0.0430476816   0.0565463874  -0.0644030108
26  7   0.0429518418   0.0417692118  -0.0240911215   0.0251185081  -0.0113329873
26  8  -0.0110815527   0.0127367274  -0.0074651986  -0.0046821068  -0.0104617028
26  9   0.0094105477   0.0065909283  -0.0032695513   0.0032919634  -0.0008419059
26 10  -0.0066217208   0.0032737132   0.0056177818   0.0322438839   0.0320839299
26 11  -0.0062247211  -0.0063295487  -0.0110596635   0.0076913897   0.0141913791
26 12   0.0117593611  -0.0239352076   0.0257886526  -0.0112871630  -0.0335115952
26 13   0.0020290057  -0.0014066541   0.0013790513   0.0013330084   0.0013184766
26 14  -0.0012937923  -0.0005234328   0.0004903549   0.0024337563  -0.0020642355
26 15  -0.0008925853   0.0008364961
27  1   0.0737332722  -0.0125445718   0.0879481943  -0.2027217028  -0.0578388850
27  2  -0.1393496037  -0.0150928947   0.0369064307   0.0326499497  -0.0018881502
27  3   0.0165124149  -0.0040826291   0.0146650790  -0.0158278452   0.0129020709
27  4   0.0176871615   0.2007378239  -0.1215422462   0.1008573520   0.1777328506
27  5   0.0031802520   0.0028470316   0.0196164946   0.0184226200  -0.0047897673
27  6  -0.0053939097  -0.0074749432  -0.0057875394   0.0109203444  -0.0119955129
27  7   0.0053352651   0.0028648468   0.0031731792  -0.0021334408   0.1657976270
27  8   0.1660481243  -0.2056329910   0.1233655125  -0.0170399388   0.0733333253
27  9  -0.0775352990   0.0037399588   0.0117582681  -0.0123179963  -0.0010888185
27 10   0.0231628701  -0.0136211044  -0.0186939097  -0.1131591009  -0.1142586765
27 11   0.0225012047   0.0226748802   0.0756128419   0.0034406375  -0.0786288321
27 12  -0.0210751449   0.1398065093  -0.0544937409  -0.0176243887   0.1485214379
27 13  -0.0296996433   0.0204712389  -0.0181194229  -0.0173400288  -0.0212016093
27 14   0.0201606200   0.0111091017  -0.0101937230  -0.0336025775   0.0283946074
27 15   0.0133286385  -0.0129770774
28  1   0.2097443443   0.1325218920   0.0775469153  -0.1665670286   0.1128025956
28  2   0.0284567796   0.2330800850  -0.0322445681  -0.0641565531  -0.1077418990
28  3   0.0243527400   0.0182163996   0.0240860006  -0.0260825199   0.0208720558
28  4   0.0276271805  -0.1927794867   0.1767430594   0.0096891073  -0.0803243727
28  5  -0.0271908519  -0.0272304999   0.0213995772   0.0232280623   0.0195548797
28  6   0.0275729126   0.0355804767   0.0262348016  -0.0360371391   0.0375595818
28  7  -0.0201425496  -0.0184793793   0.0143609683  -0.0123377292  -0.1129682831
28  8  -0.1101590238   0.1377102316  -0.0804007598   0.2849850837   0.1600308451
28  9  -0.1042328050  -0.3091917808   0.2531488905  -0.2545883013   0.0251802656
28 10   0.3269269907  -0.1623726868  -0.2840673921   0.1615198660   0.1564700096
28 11  -0.2384540449  -0.2402107424  -0.1957084900   0.1818215051   0.2646090965
28 12   0.2553436922  -0.1837202538   0.1737341475  -0.0644248572  -0.2439077383
28 13  -0.2304964541   0.1588506487  -0.1308119855  -0.1254205466  -0.1644165134
28 14   0.1564013731   0.0892517632  -0.0828221040  -0.2356970089   0.2003062650
28 15   0.0947344454  -0.0919589092
29  1  -0.0448862189   0.0782247860  -0.0833813728   0.0532105968  -0.0597485068
29  2  -0.2908999915  -0.1274331391  -0.1396085145   0.0168960265  -0.4189276229
29  3   0.2049995727   0.0989293167   0.2403658637  -0.2674900650   0.2149840356
29  4   0.2899684963   0.0097734322  -0.0225127981  -0.0285695942  -0.0241012252
29  5  -0.2821877948  -0.2847535436   0.2104996320   0.2192860271   0.2033832160
29  6   0.2898526328   0.3646792107   0.2839031156  -0.3454902909   0.3940265174
29  7  -0.2410933853  -0.2308088704   0.2042141891  -0.2114277788  -0.0148844732
29  8  -0.0156310538   0.0246217220  -0.0209648467  -0.0391336324  -0.0321800520
29  9   0.0252853525   0.0443237517  -0.0452527293   0.0464650831  -0.0023437063
29 10  -0.0576982458   0.0298834306   0.0511216624  -0.0287317875  -0.0259430159
29 11   0.0423292831   0.0426569070   0.0245718501  -0.0416705696  -0.0388352760
29 12  -0.0518551698   0.0187551366  -0.0402690137   0.0255743188   0.0366028860
29 13  -0.0245942803   0.0169888548  -0.0143131263  -0.0138046404  -0.0170919934
29 14   0.0163624016   0.0087879775  -0.0081904125  -0.0254855111   0.0217304430
29 15   0.0100144557  -0.0096272332
30  1   0.1316931783   0.0272952387   0.1060327262  -0.2457082806  -0.0432152723
30  2  -0.1303840055  -0.0199641215   0.0117792449   0.0367040097  -0.0242968392
30  3   0.0295883697   0.0084163636   0.0317822844  -0.0340985861   0.0277588194
30  4   0.0379241698   0.1075789957   0.0187159289   0.2056880418   0.2246914416
30  5  -0.0367868488  -0.0376602901   0.0274820030   0.0277253730   0.0254867132
30  6   0.0380309227   0.0472854945   0.0365452891  -0.0419688494   0.0468715828
30  7  -0.0302793536  -0.0315028874   0.0322409273  -0.0308440349   0.1813936585
30  8   0.1829491353  -0.1987306991   0.1197169223   0.1172430943   0.1834707268
30  9  -0.1615537332  -0.1482640978   0.1597568360  -0.1608770226   0.0119003132
30 10   0.2070583585  -0.1059891830  -0.1777634309   0.1036017854   0.1012662826
30 11  -0.1512158576  -0.1524044370  -0.0414877101   0.1842033323   0.1035582131
30 12   0.2077344367  -0.0004659067   0.1865145422  -0.1597194001  -0.0905661608
30 13   0.3569332184  -0.2459609771   0.2054786386   0.1970263354   0.2520884544
30 14  -0.2396869614  -0.1333483523   0.1233149373   0.3682606146  -0.3124154887
30 15  -0.1459854682   0.1417190777
31  1  -0.0078265663  -0.0042447054   0.0042549795  -0.0080846541   0.0380703924
31  2  -0.0220663054   0.2388620284   0.0527988791  -0.0635318717  -0.0868067045
31  3  -0.0075402347   0.0109536446  -0.0165919856  -0.0035108724   0.0068889411
31  4  -0.0150007038   0.2348804501  -0.2517902036  -0.0798864838   0.0382200743
31  5   0.0022008801   0.0030369575  -0.0154673603  -0.0169877323  -0.0049102779
31  6  -0.0059223230   0.0002845270   0.0022329060  -0.0019856170   0.0036365324
31  7  -0.0011611834   0.0003453574   0.0082998626  -0.0086170170  -0.1962997403
31  8  -0.1961686912  -0.2444534315   0.1462017984  -0.0351703148  -0.0736841548
31  9   0.0680590888   0.0471463691   0.0014140020  -0.0012069942   0.0007958450
31 10   0.0041767424  -0.0013650391  -0.0036226800  -0.0118841777  -0.0124428605
31 11  -0.0022972723  -0.0023189203  -0.0532525313   0.0193205722   0.0621999597
31 12   0.0376182305   0.0086305595   0.1058440277  -0.0945638230  -0.0433640096
31 13  -0.0352025161   0.0242822139   0.0190179533   0.0181512965  -0.0265106297
31 14   0.0255057855   0.0142037981  -0.0149303663   0.0401062297  -0.0320929353
31 15  -0.0159779145   0.0155779846
32  1  -0.0182940045   0.0895963850  -0.1645419743  -0.0040703966   0.0589928696
32  2  -0.1348933010  -0.1421513552   0.0872798371   0.0012963401  -0.2674023414
32  3  -0.0841568489   0.0103860205  -0.1652163511  -0.0331769109   0.0688097647
32  4  -0.1546644896  -0.0305036984   0.0236320126  -0.0050502533  -0.0172954622
32  5   0.0242395551   0.0257003438  -0.1517340010  -0.1535343667  -0.0604738184
32  6  -0.0578151209  -0.0000535617   0.0225153300  -0.0675434584   0.0721319078
32  7   0.0260336026   0.0309000181   0.0221819589  -0.0236857136   0.0193674579
32  8   0.0198576566   0.0201502287  -0.0120344993  -0.0034887290   0.0100100896
32  9  -0.0109654433   0.0014385037   0.0030321407  -0.0032613622   0.0053801508
32 10   0.0016985272   0.0032645900  -0.0046699822  -0.0270968692  -0.0277466966
32 11  -0.0054514900  -0.0054525503   0.0124932447   0.0112808562  -0.0095660424
32 12   0.0077579510   0.0296528736  -0.0086514794  -0.0059689701   0.0301080256
32 13   0.0035721557  -0.0024552354  -0.0021179651  -0.0019985228   0.0025713709
32 14  -0.0024390748  -0.0012235360   0.0012685007  -0.0042220509   0.0033630192
32 15   0.0015732819  -0.0015701086
33  1   0.1398574230   0.0315799137   0.0967475579  -0.2565271702  -0.0259382451
33  2  -0.1086520184  -0.0220349984   0.0400638099   0.0345988317  -0.0046950363
33  3  -0.0082900809  -0.0023981787  -0.0214086197  -0.0037972975   0.0087849334
33  4  -0.0205446369   0.0462995748   0.0132603237   0.0984393282   0.1050411179
33  5   0.0030548577   0.0029737472  -0.0199111837  -0.0205835868  -0.0080093984
33  6  -0.0075380885   0.0003390783   0.0027233786  -0.0090892411   0.0092893263
33  7   0.0030683074   0.0047088545   0.0035201296  -0.0031415299  -0.0092312818
33  8  -0.0101453070  -0.0089202417   0.0058343954   0.0529943066  -0.0256571179
33  9   0.0356957345  -0.0477583459  -0.0226673824   0.0232475070  -0.0393486651
33 10  -0.0180574917  -0.0230750203   0.0361098845   0.2140094422   0.2163581776
33 11   0.0423655416   0.0426781059  -0.0560653670  -0.1001509584   0.0269980295
33 12  -0.0870899188  -0.2305190585  -0.0096454857   0.1141969136  -0.1972559098
33 13  -0.0012994580   0.0009020603   0.0020171955   0.0018921944   0.0000174778
33 14   0.0000332300  -0.0013186108   0.0012349057   0.0025977344  -0.0021978156
33 15  -0.0003439029   0.0003144269
34  1  -0.0135931021  -0.0036618336  -0.0030655559  -0.0062775737   0.0333222543
34  2  -0.0235811726   0.2341072368   0.0609395103  -0.0585541539  -0.1024228215
34  3  -0.0139590723   0.0212421825  -0.0348553623  -0.0072980689   0.0146325755
34  4  -0.0320846458   0.2382850488  -0.2477968247  -0.0661161059   0.0516299685
34  5  -0.0272409581  -0.0267967894  -0.0230505585  -0.0247048673   0.0401759608
34  6   0.0368705530   0.0002209910  -0.0140733037   0.0432290706  -0.0446062733
34  7  -0.0165000972  -0.0181342546  -0.0133087652   0.0135350077  -0.2131209145
34  8  -0.2130177233  -0.2396522077   0.1434837082  -0.0530969795  -0.0723232083
34  9   0.0635248904   0.0647651422   0.0158369411  -0.0156299720   0.0170431080
34 10   0.0114998949   0.0082526167  -0.0184494620   0.0092352334   0.0084405633
34 11   0.0145444465   0.0146095815  -0.0784364653  -0.0017350794   0.0817941503
34 12   0.0236454495  -0.0187832102   0.1148215507  -0.0897703375  -0.0717219780
34 13   0.4226430245  -0.2914727784  -0.2235647477  -0.2134521688   0.3072610426
34 14  -0.2957216798  -0.1574051820   0.1657327059  -0.4472723834   0.3582175714
34 15   0.1731321500  -0.1682600638
35  1  -0.0329604497   0.1238727862  -0.2269794715  -0.0189410376   0.0274537490
35  2  -0.1371557966  -0.1928888369   0.1585989907   0.0523877417  -0.4303486119
35  3  -0.1501970112   0.1167569366  -0.3540008320  -0.0726967836   0.1494197345
35  4  -0.3321176065  -0.0204632694   0.0288032154   0.0276679386   0.0152881764
35  5  -0.2811523359  -0.2828163623  -0.2302494444  -0.2341601539   0.4052967284
35  6   0.3860453123  -0.0006282214  -0.1468765172   0.3999312370  -0.4295972865
35  7  -0.1321423628  -0.1614193129  -0.1994253421   0.2069982550   0.0253485132
35  8   0.0270180409   0.0414884664  -0.0206073193  -0.0422040786   0.0286704548
35  9  -0.0362283273   0.0372703581   0.0373560431  -0.0367464094   0.0438486998
35 10   0.0201846080   0.0260904705  -0.0387526665   0.0251435966   0.0258738033
35 11   0.0355766962   0.0358185156  -0.0170352326  -0.0476918901   0.0029578401
35 12  -0.0445115842  -0.0372713536  -0.0149231654   0.0302648510  -0.0244876064
35 13  -0.0428906394   0.0295445305   0.0229649425   0.0218635302  -0.0311258561
35 14   0.0298422228   0.0157045000  -0.0164559004   0.0457003572  -0.0364972067
35 15  -0.0175236579   0.0171205238
36  1   0.2493177163   0.1057837956   0.1216865040  -0.3414165314   0.0135274524
36  2  -0.0757819421  -0.0323125186   0.0175203816   0.0400109396  -0.0288022437
36  3  -0.0149409313   0.0112501391  -0.0455189965  -0.0098621269   0.0196031311
36  4  -0.0436327798  -0.0473466611  -0.0449921741  -0.1581673541  -0.1579868066
36  5  -0.0363319014  -0.0365766223  -0.0300400240  -0.0303473575   0.0527749157
36  6   0.0508899023   0.0006718310  -0.0198174182   0.0502420724  -0.0567217842
36  7  -0.0179092975  -0.0194981924  -0.0257364251   0.0299814570  -0.0117755358
36  8  -0.0146217910  -0.0018060574   0.0044904625   0.3503738898  -0.1490847326
36  9   0.2146635502  -0.3204056129  -0.3018781477   0.3038510884  -0.3542955189
36 10  -0.1584897334  -0.2099153712   0.3250877730  -0.1941770363  -0.1868119327
36 11  -0.2820597368  -0.2840909190   0.1917398076   0.3665943028  -0.0826350930
36 12   0.3241702583   0.2924125141   0.0226324524  -0.1537996848   0.2438945297
36 13   0.0164575761  -0.0113458756  -0.0103636555  -0.0099261196   0.0106141676
36 14  -0.0102262977  -0.0034413936   0.0038296705  -0.0190109149   0.0154092859
36 15   0.0063719051  -0.0061701411
37  1   0.2218551541  -0.0530464944  -0.2661090768   0.1278925959  -0.1507010366
37  2  -0.0954509242   0.0895856991   0.0550769548   0.0758843377   0.0729545480
37  3   0.0369157586   0.0041650317   0.0115238305   0.0328945886   0.0323570706
37  4  -0.0043242185   0.1638698696   0.1830443394  -0.0969800192  -0.0053160765
37  5  -0.0251784479   0.0250187531   0.0235874576  -0.0224237051   0.0191596980
37  6  -0.0050704744  -0.0317454386   0.0344914560   0.0027726917   0.0034324135
37  7   0.0463859653  -0.0410234395   0.0305992192   0.0271796672   0.0987030511
37  8  -0.1085563607   0.0602264103   0.1030815706   0.0860421558  -0.3339128986
37  9  -0.3406680720   0.0229588930   0.2544645666   0.2500693532   0.3014931808
37 10  -0.2015031737  -0.3590554617   0.0022768513  -0.1723047911   0.1723855716
37 11   0.2536320358  -0.2517784303  -0.3372361493   0.0643453313  -0.3336869471
37 12   0.0413623697  -0.1608649935  -0.2077643632  -0.2667343012   0.0422809984
37 13   0.1038620763   0.1491449645  -0.1842858852   0.1914306552   0.0795999032
37 14   0.0845374522   0.1651079634   0.1605795534  -0.0622564790  -0.0849093669
37 15   0.1119830778   0.1051233575
38  1  -0.0147148579   0.0335336891  -0.1328794004  -0.0407679753   0.2611891665
38  2   0.0515351346  -0.0566999497   0.3074702024   0.0610716370   0.1012794377
38  3   0.3501305927   0.1397875470   0.1144339528   0.3541622810   0.3585496793
38  4  -0.0391770912  -0.0107885673  -0.0220934389   0.0331473435  -0.0254993704
38  5  -0.2789142572   0.2805288372   0.2492074324  -0.2393137153   0.1887694040
38  6  -0.0578350611  -0.3457232012   0.3824808854   0.0312356650   0.0462078297
38  7   0.4193370757  -0.4002848424   0.2797336532   0.2786884423  -0.0323195911
38  8   0.0204293706  -0.0638905152  -0.1142304023  -0.0084761133   0.0128736036
38  9   0.0160724378  -0.0089846875  -0.0076490338  -0.0093915486  -0.0087360160
38 10   0.0024994261   0.0122846182   0.0001029554   0.0027317095   0.0025352681
38 11  -0.0064460738   0.0064657198   0.0081993831   0.0094543892   0.0114886524
38 12  -0.0123145312   0.0178481700  -0.0034115355   0.0069313458  -0.0174858294
38 13  -0.0352195771  -0.0506827576   0.0624487397  -0.0650514531  -0.0265457237
38 14  -0.0283352230  -0.0557172140  -0.0546624940   0.0202299480   0.0278509390
38 15  -0.0382423736  -0.0357578694
39  1  -0.1167499731  -0.0968920884  -0.0951146749  -0.1915859784   0.1136549915
39  2   0.1093997409  -0.0247229519  -0.0655656869  -0.0316398615  -0.0221169958
39  3   0.0436733443   0.0209517105   0.0135997897   0.0450264413   0.0464025506
39  4  -0.0041050308  -0.0373356050   0.0724680289  -0.2316531905   0.2230347755
39  5  -0.0350892428   0.0355803752   0.0322380803  -0.0308446681   0.0233075618
39  6  -0.0070521012  -0.0430023013   0.0495258205  -0.0003681635   0.0021582402
39  7   0.0512568287  -0.0495386906   0.0392577940   0.0399584006   0.1844137278
39  8  -0.1838268661   0.1216823876   0.2002204885   0.0564232814   0.1908347418
39  9   0.1751757464   0.0901086287  -0.1328513732  -0.1312451497  -0.1559513806
39 10   0.1071103138   0.1883342466   0.0024941926   0.0916414657  -0.0897095539
39 11  -0.1320133235   0.1310183115   0.1767645043  -0.1179954621   0.1471330090
39 12   0.0670356557  -0.0311062042   0.1687805453   0.1362127203   0.1081880416
39 13   0.2011522689   0.2890321184  -0.3567099578   0.3707531621   0.1507333800
39 14   0.1598940807   0.3194161890   0.3114686154  -0.1140385073  -0.1564018164
39 15   0.2185742998   0.2053680237
40  1   0.2093545446  -0.0542018832  -0.2500092615   0.1237938028  -0.1402344866
40  2  -0.0920879613   0.0999953988   0.0363250321   0.1093675847   0.0612971555
40  3   0.0225295793  -0.0188590182   0.0233226122  -0.0256190526  -0.0202340304
40  4  -0.0276931757  -0.1912818459  -0.1762884153   0.0282834263   0.0806272972
40  5  -0.0266628339   0.0268435781  -0.0213254647   0.0225928117  -0.0192510163
40  6   0.0297853863  -0.0328463968   0.0256071969  -0.0379161946  -0.0343304661
40  7  -0.0203421808   0.0173673769  -0.0138483576  -0.0120535882  -0.1117039416
40  8   0.1107603642   0.0835596061   0.1354372964  -0.2852013332  -0.1588494974
40  9  -0.1045304848  -0.3099070386  -0.2569091855  -0.2512397855   0.0242056118
40 10   0.3276004028   0.1597014651   0.2850653196   0.1620517864  -0.1556004092
40 11   0.2404946034  -0.2384325265  -0.1942971090  -0.1838051160  -0.2642532923
40 12   0.2555249065  -0.1847095690   0.1732160793   0.0633003718   0.2440860138
40 13   0.1565200445   0.2264562926  -0.1310784504   0.1383306707  -0.1542965669
40 14  -0.1588712199  -0.0820767918  -0.0636965384   0.1982056603   0.2470032733
40 15  -0.0985843444  -0.0915369397
41  1  -0.0470364090  -0.0447723127   0.0097026235  -0.0068466606   0.3333684512
41  2   0.0568576578   0.0592142151   0.1391099901   0.4219566198  -0.0253543964
41  3   0.1994882008  -0.1098883782   0.2363788288  -0.2671931941  -0.2119914846
41  4  -0.2955850542   0.0094321920   0.0196281951  -0.0298679248   0.0254039733
41  5  -0.2816619895   0.2856803212  -0.2133007757   0.2164815283  -0.2036346506
41  6   0.3177613878  -0.3418944666   0.2822392981  -0.3729357603  -0.3696247291
41  7  -0.2489318012   0.2220612313  -0.2012788315  -0.2112590257  -0.0151308295
41  8   0.0161661906   0.0126439960   0.0311743527   0.0387633048   0.0321169810
41  9   0.0252249893   0.0441784342   0.0457420832   0.0456616787  -0.0021454618
41 10  -0.0575827407  -0.0292796219  -0.0510616482  -0.0286618495   0.0256719794
41 11  -0.0425005387   0.0421555309   0.0240276931   0.0419553904   0.0384294255
41 12  -0.0516770903   0.0189364160  -0.0398797905  -0.0259758640  -0.0362648280
41 13   0.0173250872   0.0251204349  -0.0148527809   0.0157560473  -0.0166459878
41 14  -0.0172488747  -0.0083372093  -0.0063841879   0.0221752973   0.0277636952
41 15  -0.0108171098  -0.0099505616
42  1   0.1317032455  -0.2663880806  -0.1524688200   0.0021032181   0.0240513889
42  2   0.0350371035  -0.0013006670  -0.0088694519   0.0239894354  -0.0368966548
42  3   0.0300910847  -0.0102195020   0.0316102517  -0.0344452908  -0.0276877228
42  4  -0.0390480217   0.1064837222   0.0001763584   0.1992702424  -0.2316739589
42  5  -0.0371371928   0.0382052447  -0.0281423323   0.0276830984  -0.0258408874
42  6   0.0421339089  -0.0448186313   0.0367587436  -0.0458644945  -0.0445408763
42  7  -0.0316560876   0.0306408580  -0.0321872029  -0.0312463244   0.1800448156
42  8  -0.1846961072  -0.1189125046  -0.1987802120  -0.1162244853  -0.1841222981
42  9  -0.1601723210  -0.1492412549  -0.1619410210  -0.1585712867   0.0112443419
42 10   0.2072587566   0.1041496287   0.1781590563   0.1038004519  -0.1005540535
42 11   0.1523165051  -0.1510826729  -0.0403424003  -0.1851171678  -0.1028231566
42 12   0.2071329008  -0.0038554501   0.1838557375   0.1627973428   0.0901317709
42 13  -0.2424936405  -0.3508086489   0.2058052569  -0.2171914570   0.2365903369
42 14   0.2435072690   0.1222016106   0.0935507717  -0.3094988742  -0.3853752780
42 15   0.1519663702   0.1411160300
43  1   0.1250603403   0.0067239164  -0.2311106799   0.0576665470  -0.1160710784
43  2  -0.0726983067   0.0888981307   0.0124702600   0.0722983087   0.0705554067
43  3   0.0203015096   0.0032907691   0.0050605297   0.0147086519   0.0147366586
43  4  -0.0012690893  -0.0741076917  -0.0056138666  -0.1273569552   0.1517805581
43  5   0.0025394124  -0.0023556967   0.0140552875  -0.0130012569  -0.0021981139
43  6   0.0010636874   0.0053062343  -0.0052437394  -0.0016525814  -0.0017847933
43  7  -0.0050570953   0.0051524554  -0.0005185033  -0.0010779650   0.0879405849
43  8  -0.0899584062   0.0666616100   0.1113469418   0.0450441879  -0.0473191278
43  9  -0.0542265171   0.0355925102   0.0185388961   0.0185985954   0.0334125823
43 10  -0.0217741101  -0.0395861005   0.0008208918   0.1925388873  -0.1933044790
43 11  -0.0377883655   0.0373695258   0.0919979353  -0.0552484991   0.0785984253
43 12   0.0281054203   0.0488834217   0.2042896039   0.2074601387   0.0548391334
43 13  -0.0084274719  -0.0121267146   0.0154272229  -0.0160398085  -0.0077925707
43 14  -0.0082114783  -0.0145471255  -0.0139828307   0.0071162760   0.0094558314
43 15  -0.0097301102  -0.0091009641
44  1  -0.0089860249   0.0134966192  -0.0699238028  -0.0091633780   0.2230752949
44  2  -0.0157523170  -0.0279656699   0.1732727915   0.0616376484   0.0832937819
44  3   0.1958094989   0.1316761615   0.0505508768   0.1623047296   0.1647226979
44  4  -0.0166082115  -0.0065149811  -0.0216440111   0.0392163966  -0.0325237598
44  5   0.0243483712  -0.0244516816   0.1512613329  -0.1487178846  -0.0279770548
44  6   0.0086756941   0.0520628729  -0.0571476650   0.0019258254  -0.0013186915
44  7  -0.0755818103   0.0725224609  -0.0388847298  -0.0386726200  -0.0312797298
44  8   0.0336434357  -0.0155619327  -0.0247601243  -0.0147941835  -0.0018722466
44  9   0.0007162298  -0.0143716392   0.0000898169   0.0001692993  -0.0005820831
44 10   0.0007636974   0.0005732779  -0.0001654868  -0.0045057871   0.0032471194
44 11   0.0008551991  -0.0007840941  -0.0021884902   0.0105558736   0.0012991282
44 12  -0.0102058336   0.0131038197  -0.0122912156  -0.0045512313  -0.0169964927
44 13   0.0029278298   0.0042020544  -0.0053293958   0.0055380132   0.0023015935
44 14   0.0024694236   0.0049966028   0.0048937329  -0.0018510495  -0.0025573401
44 15   0.0035233426   0.0032868214
45  1  -0.0655775131  -0.1313454854  -0.1022020365  -0.1496929632   0.0890491723
45  2   0.0858309639  -0.0193322403  -0.0669111214  -0.0295977155  -0.0240339781
45  3   0.0251641229   0.0199091237   0.0058823197   0.0208433842   0.0215168515
45  4  -0.0016768947   0.0870394033   0.1711112237  -0.2163156647   0.1415438042
45  5   0.0036501241  -0.0037773096   0.0200146418  -0.0198732588  -0.0036446735
45  6   0.0014324465   0.0072504274  -0.0071668597  -0.0034821815  -0.0034730687
45  7  -0.0088058976   0.0093563090  -0.0003371208  -0.0008534514   0.1704944710
45  8  -0.1711476244   0.1289648580   0.2151017585   0.0696458057   0.0387467892
45  9   0.0243850317   0.0758619003  -0.0094054946  -0.0095982619  -0.0156267745
45 10   0.0139344727   0.0206557212   0.0031053665  -0.0990165868   0.0996921487
45 11   0.0201086240  -0.0199367570  -0.0475419764  -0.0402749282  -0.0633017849
45 12   0.0578939627  -0.1296251544  -0.0520152744  -0.1113796705   0.0891281663
45 13  -0.0168535893  -0.0242044227   0.0305006463  -0.0317154305  -0.0125350093
45 14  -0.0132783948  -0.0287001847  -0.0279880883   0.0094175059   0.0130250794
45 15  -0.0204376460  -0.0192894099
46  1   0.1179756964   0.0059348184  -0.2219014037   0.0554482050  -0.1101085423
46  2  -0.0708064402   0.0949005917   0.0019204319   0.0916838663   0.0641144955
46  3   0.0124758781  -0.0096557946   0.0107137428  -0.0127240842  -0.0098579213
46  4  -0.0127761986  -0.0464918049   0.0301276135  -0.1559383327   0.1620276758
46  5   0.0021499510  -0.0027637359  -0.0151954227   0.0153074100   0.0025687373
46  6  -0.0044558489   0.0043549213  -0.0043513095   0.0033088722   0.0042811162
46  7   0.0051069329  -0.0052665125   0.0063609719   0.0067425132  -0.1043339517
46  8   0.1050101223   0.0802787589   0.1328247513  -0.0670046211   0.0052455415
46  9   0.0171845709  -0.0643690852  -0.0196267774  -0.0194569940   0.0049045353
46 10   0.0366008338   0.0161527415   0.0327346036  -0.1813800302   0.1821590463
46 11  -0.0361349328   0.0358976044   0.0123560405   0.0844628455   0.0409562629
46 12  -0.0926312727   0.0577486014  -0.1932794923  -0.1441551955  -0.1431261109
46 13  -0.0130967107  -0.0189459087   0.0103422093  -0.0109528410   0.0140976664
46 14   0.0144837963   0.0087591885   0.0071221977  -0.0172025945  -0.0214932016
46 15   0.0093252518   0.0087014152
47  1  -0.0264128399  -0.0304924275   0.0101565262   0.0098780802   0.2636574637
47  2  -0.0127200562   0.0371506452   0.0797750347   0.2647884279   0.0121046442
47  3   0.1116189689  -0.0068124140   0.1114239559  -0.1250062726  -0.0989544293
47  4  -0.1386775370  -0.0201440476  -0.0200312388   0.0040155786   0.0079665680
47  5   0.0220434428  -0.0228745008  -0.1554287869   0.1530562044   0.0301581043
47  6  -0.0473204870   0.0510494916  -0.0428195583   0.0609646464   0.0603699515
47  7   0.0443904921  -0.0402431029   0.0236787442   0.0250606221  -0.0116813300
47  8   0.0116377997   0.0079727621   0.0129808488   0.0044922556   0.0106479099
47  9   0.0094723628   0.0065447804   0.0033054966   0.0032314347  -0.0008125990
47 10  -0.0066043518  -0.0032091836  -0.0056028266   0.0322524091  -0.0318079806
47 11   0.0062541779  -0.0062562474  -0.0110876259  -0.0076375686  -0.0142265715
47 12   0.0116463567  -0.0242262513   0.0254279457   0.0109215265   0.0335022920
47 13  -0.0014250579  -0.0020731244   0.0014123521  -0.0014998834   0.0012813871
47 14   0.0013607398   0.0004787593   0.0003199217  -0.0020912786  -0.0026210699
47 15   0.0009620410   0.0008641913
48  1   0.0742075562  -0.2265820584  -0.1343055021  -0.0407949734   0.0385309760
48  2   0.0438210358  -0.0061547966  -0.0352802644   0.0013594414  -0.0323977507
48  3   0.0172982538   0.0030727112   0.0145816969  -0.0159799300  -0.0128631358
48  4  -0.0181857705   0.1990006281   0.1310178509   0.0838343415  -0.1817576112
48  5   0.0032003121  -0.0029003417  -0.0200820678   0.0183856245   0.0048305916
48  6  -0.0060418130   0.0071236953  -0.0058191747   0.0117415844   0.0112234124
48  7   0.0055416516  -0.0027993534  -0.0031779519  -0.0021563194   0.1644552078
48  8  -0.1675147804  -0.1233398129  -0.2053473466   0.0177399873  -0.0742852017
48  9  -0.0765172381   0.0031930372  -0.0119339738  -0.0121543880  -0.0011700993
48 10   0.0231923798   0.0133918422   0.0187250955  -0.1135905710   0.1136635527
48 11  -0.0226724207   0.0224845238   0.0754110248  -0.0030750707   0.0786891471
48 12  -0.0212867560   0.1390297700  -0.0550301498   0.0198721359  -0.1486576765
48 13   0.0201574328   0.0291705020  -0.0180980807   0.0190610595  -0.0198624207
48 14  -0.0204480822  -0.0100886717  -0.0074873761   0.0281679533   0.0349978116
48 15  -0.0138611272  -0.0129096105
49  1   0.0076871303   0.0837868494  -0.1948721223  -0.0299871331  -0.0773201795
49  2  -0.0453771035   0.0825052831  -0.0315203926   0.0508461410   0.0736585635
49  3   0.0072856326   0.0150440107  -0.0144742443  -0.0030624397  -0.0059434077
49  4   0.0136695865  -0.2339367473  -0.2455434260   0.1035575754   0.0366478287
49  5   0.0020255962  -0.0017520820  -0.0131589364   0.0140448936  -0.0049276713
49  6   0.0053563047   0.0003807769  -0.0013301072  -0.0016698561  -0.0015554706
49  7  -0.0003004432   0.0016672904  -0.0033371274  -0.0025908549   0.1921488237
49  8  -0.1917817592  -0.1474789749  -0.2450417365   0.0344373051   0.0781220987
49  9   0.0687135826   0.0479369660  -0.0002311953  -0.0002947603  -0.0009377438
49 10  -0.0029093906  -0.0012320857  -0.0028236285  -0.0101298829   0.0094447515
49 11  -0.0019971270   0.0019706003  -0.0527140851  -0.0199490817  -0.0619373929
49 12   0.0381175047  -0.0047869862  -0.1054879762  -0.0970858178  -0.0462081124
49 13   0.0104941494   0.0157575880  -0.0109972718   0.0118948031   0.0300585187
49 14   0.0313364150  -0.0258188589  -0.0269935716  -0.0196143263  -0.0222080669
49 15  -0.0367893621  -0.0368274186
50  1   0.0176273907   0.0318406856  -0.0693803799   0.0122870214   0.1336087292
50  2  -0.1050295987  -0.0563073389   0.0968219725  -0.1375987839   0.1317151906
50  3   0.0841523516   0.2596135137  -0.1638299189  -0.0364078473  -0.0683214450
50  4   0.1531694832   0.0281417357   0.0219730735   0.0042488764  -0.0178985268
50  5   0.0242925015  -0.0245462173  -0.1501065642   0.1465733379  -0.0613175509
50  6   0.0563880487   0.0028824413  -0.0182839679  -0.0625222151  -0.0549743180
50  7   0.0288670700  -0.0314070774   0.0513139474   0.0514605445  -0.0195041512
50  8   0.0157836447   0.0024418678   0.0037209423   0.0039920859  -0.0106170187
50  9  -0.0108245476   0.0030799197  -0.0028073778  -0.0029818180  -0.0054872720
50 10  -0.0029001227   0.0033049230  -0.0053511667  -0.0277985782   0.0277969408
50 11  -0.0055260532   0.0054316829   0.0119588014  -0.0116290353   0.0086424526
50 12   0.0083658453  -0.0307242614   0.0089245516  -0.0076098159   0.0309388200
50 13  -0.0009122185  -0.0013740281   0.0010660362  -0.0011486611  -0.0025539757
50 14  -0.0026626629   0.0019257200   0.0020598775   0.0018336844   0.0021004093
50 15   0.0032303400   0.0032387236
51  1  -0.1391681079  -0.0802384077  -0.0787647638  -0.2047053537   0.1074754826
51  2   0.0968917024  -0.0255483098  -0.1005023875  -0.0582011315  -0.0182376700
51  3   0.0087544398   0.0365156882  -0.0221643515  -0.0055249135  -0.0092920738
51  4   0.0209522290  -0.0459037751   0.0042178155  -0.0959149716   0.1090452119
51  5   0.0033919984  -0.0033800055  -0.0202882795   0.0200145043  -0.0081342043
51  6   0.0078025992  -0.0000921950  -0.0025284052  -0.0082668863  -0.0068031842
51  7   0.0043240414  -0.0047792965   0.0070818271   0.0074673492   0.0058089419
51  8  -0.0049851355  -0.0070629331  -0.0121940784  -0.0534082689   0.0250370473
51  9   0.0336505161  -0.0474513846   0.0189840156   0.0194374504   0.0410754003
51 10   0.0188175634  -0.0237638570   0.0389395091   0.2129920902  -0.2145624555
51 11   0.0420140159  -0.0416967495  -0.0543734477   0.0996629085  -0.0245589221
51 12  -0.0871525180   0.2303135526   0.0049731509   0.1192347170  -0.2006097173
51 13   0.0006101535   0.0008920034  -0.0012951256   0.0014393324   0.0010917253
51 14   0.0011182392   0.0010718701   0.0009045176  -0.0019610349  -0.0023390368
51 15  -0.0019339995  -0.0019144215
52  1  -0.0068325473   0.0824296178  -0.1765500676  -0.0346099694  -0.0654170227
52  2  -0.0415604587   0.0943676824  -0.0528793224   0.0884124738   0.0610784732
52  3  -0.0084988922  -0.0108430726  -0.0162271037  -0.0037276116  -0.0066340001
52  4   0.0149021890   0.2332266754   0.2450132396  -0.1034076234  -0.0366266218
52  5   0.0021367794  -0.0029972770   0.0154292402  -0.0165461723   0.0048285154
52  6  -0.0057727726  -0.0007610953   0.0021939057  -0.0022447341  -0.0034835046
52  7  -0.0011800850  -0.0003513990  -0.0082351488  -0.0085996839  -0.1945422977
52  8   0.1977896886  -0.1469927674  -0.2440265622   0.0347047991   0.0741548362
52  9   0.0674808741   0.0475762585  -0.0014258721  -0.0011861209   0.0007692645
52 10   0.0041672119   0.0013406663   0.0036188861  -0.0118721779   0.0123193707
52 11   0.0023031863  -0.0022889719  -0.0530673410  -0.0196534608  -0.0622308047
52 12   0.0376973001   0.0064378747   0.1042975843   0.0964710985   0.0432645796
52 13   0.0245443908   0.0355178562   0.0170143940  -0.0177195284  -0.0262236593
52 14  -0.0271521123  -0.0156410087  -0.0180243107  -0.0315430209  -0.0385390850
52 15   0.0162528637   0.0151822497
53  1  -0.0166335979  -0.0561742126   0.0909031643   0.0504342663   0.2146875669
53  2  -0.0991074674   0.0739778178  -0.0886188529   0.2680097794  -0.0088614965
53  3  -0.0859392663  -0.0115432982  -0.1640647233  -0.0361457488  -0.0673256500
53  4   0.1558680094  -0.0299802236  -0.0237420098  -0.0026655786   0.0176762773
53  5   0.0241607392  -0.0257546793   0.1537253283  -0.1515755874   0.0606077135
53  6  -0.0574902693  -0.0047228477   0.0224552496  -0.0724304698  -0.0672275643
53  7   0.0270730300  -0.0298720416  -0.0218732387  -0.0237012131   0.0188899246
53  8  -0.0196880167   0.0120515230   0.0199618685   0.0037122514  -0.0100689892
53  9  -0.0107523893   0.0015096128  -0.0031156980  -0.0032577745   0.0054601659
53 10   0.0016871006  -0.0032868860   0.0047349375  -0.0275733913   0.0279665405
53 11   0.0055595486  -0.0054750092   0.0125152944  -0.0114468857   0.0095584091
53 12   0.0078764185   0.0298037715  -0.0086399359   0.0068211355  -0.0303893631
53 13  -0.0024574478  -0.0035434291  -0.0018845832   0.0019403580   0.0025084723
53 14   0.0025612153   0.0013437820   0.0015640272   0.0032981304   0.0039941287
53 15  -0.0015785389  -0.0015088094
54  1   0.1404858314  -0.2707583334  -0.1430932983   0.0130857261   0.0065622753
54  2   0.0130469296   0.0007984712  -0.0374821723   0.0038351576  -0.0346478521
54  3  -0.0077437050   0.0020338948  -0.0215007266  -0.0042355133  -0.0086994838
54  4   0.0209720127   0.0456657308  -0.0043587055   0.0958657461  -0.1083222984
54  5   0.0030865558  -0.0030212888   0.0204065354  -0.0205436286   0.0081174002
54  6  -0.0075498491  -0.0009651644   0.0027449702  -0.0098332927  -0.0087384490
54  7   0.0032816544  -0.0046439476  -0.0035130302  -0.0031902837  -0.0089653206
54  8   0.0100440763  -0.0050717012  -0.0092430499  -0.0533989167   0.0264411125
54  9   0.0349435699  -0.0474144166   0.0229879016   0.0229296774  -0.0394806474
54 10  -0.0177269998   0.0230270271  -0.0361503605   0.2149473666  -0.2153379053
54 11  -0.0426917685   0.0423296765  -0.0563921228   0.1002731338  -0.0273698817
54 12  -0.0865940385  -0.2273981974  -0.0072754763  -0.1194759233   0.1977167371
54 13   0.0009192422   0.0013363012   0.0019010863  -0.0019560522  -0.0000355522
54 14  -0.0000805833   0.0012468459   0.0010307344  -0.0021863843  -0.0026950981
54 15   0.0003711596   0.0003248061
55  1   0.0132198701   0.0837353631  -0.2011620827  -0.0278907160  -0.0815052068
55  2  -0.0468156464   0.0786266304  -0.0242103688   0.0384660953   0.0779494986
55  3   0.0126583642   0.0236365379  -0.0300850621  -0.0061898209  -0.0125208876
55  4   0.0282394754  -0.2376991442  -0.2424556413   0.0903122176   0.0505490116
55  5  -0.0228591617   0.0230004876  -0.0213944466   0.0225294940   0.0314407446
55  6  -0.0287473133  -0.0014284139   0.0098553236   0.0274148937   0.0237431758
55  7  -0.0155817973   0.0176959323  -0.0345851502  -0.0336710591   0.2103730692
55  8  -0.2077539522  -0.1402604922  -0.2326616207   0.0518186824   0.0779754014
55  9   0.0651654511   0.0638749343  -0.0126278547  -0.0126282720  -0.0178153287
55 10  -0.0107216717   0.0081348794  -0.0187027596   0.0099910733  -0.0112330032
55 11   0.0145557675  -0.0144195425  -0.0772253020   0.0005220068  -0.0813738408
55 12   0.0241577325   0.0226805369  -0.1158316278  -0.0924713020  -0.0755127861
55 13  -0.1292540068  -0.1936320027   0.1329703867  -0.1431231209  -0.3575419103
55 14  -0.3721429035   0.2940412767   0.3073104378   0.2239199316   0.2536562405
55 15   0.4066892458   0.4076831854
56  1   0.0324862263   0.0661493490  -0.1318951874  -0.0026136740   0.1020795564
56  2  -0.1072461385  -0.1070919278   0.1734626010  -0.2987078799   0.1882206089
56  3   0.1529228557   0.3736141629  -0.3639187533  -0.0764504753  -0.1542715370
56  4   0.3408448451   0.0139146234   0.0293728516  -0.0303043639   0.0216115935
56  5  -0.2922225910   0.2889957500  -0.2540870211   0.2561003235   0.4010473407
56  6  -0.3720119227  -0.0240941472   0.1214576833   0.3063137942   0.2650896357
56  7  -0.1605615126   0.1700626761  -0.3406175304  -0.3396475288  -0.0121512863
56  8   0.0343551878   0.0758955609   0.1304782792   0.0406260354  -0.0247118645
56  9  -0.0334415629   0.0268408035  -0.0326086408  -0.0319020951  -0.0466817288
56 10  -0.0205302634   0.0249857716  -0.0435827534   0.0244212954  -0.0241812452
56 11   0.0357406183  -0.0352922667  -0.0181158784   0.0477366863  -0.0044872597
56 12  -0.0455010850   0.0380903109   0.0124411758   0.0307105450  -0.0265242115
56 13   0.0108812538   0.0163125055  -0.0113545270   0.0121584192   0.0299763956
56 14   0.0313721052  -0.0242731249  -0.0255750313  -0.0189583153  -0.0216060768
56 15  -0.0342030707  -0.0344943140
57  1  -0.2477073514  -0.0060589419  -0.0531151296  -0.2891701605   0.1459228866
57  2   0.1284215185  -0.0357234181  -0.1257449589  -0.0825409548  -0.0121853010
57  3   0.0140319572   0.0511874411  -0.0474134343  -0.0112237101  -0.0222868894
57  4   0.0441475215   0.0469277420  -0.0295746738   0.1543145095  -0.1614879441
57  5  -0.0378607208   0.0373802253  -0.0321686483   0.0334380750   0.0508435059
57  6  -0.0470481169  -0.0071905415   0.0152381777   0.0391367146   0.0358736833
57  7  -0.0164348372   0.0211345382  -0.0417047740  -0.0409812126   0.0066066485
57  8   0.0044594369   0.0041313675   0.0073359315  -0.3499956862   0.1487446410
57  9   0.2022597833  -0.3159239003   0.2689664007   0.2686696398   0.3752196963
57 10   0.1794073609  -0.2117794323   0.3594480101  -0.1831968194   0.1823914942
57 11  -0.2835449320   0.2812283217   0.1900985810  -0.3711927225   0.0798835584
57 12   0.3269423838  -0.2930706065  -0.0154985033  -0.1606312181   0.2509590586
57 13  -0.0053669830  -0.0081403204   0.0061886222  -0.0069634514  -0.0142864681
57 14  -0.0147690219   0.0088325369   0.0093718034   0.0105717125   0.0122329996
57 15   0.0168102943   0.0169629334
58  1  -0.0123857207   0.0818729976  -0.1693389024  -0.0364073228  -0.0607364771
58  2  -0.0400638743   0.0990448688  -0.0610747848   0.1035423257   0.0558832371
58  3  -0.0150559315  -0.0210499052  -0.0340522068  -0.0077667300  -0.0140759919
58  4   0.0318143735   0.2365319352   0.2422730861  -0.0898766253  -0.0503679542
58  5  -0.0267293007   0.0264096937   0.0229467059  -0.0239716041  -0.0396126065
58  6   0.0360520880   0.0027753230  -0.0137831029   0.0454894118   0.0407655913
58  7  -0.0168878841   0.0172345511   0.0127739143   0.0132217582  -0.2112667376
58  8   0.2148214220  -0.1441578380  -0.2395520512   0.0525661332   0.0726578973
58  9   0.0631831574   0.0649973554  -0.0159211435  -0.0152836581   0.0169241814
58 10   0.0112976346  -0.0081622864   0.0183394698   0.0091633148  -0.0082902186
58 11  -0.0145215901   0.0143555597  -0.0781862562   0.0011413214  -0.0818819983
58 12   0.0240614061  -0.0205748966   0.1134321062   0.0913425748   0.0714736279
58 13  -0.2946514493  -0.4263018911  -0.2000257551   0.2084152217   0.3039159038
58 14   0.3147721016   0.1734882386   0.2002783550   0.3516974372   0.4300447010
58 15  -0.1761016922  -0.1639772023
59  1  -0.0299822429  -0.0904548385   0.1533362417   0.0652962479   0.2462564722
59  2  -0.0968132732   0.1247219770  -0.1609602579   0.4286320057  -0.0632023488
59  3  -0.1545894396  -0.1188593956  -0.3514838209  -0.0790109765  -0.1461445483
59  4   0.3345566683  -0.0200394779  -0.0261154661   0.0297905167  -0.0164491120
59  5  -0.2804139783   0.2835643225   0.2329047329  -0.2305093900  -0.4063684525
59  6   0.3837916191   0.0325094830  -0.1463754180   0.4297353345   0.4010513054
59  7  -0.1377171417   0.1563272212   0.1972467016   0.2074184723   0.0245930062
59  8  -0.0267919302   0.0258214037   0.0360796536   0.0431955585  -0.0295622914
59  9  -0.0358130947   0.0374879292  -0.0383492717  -0.0366943359   0.0445442156
59 10   0.0200902391  -0.0263346011   0.0393306891   0.0256121057  -0.0260884832
59 11  -0.0363122769   0.0359796948  -0.0176558092   0.0483625046  -0.0034042734
59 12  -0.0447542605  -0.0369997019  -0.0141894553  -0.0314359829   0.0250962299
59 13   0.0294410880   0.0425442624   0.0202478212  -0.0210332290  -0.0303045283
59 14  -0.0312675002  -0.0170556713  -0.0196586277  -0.0354240993  -0.0431608676
59 15   0.0175453333   0.0164244468
60  1   0.2495970117  -0.3449674533  -0.1681016561   0.0979437555  -0.0328116039
60  2  -0.0197003601   0.0110673977  -0.0129183210   0.0279131707  -0.0407275113
60  3  -0.0148653292  -0.0118698282  -0.0457110225  -0.0108157019  -0.0194008584
60  4   0.0444692045  -0.0468285538   0.0304407565  -0.1563963898   0.1631904399
60  5  -0.0366594385   0.0370973245   0.0307198040  -0.0302046803  -0.0535321782
60  6   0.0512336074   0.0035882033  -0.0199872561   0.0548093816   0.0537092852
60  7  -0.0187782354   0.0190312918   0.0257466859   0.0303301599  -0.0111232338
60  8   0.0141656481   0.0003619592  -0.0050046753  -0.3527890810   0.1541966289
60  9   0.2100789054  -0.3181721005   0.3060645648   0.2995914579  -0.3553548407
60 10  -0.1556403182   0.2092472248  -0.3255021109  -0.1950396731   0.1859763156
60 11   0.2842722692  -0.2817965416   0.1931303395  -0.3670506815   0.0841692419
60 12   0.3222914793   0.2882566466   0.0194510336   0.1606355987  -0.2445009366
60 13  -0.0113876128  -0.0164694262  -0.0093225857   0.0097592458   0.0104638747
60 14   0.0108367558   0.0040313238   0.0052319827   0.0150308913   0.0184258633
60 15  -0.0064508309  -0.0059825732
61  1  -0.1172342513   0.1601707759  -0.1495785050  -0.1199173821  -0.0326881168
61  2  -0.0161716949   0.0819781126  -0.0866373218   0.0475014424   0.0707259412
61  3  -0.0124501450   0.0145350636   0.0102260793  -0.0110682912  -0.0089621466
61  4  -0.0120541419   0.0468305886  -0.0305239365   0.1564498703  -0.1626472088
61  5   0.0020524729  -0.0019712914   0.0133459467  -0.0135126705  -0.0021048372
61  6   0.0041800950  -0.0044339754   0.0030040661   0.0023387352   0.0030166803
61  7   0.0051030663  -0.0040860530  -0.0012215087  -0.0009209359   0.1060669918
61  8  -0.1073267679   0.0802792063   0.1332191478  -0.0677168605   0.0086699724
61  9   0.0191492626  -0.0646318251  -0.0158917071  -0.0162796152  -0.0047288998
61 10  -0.0377075808  -0.0164892706  -0.0343719334  -0.1796415903   0.1803826794
61 11   0.0351466426  -0.0348062168   0.0105977809   0.0856494833   0.0387033243
61 12  -0.0934441878  -0.0595371753   0.1934529571   0.1441597022   0.1436284317
61 13  -0.0058033368  -0.0087250777  -0.0056949662   0.0063677087  -0.0162834702
61 14  -0.0169106950   0.0161635935   0.0151196103  -0.0106208760  -0.0128786640
61 15  -0.0191193979  -0.0191248127
62  1   0.0257138341   0.0061955507   0.0112517825   0.0527859856   0.0847070994
62  2  -0.1912956898  -0.0195327482  -0.0731760144  -0.1342088754   0.1109215810
62  3  -0.1061780596   0.2538999381   0.1118611436  -0.1254570691  -0.0988103012
62  4  -0.1367740119   0.0215515120   0.0204431245  -0.0020869026  -0.0094475473
62  5   0.0243970896  -0.0252503653   0.1494499229  -0.1463624968  -0.0311826200
62  6   0.0459053077  -0.0477688313   0.0360574602   0.0516729221   0.0487801484
62  7   0.0459780307  -0.0414725228  -0.0516986933  -0.0518905575   0.0103207926
62  8  -0.0118917372   0.0177662557   0.0297906046   0.0044486203   0.0099214576
62  9   0.0091008480   0.0050805168   0.0026902428   0.0026389221   0.0000086989
62 10   0.0067757003   0.0034034387   0.0058538539   0.0318216529  -0.0323862520
62 11  -0.0061229387   0.0061183719  -0.0110354356  -0.0073080501  -0.0140267803
62 12   0.0113110234   0.0247494682  -0.0252343930  -0.0099852394  -0.0341854588
62 13  -0.0008531133  -0.0012703436  -0.0010035468   0.0011286761  -0.0021607597
62 14  -0.0022324205   0.0016282768   0.0014524720  -0.0017074848  -0.0020381517
62 15  -0.0027080981  -0.0026965601
63  1  -0.0731938761  -0.1243518931  -0.0875358012  -0.1508988823   0.0755462515
63  2   0.0661534432  -0.0186043370  -0.1029817605  -0.0557867119  -0.0203344970
63  3  -0.0155522915   0.0370007152   0.0153753858  -0.0169291340  -0.0131262745
63  4  -0.0183989618  -0.1991893486  -0.1314267781  -0.0834231681   0.1815594987
63  5   0.0031833114  -0.0035675816   0.0204364432  -0.0189844300  -0.0043907715
63  6   0.0058297147  -0.0070384434   0.0050649404   0.0110431016   0.0099828100
63  7   0.0049322900  -0.0050232503  -0.0123025453  -0.0121816099  -0.1616413274
63  8   0.1603987500  -0.1215691149  -0.2023024993   0.0177808391  -0.0769255024
63  9  -0.0768205037   0.0027254735  -0.0108412407  -0.0110800113  -0.0004371064
63 10  -0.0245213776  -0.0134738441  -0.0210399029  -0.1142065497   0.1156737744
63 11   0.0225181615  -0.0223008210   0.0738497187  -0.0022116727   0.0767901528
63 12  -0.0215033862  -0.1425832776   0.0563440294  -0.0202973710   0.1526503519
63 13   0.0093646820   0.0140295207   0.0104154207  -0.0116268432   0.0248037671
63 14   0.0257199291  -0.0210550400  -0.0193449089   0.0182488656   0.0219661854
63 15   0.0304829388   0.0304429028
64  1  -0.1245005157   0.1595688822  -0.1404954616  -0.1222789689  -0.0267736721
64  2  -0.0142620273   0.0878322627  -0.0972061643   0.0662157691   0.0643150497
64  3  -0.0212514142   0.0018593576   0.0044286443   0.0155248441   0.0152224611
64  4  -0.0012112682   0.0744240562   0.0061589939   0.1267276128  -0.1510996974
64  5   0.0019681212  -0.0017374236  -0.0146921299   0.0139259454   0.0029372404
64  6  -0.0011845410  -0.0048637186   0.0059368043   0.0001562172  -0.0003243779
64  7  -0.0050524063   0.0043233716   0.0062843364   0.0058817431  -0.0881230189
64  8   0.0875966265   0.0668108042   0.1109769831   0.0451034607  -0.0493994723
64  9  -0.0548948547   0.0351466330   0.0187759280   0.0189016522  -0.0331228881
64 10   0.0221130647   0.0396113976   0.0002448986   0.1911139103  -0.1925084237
64 11   0.0384001450  -0.0380860770   0.0927064865  -0.0549693583   0.0798019267
64 12   0.0279581305  -0.0499233415  -0.2027843010  -0.2067998092  -0.0506955146
64 13  -0.0095820567  -0.0137332261  -0.0161174709   0.0167964476  -0.0045154601
64 14  -0.0048150442  -0.0150866774  -0.0153511828  -0.0023165769  -0.0028210470
64 15   0.0104513905   0.0099238962
65  1   0.0085527948  -0.0378200639   0.0914194596   0.0718727036   0.1252304528
65  2  -0.1883626920   0.0456215311  -0.1658114261   0.0689866966   0.0412396710
65  3  -0.1949080144   0.1214706818   0.0543439047   0.1594396360   0.1639142070
65  4  -0.0175095623   0.0066403639   0.0227684566  -0.0417093281   0.0340822631
65  5   0.0234960923  -0.0229143433  -0.1522434230   0.1493371082   0.0282088917
65  6  -0.0079163273  -0.0537402998   0.0591490523   0.0210821663   0.0149688573
65  7  -0.0713447986   0.0705784958   0.0367704822   0.0372133395   0.0318872026
65  8  -0.0304217325  -0.0244775307  -0.0411523418  -0.0132298712  -0.0007115732
65  9   0.0011591613  -0.0135797376   0.0000984029   0.0000801267   0.0013456131
65 10   0.0001592393  -0.0007144828   0.0005845786  -0.0042166062   0.0028839578
65 11  -0.0009807382   0.0009194915  -0.0024430636   0.0105983198   0.0009725634
65 12  -0.0105847652  -0.0127772826   0.0118907738   0.0044129119   0.0172446543
65 13   0.0033935552   0.0048728493   0.0057734145  -0.0060206804   0.0020153025
65 14   0.0021040970   0.0054229899   0.0055274134   0.0014437644   0.0017310747
65 15  -0.0035575558  -0.0033838225
66  1   0.0664403497  -0.2196181221  -0.1197633943  -0.0420299496   0.0251719255
66  2   0.0243414945  -0.0054385118  -0.0718141690  -0.0244302043  -0.0285921398
66  3  -0.0240453076   0.0200345772   0.0075604487   0.0219619301   0.0224842023
66  4  -0.0021696227  -0.0867192563  -0.1711537042   0.2161604667  -0.1415531316
66  5   0.0026186987  -0.0026215679  -0.0210060697   0.0213933548   0.0031850320
66  6  -0.0015324155  -0.0073638824   0.0083606372  -0.0004921931  -0.0015588288
66  7  -0.0090051984   0.0077484130   0.0114931417   0.0099751212  -0.1700328495
66  8   0.1723817859   0.1276816285   0.2130076401   0.0703691756   0.0349090395
66  9   0.0231107825   0.0759973302  -0.0097827047  -0.0097274002   0.0154243144
66 10  -0.0139927345  -0.0202651193  -0.0036972174  -0.1014689812   0.1012781418
66 11  -0.0195241598   0.0193224441  -0.0462153885  -0.0411562437  -0.0616751458
66 12   0.0579402438   0.1307632136   0.0523943886   0.1118787593  -0.0911483034
66 13  -0.0179810418  -0.0258153981  -0.0307138268   0.0320332619  -0.0113927130
66 14  -0.0120357827  -0.0287604907  -0.0296035762  -0.0088185621  -0.0107446028
66 15   0.0186270306   0.0175306599
67  1  -0.2085214612   0.2195668087  -0.1206569906  -0.1877984317  -0.0021633235
67  2   0.0051106220   0.0776648184  -0.1216748962   0.0317223164   0.0732546207
67  3  -0.0230032838   0.0230750345   0.0226250327  -0.0240080572  -0.0182516311
67  4  -0.0270150130   0.1925953053   0.1763800822  -0.0261392550  -0.0810781550
67  5  -0.0245251726   0.0244202438   0.0254282292  -0.0248515532   0.0211536611
67  6  -0.0268829476   0.0267359126  -0.0219132907  -0.0233201523  -0.0205922913
67  7  -0.0211930195   0.0161992269   0.0353828429   0.0354869089   0.1177167006
67  8  -0.1235646407   0.0771974351   0.1268782285  -0.2851273487  -0.1501294026
67  9  -0.0968044229  -0.3063151878  -0.2274436062  -0.2267854889  -0.0383112275
67 10  -0.3470457664  -0.1560682863  -0.3124140484   0.1570612044  -0.1574119863
67 11  -0.2394175683   0.2375019828  -0.1904260368  -0.1880270786  -0.2620090600
67 12   0.2591029250   0.1909851639  -0.1744551509  -0.0625545017  -0.2513675525
67 13   0.0735661429   0.1099682534   0.0768837793  -0.0852148691   0.1920401137
67 14   0.1990024726  -0.1668542978  -0.1545103333   0.1295430028   0.1563101318
67 15   0.2157838256   0.2157459831
68  1   0.0455542133   0.0205538973   0.0114679041   0.0693945388   0.0151266740
68  2  -0.2606325878  -0.0417091420  -0.1350154004  -0.2902454755   0.1499001888
68  3  -0.1915416874   0.3617816219   0.2463607085  -0.2716344553  -0.2201110626
68  4  -0.2977055733  -0.0022655110  -0.0137901808   0.0309382358  -0.0206364595
68  5  -0.2852456448   0.2805165858   0.2675605615  -0.2636188721   0.2019353174
68  6  -0.3070036076   0.3205416271  -0.2410994195  -0.2543659330  -0.2389930734
68  7  -0.2450423886   0.2217414004   0.3513789332   0.3496720233   0.0225891136
68  8  -0.0087463465  -0.0379154235  -0.0668311292   0.0394627586   0.0378485242
68  9   0.0261516548   0.0538594901   0.0422882961   0.0429003788   0.0076852812
68 10   0.0624847540   0.0300427946   0.0566953414  -0.0270011120   0.0267419454
68 11   0.0427344744  -0.0426105813   0.0228415073   0.0444494492   0.0377592046
68 12  -0.0522365222  -0.0183169176   0.0403057609   0.0268029389   0.0364584231
68 13   0.0101918386   0.0152760568   0.0107969140  -0.0121537330   0.0264941898
68 14   0.0272325208  -0.0222386475  -0.0202686717   0.0182899799   0.0219462302
68 15   0.0299334379   0.0298112022
69  1  -0.1307825000  -0.0844861713  -0.0687272373  -0.1935204501   0.0891833304
69  2   0.0738076774  -0.0233806142  -0.1314812089  -0.0801899057  -0.0150259579
69  3  -0.0303120845   0.0526822795   0.0356560571  -0.0385734459  -0.0302090227
69  4  -0.0427742516  -0.1054618545   0.0004221709  -0.1982937836   0.2322103251
69  5  -0.0418473544   0.0408560771   0.0388622144  -0.0369836601   0.0314297507
69  6  -0.0456428199   0.0464186295  -0.0355925452  -0.0330192339  -0.0309610968
69  7  -0.0378295719   0.0314544069   0.0473711607   0.0473084541  -0.1739464085
69  8   0.1705779555  -0.1266916346  -0.2119138524  -0.1156284439  -0.1837127181
69  9  -0.1569811828  -0.1467748541  -0.1447673880  -0.1442220555  -0.0216769347
69 10  -0.2203581838  -0.1016976656  -0.1972060907   0.0993211779  -0.0978296871
69 11  -0.1512929147   0.1500644071  -0.0388105839  -0.1880002481  -0.1020749880
69 12   0.2097045339   0.0048085853  -0.1838757956  -0.1631971509  -0.0904149569
69 13  -0.1137565274  -0.1702409160  -0.1201461813   0.1335917733  -0.2956320475
69 14  -0.3062491129   0.2515700754   0.2322277252  -0.2020217885  -0.2437719239
69 15  -0.3334933681  -0.3337351445
70  1  -0.2213687806   0.2189273429  -0.1048865462  -0.1922980211   0.0081829816
70  2   0.0085268415   0.0876772584  -0.1405934900   0.0649554699   0.0617210265
70  3  -0.0384366914   0.0010032060   0.0101469197   0.0347706574   0.0342088117
70  4  -0.0020479798  -0.1633583152  -0.1822556485   0.0944190780   0.0063195761
70  5  -0.0276186945   0.0275427581  -0.0238676078   0.0234620183  -0.0173919257
70  6   0.0046023493   0.0360023239  -0.0367412771  -0.0170969615  -0.0118257183
70  7   0.0439663239  -0.0412912039  -0.0256707858  -0.0234569770  -0.0937391793
70  8   0.0864610297   0.0694098043   0.1124154799   0.0855467791  -0.3368451369
70  9  -0.3419062430   0.0204853026   0.2569617469   0.2524843397  -0.2900430330
70 10   0.2145088795   0.3565141980   0.0209336521  -0.1734199115   0.1731082501
70 11  -0.2538398155   0.2520928916  -0.3366353988   0.0643842375  -0.3329402648
70 12   0.0416038886   0.1665169955   0.2055821460   0.2673801605  -0.0509225228
70 13   0.1122899741   0.1612469148   0.1866864619  -0.1946912815   0.0632961746
70 14   0.0670881646   0.1662767456   0.1709947877   0.0428876828   0.0522965907
70 15  -0.1070151300  -0.1007076009
71  1   0.0145028167  -0.0577860726   0.1542240792   0.1034278228   0.0870972236
71  2  -0.2555989901   0.0742513763  -0.3005223366   0.0736552508   0.0258506534
71  3  -0.3500219064   0.1211249935   0.1153537526   0.3530969728   0.3597405333
71  4  -0.0344725093   0.0136349673   0.0302962165  -0.0458132146   0.0336107419
71  5  -0.2829043444   0.2864559901  -0.2376115642   0.2332312729  -0.1840122381
71  6   0.0563802995   0.3552310331  -0.3915822092  -0.1482128446  -0.1121987138
71  7   0.3802975562  -0.3766799314  -0.2781391746  -0.2785930187   0.0288817324
71  8  -0.0372847167  -0.0152405505  -0.0210760337  -0.0181173476   0.0111384808
71  9   0.0152227044  -0.0135001797  -0.0075210520  -0.0092014537   0.0061058253
71 10  -0.0055797502  -0.0120390620   0.0014194602   0.0031922465   0.0023879444
71 11   0.0061772041  -0.0061476504   0.0078458742   0.0096884637   0.0109841013
71 12  -0.0128753165  -0.0187169852   0.0038129301  -0.0069564882   0.0182430066
71 13  -0.0406525067  -0.0582650676  -0.0677047182   0.0704251036  -0.0233956735
71 14  -0.0246815025  -0.0605294908  -0.0619099778  -0.0164616374  -0.0199557481
71 15   0.0384747259   0.0363383809
72  1   0.1175219991  -0.2539790193  -0.1263796658   0.0000000000   0.0000000000
72  2   0.0000000000   0.0000000000  -0.0747397018  -0.0228476551  -0.0301449993
72  3  -0.0441427749   0.0203297218   0.0159502109   0.0483733133   0.0492890340
72  4  -0.0049520479   0.0374672320  -0.0716618809   0.2305685384  -0.2217789066
72  5  -0.0395372615   0.0401249344  -0.0322165403   0.0321427393  -0.0262904806
72  6   0.0074325583   0.0482571428  -0.0538152354  -0.0230303294  -0.0194435865
72  7   0.0502883081  -0.0523776745  -0.0310632093  -0.0341849557  -0.1873987844
72  8   0.1917532713   0.1259442230   0.2125943020   0.0555162454   0.1861217020
72  9   0.1734495676   0.0903319927  -0.1342378186  -0.1319262741   0.1490950096
72 10  -0.1142610437  -0.1857801904  -0.0143242619   0.0875956899  -0.0875946596
72 11   0.1327339155  -0.1318398131   0.1776738064  -0.1186031307   0.1485492924
72 12   0.0668925985   0.0289971963  -0.1654548298  -0.1342285390  -0.1034776545
72 13   0.2169245359   0.3113422647   0.3610483356  -0.3763957244   0.1257869378
72 14   0.1335123485   0.3217273298   0.3311025787   0.0892890098   0.1089324331
72 15  -0.2050093676  -0.1927639357
$end
