$dipgrad          cartesian dipole gradients
  -.43375937411010D+00  0.00000000000000D+00  -.40025404549160D-17
  0.00000000000000D+00  -.45756922164766D+00  0.00000000000000D+00
  -.42435821261848D-17  0.00000000000000D+00  -.33214427970215D+00
  0.21687968745506D+00  0.00000000000000D+00  -.77029104039539D-01
  0.00000000000000D+00  0.22878461122378D+00  0.00000000000000D+00
  -.53625855866331D-01  0.00000000000000D+00  0.16607214025104D+00
  0.21687968745506D+00  0.00000000000000D+00  0.77029104039539D-01
  0.00000000000000D+00  0.22878461122378D+00  0.00000000000000D+00
  0.53625855866331D-01  0.00000000000000D+00  0.16607214025104D+00
$end
