$hessian (projected)
 1  1   0.6657504456   0.0000000000   0.0000000000  -0.3328752228   0.0000000000
 1  2  -0.2576145612  -0.3328752228   0.0000000000   0.2576145612
 2  1   0.0000000000   0.0000000000   0.0000000000   0.0000000000   0.0000000000
 2  2   0.0000000000   0.0000000000   0.0000000000   0.0000000000
 3  1   0.0000000000   0.0000000000   0.4468360793  -0.1964084052   0.0000000000
 3  2  -0.2234180396   0.1964084052   0.0000000000  -0.2234180396
 4  1  -0.3328752228   0.0000000000  -0.1964084052   0.3643591921   0.0000000000
 4  2   0.2270114832  -0.0314839692   0.0000000000  -0.0306030780
 5  1   0.0000000000   0.0000000000   0.0000000000   0.0000000000   0.0000000000
 5  2   0.0000000000   0.0000000000   0.0000000000   0.0000000000
 6  1  -0.2576145612   0.0000000000  -0.2234180396   0.2270114832   0.0000000000
 6  2   0.2113939131   0.0306030780   0.0000000000   0.0120241265
 7  1  -0.3328752228   0.0000000000   0.1964084052  -0.0314839692   0.0000000000
 7  2   0.0306030780   0.3643591921   0.0000000000  -0.2270114832
 8  1   0.0000000000   0.0000000000   0.0000000000   0.0000000000   0.0000000000
 8  2   0.0000000000   0.0000000000   0.0000000000   0.0000000000
 9  1   0.2576145612   0.0000000000  -0.2234180396  -0.0306030780   0.0000000000
 9  2   0.0120241265  -0.2270114832   0.0000000000   0.2113939131
$end
