$vibrational normal modes
 1  1  -0.0496656491   0.0989925462   0.0000000000   0.0000000000   0.4229379332
 1  2   0.0492181722   0.0000000000  -0.0000000000   0.0702859394
 2  1   0.0000000000   0.0000000000   1.0000000000   0.0000000000   0.0000000000
 2  2   0.0000000000   0.0000000000   0.0000000000   0.0000000000
 3  1   0.0983106936  -0.1278423061   0.0000000000   0.0000000000   0.0613752483
 3  2   0.2748580197   0.0709059405   0.0495854166   0.0000000000
 4  1   0.3941687678   0.1979306387   0.0000000000   0.0000000000   0.3754391812
 4  2  -0.1634964526   0.4252158394  -0.5864326068  -0.5578205992
 5  1   0.0000000000   0.0000000000   0.0000000000   1.0000000000   0.0000000000
 5  2   0.0000000000   0.0000000000   0.0000000000   0.0000000000
 6  1  -0.4751874802  -0.2556846123   0.0000000000   0.0000000000   0.1227504966
 6  2   0.5497160394  -0.5627412050  -0.3935320074  -0.4317014275
 7  1   0.3941687678   0.1979306387   0.0000000000   0.0000000000   0.3754391812
 7  2  -0.1634964526  -0.4252158394   0.5864326068  -0.5578205992
 8  1   0.0000000000   0.9111142212   0.0000000000   0.0000000000  -0.7213735104
 8  2   0.7525827108  -0.0000000000   0.0000000000   0.0000000000
 9  1   0.6718088675   0.0000000000   0.0000000000   0.0000000000   0.0000000000
 9  2   0.0000000000  -0.5627412050  -0.3935320074   0.4317014275
$end
