$dipgrad          cartesian dipole gradients
  0.67671611667907D-01  -.48196779795663D-01  -.48969103269218D-01
  -.34605422981130D-01  0.10912924520450D+00  -.17556437392408D-01
  -.42058567746421D-01  -.34231199738761D-01  -.94009924970837D-01
  -.62824636048271D-01  0.55865037521936D-01  0.67123295770446D-01
  0.37480600638751D-01  -.12628748274274D+00  0.25551355689130D-01
  0.42734666047895D-01  0.56078512128798D-01  0.10119954284107D+00
  -.45340833649399D-01  0.55340976465967D-01  -.44429466691883D-01
  0.71432610258349D-01  -.68577826474781D-01  -.68935609834876D-01
  -.66372785820991D-01  -.43900005240491D-01  0.26474721341558D-01
  0.40478263040911D-01  -.71054590608095D-01  0.47730824562914D-01
  -.77420112272994D-01  0.83677074401184D-01  0.66614428285655D-01
  0.58679980414033D-01  0.52506982033459D-01  -.29029825656548D-01
  -.14327901278866D-01  0.97154198081792D-01  0.16850496791791D-01
  0.11209572737676D+00  -.41148488317602D-01  0.22961927333688D-01
  0.21901971791812D-01  0.20469846294505D-01  -.71433546274124D-01
  0.48697635582913D-02  -.11271808518167D+00  -.14458745047878D-01
  -.12447021380940D+00  0.55151687374697D-01  -.20405365555215D-01
  -.17935435335961D-01  -.16738468261234D-01  0.45319857284225D-01
  -.69122646895395D-01  0.31307442407814D-01  0.26313178856017D-01
  0.43201061101133D-01  -.10540944822518D+00  0.54130704717661D-01
  0.49410590762149D-01  0.22473579598306D-01  0.92503412401721D-01
  0.67152909646074D-01  -.47223731872290D-01  -.30661955291378D-01
  -.46017965533376D-01  0.10615456614441D+00  -.53296564841422D-01
  -.42575559998006D-01  -.34688423926467D-01  -.82568183586574D-01
  -.26309481965027D-01  0.97208191777082D-01  -.81852439246469D-01
  0.63858826028994D-01  -.99062958788437D-01  -.51033455697080D-01
  -.71469746506943D-01  -.59170009686220D-01  0.44582269484198D-01
  0.32280261663436D-01  -.75584632103502D-01  0.74057237573570D-01
  -.58147794124567D-01  0.89385060229550D-01  0.42273542221323D-01
  0.69253104918076D-01  0.54446301408440D-01  -.42112324819021D-01
  0.37161166843690D-01  0.14403326010456D+00  0.30178177863023D-01
  0.11840008374515D+00  -.53273811071315D-01  0.19769054560064D-01
  0.25284490960559D-01  0.15131706737487D-01  -.50606906580646D-01
  -.31281942229073D-01  -.12253889785128D+00  -.25825266089395D-01
  -.10611016040898D+00  0.51926702124736D-01  -.18058674837227D-01
  -.25638506727685D-01  -.19373505908204D-01  0.56411321536205D-01
  0.72696299648655D-01  -.44139886026479D-01  0.39390270349602D-01
  -.31605426606427D-01  0.11211244772879D+00  0.93322246855545D-02
  0.32026885327497D-01  0.26775948687623D-01  -.10105572774203D+00
  -.27514557829550D-01  -.11950116903061D+00  0.36841164394915D-01
  -.10251719029489D+00  0.54972014324176D-01  0.25209037733053D-01
  0.36386671537650D-01  0.27573642071248D-01  0.49879778308662D-01
  -.68765301387222D-01  0.46729162043939D-01  -.58561300776940D-01
  0.34002927062634D-01  -.13023976372231D+00  -.16531115236024D-01
  -.32148801277032D-01  -.49833836339220D-01  0.11064059085508D+00
  0.33527213684357D-01  0.14092770748162D+00  -.42065134817584D-01
  0.11427347247431D+00  -.56933902866379D-01  -.27624624722672D-01
  -.36358125088329D-01  -.21758493557126D-01  -.44572796609902D-01
  -.39488820630551D-01  0.60539500823051D-01  0.44761294227888D-01
  0.78265723480234D-01  -.62650759797754D-01  0.67622701351031D-01
  0.65831678509969D-01  0.45480348574641D-01  0.12072045011657D-01
  -.16462756530884D-01  0.10486627581301D+00  0.81842898011766D-01
  0.71520441240730D-01  -.92246344817568D-01  0.52265295654010D-01
  0.73044388269244D-01  0.56016372814303D-01  0.30125779295551D-01
  0.33774312093029D-01  -.77311548915403D-01  -.47798886440497D-01
  -.84867998056035D-01  0.78618873463897D-01  -.65200705847096D-01
  -.58145632013477D-01  -.52250192603186D-01  -.16220718639863D-01
  0.22509228182710D-01  -.82717742809447D-01  -.74775191594118D-01
  -.64868999772397D-01  0.84295820440327D-01  -.44172121552645D-01
  -.70750568683026D-01  -.54951881180227D-01  -.27581044479862D-01
  -.15434942549061D-01  0.93134679420417D-01  -.23652464462210D-01
  0.10992760901157D+00  -.43224838946140D-01  -.32109725814179D-01
  -.30867141575756D-01  -.28457365370906D-01  -.63985351645609D-01
  -.73199341212538D-01  0.27337672540598D-01  -.16204669403828D-01
  0.38085518487942D-01  -.11296654962061D+00  -.46467686699915D-01
  -.40592910531285D-01  -.13030598030120D-01  0.10441060573819D+00
  0.62336539682294D-02  -.10992202337089D+00  0.20979992467155D-01
  -.12147503826370D+00  0.56710235795904D-01  0.29200056289305D-01
  0.25746440567975D-01  0.23998484448410D-01  0.41342552260770D-01
  0.71718486602363D-01  -.43535016916551D-01  0.23185792262346D-01
  -.40438278782760D-01  0.10988845655161D+00  0.46461759510146D-01
  0.34612912198038D-01  0.27432255045026D-01  -.91786116960055D-01
$dipgrad          cartesian dipole gradients
  0.75884063132169D-01  -.42474170748954D-01  -.32059947082107D-01
  -.30649149609653D-01  0.11306003675566D+00  -.56576302446513D-02
  -.23395531619225D-01  -.24421121524086D-01  -.10510796175678D+00
  -.69227586570581D-01  0.42898475482237D-01  0.46754968445384D-01
  0.29907907801663D-01  -.12826145321390D+00  0.11643671420133D-01
  0.24683528969631D-01  0.45030750809723D-01  0.11452171598991D+00
  -.32783862440080D-01  0.63206037611339D-01  -.48957155053054D-01
  0.83156648963436D-01  -.58639538748517D-01  -.65491011281477D-01
  -.62598813491140D-01  -.49166770815050D-01  0.13899126679242D-02
  0.29036885599989D-01  -.81533550116717D-01  0.47310364724940D-01
  -.89626352418701D-01  0.76179017705815D-01  0.62533689218705D-01
  0.58512119042003D-01  0.50041626817417D-01  -.86897695740471D-02
  -.19058664271916D-01  0.92238985874169D-01  0.27054357171034D-01
  0.10803016476438D+00  -.44252237595893D-01  0.35341587078720D-01
  0.38064272743535D-01  0.31063612934153D-01  -.61581504127966D-01
  0.86929107301359D-02  -.10778355272310D+00  -.24711732295246D-01
  -.11915514891259D+00  0.57434026508276D-01  -.35575977370518D-01
  -.29555821588292D-01  -.29745589545396D-01  0.37349948950393D-01
  -.77383080533617D-01  0.31950863228470D-01  0.59404344082324D-02
  0.35631102130782D-01  -.11588571540968D+00  0.43650578601070D-01
  0.34441020229860D-01  0.62963020539270D-02  0.10686160426855D+00
  0.74266003767431D-01  -.41271775233333D-01  -.15671062788834D-01
  -.37483170955003D-01  0.11121910207300D+00  -.44661479946641D-01
  -.26671016115701D-01  -.25131506477965D-01  -.96369540077156D-01
  -.10546033024468D-01  0.11259804307019D+00  -.83583084737383D-01
  0.76911616826861D-01  -.90721831611716D-01  -.51045455016213D-01
  -.73159796899179D-01  -.55038432014991D-01  0.18654477475705D-01
  0.15189264869463D-01  -.86663212058895D-01  0.74978568785140D-01
  -.68773236508492D-01  0.82007043953054D-01  0.43052269025318D-01
  0.71699713158252D-01  0.53052820170552D-01  -.17979275502630D-01
  0.29212296328379D-01  0.13936422316900D+00  0.42963179480931D-01
  0.11298727217098D+00  -.57208763369171D-01  0.35054924827886D-01
  0.44023656280582D-01  0.27943725763213D-01  -.39541674803461D-01
  -.22593603311154D-01  -.11685562668758D+00  -.43529828393502D-01
  -.10097688882673D+00  0.55656681848287D-01  -.29948665017114D-01
  -.42775558730829D-01  -.33821445562756D-01  0.44457841922396D-01
  0.77657426759994D-01  -.39837764207752D-01  0.23643654349081D-01
  -.29070393541854D-01  0.11585013162357D+00  -.94904530544246D-02
  0.14373903078733D-01  0.92099110011842D-02  -.10730557221532D+00
  -.17512124104478D-01  -.11148612532751D+00  0.54368880463124D-01
  -.94460888668428D-01  0.62026089853436D-01  0.34568198195404D-01
  0.53492464172558D-01  0.39020838129473D-01  0.33432563521215D-01
  -.71857458401607D-01  0.33363801368927D-01  -.40030870383701D-01
  0.27691969101650D-01  -.12923179840501D+00  0.53973088791447D-02
  -.14755042820385D-01  -.31382899861073D-01  0.11877773374176D+00
  0.25095156000192D-01  0.13346055792340D+00  -.56181673061554D-01
  0.10486390071585D+00  -.64356142794092D-01  -.40605558807571D-01
  -.54577288120559D-01  -.31221587940679D-01  -.29682140880569D-01
  -.31779462754499D-01  0.69964080296731D-01  0.44021901545283D-01
  0.89470754867022D-01  -.53034862495079D-01  0.63423895795773D-01
  0.55562815146998D-01  0.51090087491471D-01  -.14939910434494D-01
  -.28615303212445D-02  0.12054809365513D+00  0.78118325034801D-01
  0.86549482662909D-01  -.79176693931595D-01  0.51895380676974D-01
  0.69537857850112D-01  0.51189792122713D-01  0.49547056883361D-02
  0.25148489806481D-01  -.88970346544076D-01  -.42651734104789D-01
  -.97769454473395D-01  0.69829616755205D-01  -.60361818493807D-01
  -.52236931590562D-01  -.49700434253062D-01  0.43311408285787D-02
  0.67082958243986D-02  -.95094859149492D-01  -.70336834644110D-01
  -.77389607505357D-01  0.74042069284554D-01  -.45529806354364D-01
  -.67760219367470D-01  -.54171998409868D-01  -.22130709143613D-02
  -.18489828744819D-01  0.84661590821834D-01  -.32862590432698D-01
  0.10390934629427D+00  -.44429135611011D-01  -.43560857663209D-01
  -.49189623309319D-01  -.35584864107325D-01  -.47341846835496D-01
  -.79250996340413D-01  0.29195721209582D-01  0.38969693057342D-02
  0.33144711321067D-01  -.12717408399518D+00  -.27477904191127D-01
  -.26105677862090D-01  0.10484606808364D-01  0.11956941956431D+00
  0.93844204833211D-02  -.10256546251881D+00  0.31955319625382D-01
  -.11378674514865D+00  0.60763901134306D-01  0.42734588077838D-01
  0.38922893411008D-01  0.35011058787355D-01  0.30874229296059D-01
  0.77069025910121D-01  -.38914028394832D-01  0.95695896378978D-02
  -.33113841051939D-01  0.11430454807874D+00  0.30110525644053D-01
  0.19467077431521D-01  0.99515176225524D-02  -.10442301839950D+00
$end
