$energy      SCF               SCFKIN            SCFPOT
     1 -464.6654036512      459.8714849767     -924.5368886279
     2 -464.6935501108      460.5078944669     -925.2014445777
     3 -464.7263575194      461.8848487006     -926.6112062201
     4 -464.7289751032      462.5993606370     -927.3283357402
     5 -464.7289449489      462.7192460678     -927.4481910167
     6 -464.7296127465      462.5245480431     -927.2541607895
     7 -464.7298900388      462.5404727724     -927.2703628111
     8 -464.7298223836      462.4854236448     -927.2152460284
     9 -464.7298764921      462.4985011207     -927.2283776127
    10 -464.7299307366      462.5167720797     -927.2467028163
    11 -464.7298687377      462.4904689569     -927.2203376946
    12 -464.7299109479      462.5083442423     -927.2382551902
    13 -464.7299144017      462.4810819557     -927.2109963574
    14 -464.7299328212      462.5171726268     -927.2471054480
    15 -464.7299367304      462.5129545111     -927.2428912415
    16 -464.7299378226      462.5095914971     -927.2395293197
    17 -464.7299375415      462.5116361736     -927.2415737151
    18 -464.7299382937      462.5127207663     -927.2426590600
    19 -464.7299391884      462.5121079116     -927.2420471001
    20 -464.7299397222      462.5146815502     -927.2446212724
    21 -464.7299406347      462.5135432683     -927.2434839030
    22 -464.7299417224      462.5117596484     -927.2417013708
    23 -464.7299427459      462.5090862662     -927.2390290122
    24 -464.7299445529      462.5119624904     -927.2419070432
    25 -464.7299470759      462.5109039830     -927.2408510589
    26 -464.7299479811      462.5144789451     -927.2444269262
    27 -464.7299491874      462.5115686657     -927.2415178531
    28 -464.7299491158      462.5117693392     -927.2417184550
    29 -464.7299490965      462.5119121625     -927.2418612590
    30 -464.7299481514      462.5118855500     -927.2418337014
    31 -464.7299487047      462.5119206518     -927.2418693565
    32 -464.7299491217      462.5117354074     -927.2416845291
    33 -464.7299490105      462.5121610021     -927.2421100127
    34 -464.7299490726      462.5120402568     -927.2419893293
    35 -464.7299490974      462.5119040730     -927.2418531704
    36 -464.7299490899      462.5120437597     -927.2419928496
    37 -464.7299490888      462.5119653711     -927.2419144598
    38 -464.7299491234      462.5118823200     -927.2418314434
    39 -464.7299490441      462.5119372931     -927.2418863372
    40 -464.7299490288      462.5119308499     -927.2418798787
    41 -464.7299488771      462.5119777252     -927.2419266024
    42 -464.7299491214      462.5119519258     -927.2419010472
    43 -464.7299491128      462.5119361978     -927.2418853106
    44 -464.7299491250      462.5119496890     -927.2418988141
    45 -464.7299387573      462.5119204683     -927.2418592256
    46 -464.7299388015      462.5115473309     -927.2414861324
    47 -464.7299389377      462.5111346813     -927.2410736189
    48 -464.7299389732      462.5113964352     -927.2413354084
    49 -464.7299391041      462.5122541136     -927.2421932177
    50 -464.7299391500      462.5121109055     -927.2420500555
    51 -464.7299394515      462.5115804897     -927.2415199412
    52 -464.7299396326      462.5100894341     -927.2400290667
    53 -464.7299388577      462.5083560958     -927.2382949534
    54 -464.7299399875      462.5101499597     -927.2400899472
    55 -464.7299396666      462.5094086209     -927.2393482875
    56 -464.7299396327      462.5107644967     -927.2407041294
    57 -464.7299400063      462.5135954071     -927.2435354134
    58 -464.7299393207      462.5094042934     -927.2393436141
    59 -464.7299397941      462.5111277570     -927.2410675510
    60 -464.7299395827      462.5092746704     -927.2392142531
    61 -464.7299400728      462.5126299962     -927.2425700690
    62 -464.7299404850      462.5126401094     -927.2425805944
    63 -464.7299409049      462.5117722546     -927.2417131595
    64 -464.7299410125      462.5106107362     -927.2405517487
    65 -464.7299411066      462.5112596118     -927.2412007185
    66 -464.7299408741      462.5101340554     -927.2400749295
    67 -464.7299409304      462.5122599075     -927.2422008379
    68 -464.7299410358      462.5115990735     -927.2415401094
    69 -464.7299410269      462.5106128182     -927.2405538451
    70 -464.7299410229      462.5108354786     -927.2407765014
    71 -464.7299413375      462.5133380935     -927.2432794310
    72 -464.7299413119      462.5122411031     -927.2421824149
    73 -464.7299413221      462.5117786217     -927.2417199438
    74 -464.7299412637      462.5114773513     -927.2414186150
    75 -464.7299411858      462.5118712264     -927.2418124122
    76 -464.7299411898      462.5113896640     -927.2413308537
    77 -464.7299411651      462.5116092892     -927.2415504542
    78 -464.7299411044      462.5115977914     -927.2415388958
    79 -464.7299411543      462.5116137981     -927.2415549524
    80 -464.7299411496      462.5116123687     -927.2415535183
$end
