$hessapprox internal
  0.368194497152D+00 -0.703519630814D-03  0.334384139318D+00  0.835489354870D-03
 -0.266865641064D-03  0.922688127879D-01  0.126560810919D-02 -0.535959603421D-02
 -0.894891465996D-03  0.371120673348D+00  0.811197966143D-03 -0.187229559372D-02
 -0.872994567808D-02 -0.278257600332D-02  0.329208809039D+00  0.193727429715D-02
 -0.368167932000D-02 -0.857346202309D-02  0.243814604217D-02 -0.762976265945D-02
  0.125034871548D+00  0.132662080293D-02  0.139010505996D-02  0.204769752787D-02
 -0.343743101473D-02  0.236915330540D-02 -0.124323336856D-02  0.364899922360D+00
 -0.203678426054D-03 -0.527936337128D-02 -0.936578028644D-03 -0.575345659817D-02
 -0.105380431625D-01 -0.546906682173D-02  0.304071805068D-02  0.324892810953D+00
  0.302196956587D-02 -0.999403037907D-03 -0.613880600574D-02  0.329201688243D-02
 -0.547836338840D-02  0.218468389374D-02 -0.147030200438D-03 -0.720480319033D-02
  0.119097221044D+00  0.479133096627D-02  0.482811413129D-02  0.214183490987D-02
 -0.543063892717D-02  0.437180220364D-02 -0.301773491721D-02  0.265781968507D-02
  0.615260667331D-02  0.177344337117D-02  0.375247239722D+00  0.149154333815D-02
  0.853511869403D-03  0.312310447473D-02  0.338287006123D-02 -0.240938887923D-02
 -0.134297735784D-02 -0.356255384810D-02 -0.585515499775D-02 -0.236056699970D-03
 -0.290656502419D-02  0.330009833256D+00 -0.125486314775D-02 -0.221098307198D-02
 -0.513396272272D-02 -0.160038073131D-02 -0.787028589190D-03 -0.489591247407D-02
  0.582655195714D-03 -0.168879452716D-02 -0.616511455503D-02  0.131156638221D-02
 -0.538055402062D-02  0.883607275790D-01  0.113727219685D-02 -0.109868917541D-02
 -0.586228605878D-03 -0.225818387491D-03  0.895969303212D-03  0.574891199963D-03
 -0.102922472586D-03  0.531215436512D-02 -0.751588527598D-02  0.796026174582D-03
  0.197007389785D-02  0.317212980942D-03  0.277479149274D-01 -0.346809563930D-02
 -0.451387717877D-02  0.347401323999D-02  0.191579463197D-02  0.554245409429D-04
 -0.315627652662D-02 -0.497256350385D-02 -0.337990798201D-02  0.187286255236D-02
 -0.834396058114D-02 -0.150589473041D-02  0.211414100293D-02 -0.506929205315D-02
  0.368192804128D+00  0.535199139561D-03 -0.907806503980D-03 -0.228887332174D-02
  0.331979609813D-02 -0.453869148915D-02 -0.208671489843D-03 -0.223622772746D-02
 -0.247992899649D-02 -0.276578527894D-02 -0.268859963022D-02  0.432142616322D-02
  0.470645966775D-03 -0.511200914652D-02  0.737403495097D-03  0.890187634690D-01
 -0.325094398053D-02 -0.699365162502D-02 -0.116730180576D-02  0.489434061516D-02
 -0.426768939987D-02  0.313040576366D-02 -0.485174726756D-02 -0.834365440366D-02
 -0.959078346516D-04 -0.114933438128D-01  0.440770499254D-04  0.472975684193D-05
 -0.903508638342D-03  0.297239127487D-02  0.472253434817D-02  0.373159020684D+00
 -0.256144310096D-03  0.542530922452D-03  0.231169233144D-02 -0.488715786523D-03
  0.289817595582D-02 -0.982547125437D-02 -0.105884595848D-02  0.579094629818D-02
  0.709001276567D-03 -0.531938795418D-03  0.319490226735D-02  0.271617672685D-03
  0.212776118742D-02  0.103613371520D-02  0.186746234204D-03 -0.698084170674D-02
  0.284610511308D-01  0.484024123334D-03  0.166478711561D-03 -0.440512975240D-03
  0.186319373521D-02 -0.215148311821D-02 -0.194126586135D-02 -0.356362372650D-03
  0.204251901880D-02  0.104378809058D-02  0.331790866520D-03  0.291312131315D-02
 -0.167548100157D-02  0.170259992727D-02 -0.241028612098D-02  0.278605125551D-02
 -0.192353599103D-02  0.816818685290D-02  0.854042421340D-01  0.540457671800D-03
 -0.465198103935D-03  0.529576161540D-02  0.158530463910D-02  0.255277602060D-02
  0.765544904450D-03  0.234915138848D-03 -0.146365213142D-03 -0.120742802163D-03
  0.819414640122D-03 -0.108857999653D-02 -0.797587120497D-03  0.135170869956D-02
 -0.203319864205D-03  0.632702851956D-04  0.302845849339D-03  0.112411147335D-02
  0.782909038818D-03  0.443273394966D-01  0.118271860226D-02 -0.321991674774D-03
  0.246835385287D-02  0.198456387395D-02 -0.222779819035D-02  0.329889661772D-02
 -0.134739744640D-02 -0.280796325120D-02  0.365517589726D-02 -0.908242133273D-03
 -0.333179357885D-02 -0.396366991917D-02 -0.211362868282D-02  0.628026050451D-03
  0.265409750946D-02  0.136237145821D-02 -0.264243645367D-02  0.516281220073D-03
 -0.126414722199D-02  0.409417007884D-01  0.802568818167D-03  0.217401444585D-02
  0.858434001721D-03  0.642679530511D-03  0.353358014242D-02 -0.604150005724D-03
  0.145899241023D-02  0.602210489658D-02  0.217838816482D-02  0.187539745873D-02
  0.402899342631D-02  0.459539615292D-02  0.148998874238D-03 -0.510105841306D-03
 -0.517364825788D-03  0.653221183109D-03 -0.188916760833D-02  0.987312356471D-03
  0.329926744752D-03  0.166031250118D-02  0.433721667383D-01  0.444840090634D-03
  0.167506922314D-02 -0.358984569334D-02  0.495645733620D-03 -0.210191408668D-02
  0.868433526470D-03 -0.538695167693D-03 -0.115490903978D-02  0.448019844059D-03
 -0.161672445523D-02  0.933802060358D-03  0.540300520470D-02  0.566887489633D-03
  0.273280795239D-02 -0.100811054791D-01 -0.182701607442D-03  0.592772448000D-03
 -0.787209358980D-02  0.239280257823D-02 -0.184682735023D-02 -0.747871946162D-02
  0.159336088205D+00 -0.148615939039D-02  0.143551572077D-03  0.249335901409D-02
 -0.963817621713D-03 -0.133031808203D-02 -0.153415756868D-02 -0.285759732726D-03
 -0.642952477742D-02  0.621774341663D-03 -0.214432579314D-03 -0.564402453733D-02
 -0.263807601585D-02 -0.161192823649D-02  0.198755070007D-02 -0.302672320272D-02
 -0.196532840009D-02  0.267242913052D-02 -0.266274650616D-02 -0.714462541646D-03
 -0.407713400438D-02 -0.347732746471D-01  0.389680834646D-01  0.996011256456D-01
 -0.704246849966D-04  0.249510999377D-02 -0.510897729976D-02 -0.211176732775D-03
  0.620053854054D-03 -0.119171095685D-02  0.333582090573D-03  0.558871562809D-02
 -0.915824318155D-03 -0.114145059684D-03  0.410113872087D-02 -0.215128381386D-02
 -0.257837611997D-02  0.120813165560D-02 -0.464239149565D-02  0.404260423720D-03
  0.372974172009D-03 -0.409737389832D-02  0.699514455353D-02 -0.247244754525D-02
  0.372005354074D-01  0.431957681718D-01 -0.418313798861D-01  0.115814518184D+00
  0.132858647942D-02  0.330730520773D-02 -0.460878108533D-02  0.319874805215D-06
 -0.347022795229D-02  0.194410380095D-02 -0.605972454713D-03  0.173884115009D-02
  0.609808557576D-03 -0.125058335968D-02  0.629040998878D-02  0.133551201696D-01
  0.263735634176D-03 -0.840609334788D-03 -0.997830000312D-03  0.597248357631D-03
  0.300802061598D-03 -0.200553138511D-02 -0.146192330102D-02  0.597507673560D-02
  0.493202639569D-02  0.789494801225D-02 -0.348684029688D-02 -0.286675394157D-01
  0.172683629019D+00  0.693057751775D-03 -0.464655769515D-04 -0.732522130612D-02
  0.150689869186D-02 -0.376227898954D-02 -0.681787091168D-02 -0.197816552673D-03
  0.186916090627D-02 -0.148025422701D-02  0.214925693288D-03  0.824221740999D-02
  0.347048897741D-02  0.257708252831D-02 -0.160167425676D-03  0.494379845782D-02
  0.209917708923D-02 -0.228163044653D-02  0.465984514141D-02  0.100821013162D-01
  0.771190741635D-02  0.287087454085D-02  0.106972399918D-01 -0.681394125567D-02
 -0.205051272841D-01  0.142230929832D-01  0.901336978852D-01 -0.269549168841D-02
 -0.754203347070D-02 -0.249845669332D-02 -0.185856985655D-02 -0.192249377793D-02
 -0.584762144030D-02  0.180450181125D-03 -0.379445390049D-02 -0.144524213817D-02
 -0.325294830380D-03  0.104618589364D-01  0.581733875397D-02 -0.215578277391D-02
  0.115887117629D-02  0.936793359711D-02 -0.168958556031D-02  0.456199287063D-02
  0.736275328847D-02  0.211994290425D-02  0.383727011422D-02 -0.219147359071D-03
  0.822206273044D-02 -0.136800922720D-01 -0.318139474693D-02 -0.126482938472D-01
  0.635510594797D-01  0.154210865441D+00 -0.192949936684D-02 -0.751480890982D-02
  0.340610451944D-02 -0.554662668775D-02 -0.475274713106D-02  0.222834164433D-02
  0.235235673958D-02 -0.965028106476D-02 -0.281076590153D-02  0.316319218597D-02
 -0.365881343680D-02  0.955055593428D-03  0.547490869503D-02 -0.368162735265D-02
 -0.328918691283D-02 -0.435159655321D-02  0.209438568268D-02 -0.120362509112D-02
  0.291697148611D-02  0.720526522295D-02  0.956536529637D-02 -0.670954445916D-02
 -0.305208410670D-01  0.673474708980D-02  0.255644800507D-01 -0.388441254301D-01
  0.177922255891D-01  0.179918112001D+00  0.188328271945D-03  0.200935473101D-02
 -0.319402667126D-02 -0.101090091223D-03  0.621312445036D-02  0.565947853692D-02
  0.479284980289D-03  0.757750472803D-02  0.115522736393D-02  0.242771533762D-03
 -0.324390226522D-02 -0.908804250770D-02 -0.631999470649D-02  0.134148168111D-02
 -0.456142246156D-02  0.201834836039D-02  0.429513208799D-03 -0.698818613924D-02
 -0.561005970221D-02 -0.214109343801D-02 -0.366491357173D-02 -0.384157222256D-01
 -0.228616732758D-02 -0.208765670196D-01  0.796715019285D-02  0.219613127702D-02
  0.130649582233D-01 -0.624344364869D-02  0.150036892913D+00  0.852981667886D-03
  0.744327467080D-03 -0.181864965887D-02  0.123840966244D-02  0.960540786730D-03
  0.563871833613D-02 -0.135020998320D-02  0.445278379088D-02  0.917643900603D-03
 -0.239369703033D-02  0.483082452386D-02 -0.240017418261D-02 -0.370317460559D-03
 -0.984365454435D-03 -0.543348144790D-02  0.315715996641D-02 -0.503495642560D-02
 -0.700843282846D-02 -0.686857080569D-02 -0.877479409086D-03 -0.816626965716D-02
  0.904325389853D-02  0.782884150422D-02 -0.175449616048D-01  0.211303116493D-01
  0.537636126538D-01  0.601605451360D-01 -0.215850369594D-01  0.404258547070D-01
  0.138285729202D+00  0.186019728324D-02  0.125600451407D-02 -0.186694546542D-02
  0.708459027076D-04 -0.117542012842D-02  0.122422594760D-02 -0.134065028435D-03
 -0.215623322545D-02 -0.102186414527D-02  0.764631844874D-03 -0.311111804689D-02
  0.602283382289D-02 -0.383398193084D-02 -0.305073381952D-02 -0.377204230703D-02
 -0.137914524078D-02 -0.273327886481D-02 -0.966740205993D-03  0.214955221481D-02
  0.644099098832D-02  0.128368894039D-01  0.410067290073D-02 -0.932684343788D-02
  0.789356907470D-02  0.708570710816D-01  0.206195344774D-02 -0.324926377407D-01
  0.840199140243D-02 -0.466583477064D-01  0.280069710899D-01  0.195184773878D+00
  0.847070361602D-04  0.257505329531D-02 -0.126144553098D-02  0.497958053183D-03
 -0.167388977096D-02 -0.268685938734D-02 -0.462599486760D-03 -0.150493072943D-02
 -0.180276826500D-02 -0.115576927440D-02 -0.547038977762D-02  0.359688264663D-02
 -0.720634990884D-03  0.745137889125D-03 -0.366392707246D-02  0.778247252923D-03
  0.420110496927D-02 -0.284169500384D-02  0.498092664547D-02 -0.123207752544D-02
 -0.771224074232D-02  0.148628779001D-01  0.206081339181D-01  0.196355142061D-02
 -0.390535308378D-01  0.179149263338D-01  0.142262345345D-01 -0.202054989052D-01
 -0.567453260150D-01  0.381224626697D-01 -0.341182495634D-01  0.197956300659D+00
  0.246406820533D-02  0.874265775152D-03 -0.361817534070D-02 -0.144677418824D-03
  0.243936949511D-02 -0.190497261116D-02 -0.132875643547D-02  0.953984111456D-02
 -0.465336446417D-03 -0.275106102450D-03  0.312248787368D-02 -0.555584464133D-03
  0.112560806259D-01 -0.271614392518D-02 -0.393448308998D-02 -0.394344388871D-02
  0.124038469057D-01  0.693152170780D-03  0.122451060249D-03  0.360938922122D-02
 -0.171975122296D-02  0.125667653387D-01 -0.232764658060D-02  0.513580496264D-02
  0.106589829489D-01  0.118400757289D-01  0.119590208775D-01  0.292442829299D-02
 -0.984786262605D-02  0.244365269951D-01  0.413653156176D-01 -0.930223325225D-02
  0.958951710726D-01  0.311104110536D-02  0.216793903503D-02 -0.157008795851D-02
 -0.219625735256D-02 -0.394345957569D-03  0.104857814014D-02  0.111270543415D-02
  0.402361122637D-02  0.226235586042D-02  0.503910941290D-02  0.614339600976D-03
 -0.129352683334D-03  0.126328344449D-02 -0.377891274643D-02 -0.468073760377D-02
 -0.477643831514D-02  0.133410046247D-03 -0.378306554132D-03  0.180041605190D-02
 -0.290609785956D-02  0.916607197837D-02  0.112775377581D-01 -0.224701026613D-01
  0.296995380588D-01 -0.664015127754D-02  0.924246674700D-02  0.290938339342D-01
  0.535495957238D-01  0.157053220127D-02  0.509716667231D-03 -0.975472368308D-02
  0.126144747625D-01 -0.515787429196D-02  0.147487761983D+00 -0.226551073198D-02
  0.830098591499D-03 -0.253541995449D-02 -0.353946082494D-02  0.147743835075D-02
  0.836750593969D-03  0.147139632220D-02  0.767112061381D-03 -0.748235339613D-03
  0.101292373556D-02  0.589966293064D-03 -0.182714002646D-02 -0.643852259871D-02
  0.364764701330D-02 -0.181026979551D-02 -0.158976145775D-02  0.283958197985D-02
 -0.363593672608D-02  0.117602486086D-02 -0.206698730094D-02 -0.257054636194D-02
  0.158555644434D-01 -0.340892384944D-02  0.666286799938D-02  0.653048039667D-02
  0.188221677284D-02  0.147381276208D-01  0.660439851238D-02 -0.316023433155D-01
 -0.369253800030D-01 -0.448232726697D-02 -0.279026005642D-01  0.119943266538D-02
 -0.220963741149D-01  0.116451813382D+00 -0.109469446071D-02 -0.190980805725D-02
 -0.280386047074D-02 -0.378777057365D-03 -0.271918820962D-02 -0.168666150264D-02
 -0.119674018576D-03 -0.214250549612D-02 -0.125214697554D-02 -0.101655379816D-02
  0.665008563776D-03 -0.274001031167D-03  0.480226998807D-02 -0.240266347204D-02
  0.436081779060D-02  0.310178962450D-03  0.270405659939D-02  0.386612687973D-02
  0.357460493613D-02 -0.166738982145D-02 -0.653192390666D-02 -0.284255319519D-01
 -0.146325848467D-01  0.102325610080D-02  0.113085867969D-02 -0.492772229710D-02
 -0.123942717395D-01 -0.569333357775D-02  0.235520854564D-01  0.211934497036D-01
  0.789663329709D-02  0.199586662414D-01 -0.787559811408D-02 -0.338278794368D-01
 -0.635718620180D-01  0.925184697545D-01 -0.675896847324D-04 -0.252278558867D-02
 -0.650645794000D-02  0.235351786806D-02  0.183082776322D-02  0.398627415895D-02
 -0.154560720325D-02  0.570992273739D-02  0.238884366243D-02 -0.314608035947D-02
  0.536521457755D-02 -0.591221237854D-02  0.522133223351D-02  0.334697798360D-02
  0.115170516656D-04  0.262322853728D-02  0.245807014171D-02  0.211543371927D-02
 -0.786819147572D-03  0.228471334515D-02 -0.109609948863D-01  0.459014195628D-02
  0.150982626249D-01 -0.191854295499D-01  0.228202228598D-01 -0.574205074770D-02
 -0.255513833148D-01 -0.648664070726D-01 -0.852794908217D-02 -0.416030347741D-02
  0.140796742296D-01 -0.103957993927D-01 -0.380710410751D-01 -0.510627060961D-01
  0.295252114828D-01 -0.103018910551D-01  0.143700138037D+00 -0.962114607937D-04
  0.242389937818D-02  0.411826327444D-02 -0.404051552514D-02  0.814077733426D-03
 -0.545935448821D-02  0.220508336245D-02 -0.258338647218D-03 -0.177807063387D-02
  0.407722433387D-02 -0.148283993083D-03  0.483227690654D-02 -0.469955182983D-03
 -0.282747244655D-02  0.747512018744D-03 -0.537924055207D-02  0.690950190059D-02
  0.346766337392D-02 -0.299432534374D-02  0.226008374091D-02  0.234198554734D-02
 -0.211987806703D-01 -0.767528442452D-02 -0.126791740743D-01  0.643229550315D-03
  0.330867224582D-02  0.461249679059D-02 -0.145787726122D-01  0.279598539776D-01
  0.737264359832D-04  0.108881725668D-01 -0.803125313644D-02 -0.215832699514D-01
  0.107799521704D-01 -0.188777304306D-01  0.425194152716D-01  0.453968068025D-02
  0.108365424082D+00 -0.104815588586D-02  0.208082562241D-02 -0.356096034555D-02
  0.594195703319D-03  0.205554862878D-03 -0.704328232440D-03  0.270059660435D-03
 -0.119329567084D-02 -0.331645219571D-02 -0.129520175032D-02 -0.323467753566D-02
 -0.230382941548D-02 -0.626910453375D-02  0.309744666599D-02  0.251717618642D-02
  0.307752648597D-02 -0.512376117146D-02 -0.193560960270D-02  0.180410925391D-02
 -0.559358615814D-03 -0.167110228983D-02 -0.587960648400D-04  0.622940944121D-02
 -0.664796623377D-02 -0.111041484449D-02  0.628012036895D-02 -0.229713185620D-02
 -0.802337079950D-02  0.335130007353D-02 -0.334642836556D-03 -0.134072050371D-01
 -0.190643061809D-01  0.677217211036D-01 -0.809009253435D-01  0.132534744713D-01
  0.122955729111D-01 -0.856745135042D-01 -0.438371600209D-01  0.210093343462D+00
 -0.140714266061D-02 -0.230340076805D-03 -0.373351991701D-02 -0.131587091960D-02
  0.128387270447D-02 -0.230183841132D-02 -0.215674391558D-03  0.188644886204D-02
  0.121885722316D-02 -0.299973940460D-03  0.448698210376D-02  0.523518497266D-02
 -0.642963535500D-02  0.230155682735D-02  0.175150761154D-02 -0.169493703811D-02
  0.438300723051D-02 -0.186882156297D-04  0.164961086742D-02  0.209894686290D-02
 -0.360189967203D-02 -0.562380212881D-02  0.260065610414D-02 -0.415100092611D-02
 -0.238119994920D-03  0.115921523650D-01  0.314858342255D-01 -0.512589821961D-03
 -0.154172499359D-01  0.116185677625D-01 -0.152980322348D-01  0.613421618772D-02
  0.226273521521D-02 -0.208481277086D-02  0.409486380794D-01 -0.265925880016D-01
  0.413826891707D-02 -0.534767986137D-02  0.602244387524D-02  0.528704504759D-01
 -0.699963795265D-03 -0.415320151412D-02 -0.138016332913D-02  0.750407857726D-02
 -0.515109940256D-03  0.174094333634D-02 -0.379461462660D-02 -0.244068613056D-02
  0.118116631079D-02 -0.764810802190D-02  0.783415300257D-02 -0.110116543475D-02
 -0.793068405428D-02  0.490294302326D-02  0.946890250007D-02  0.651936895979D-02
  0.576387732040D-02  0.619833225963D-02  0.788668099888D-03  0.896788962682D-03
 -0.629817399146D-02  0.267735920784D-01  0.736154697795D-02 -0.238539259893D-02
  0.165740118086D-02 -0.144992398242D-02 -0.275208233190D-01 -0.598314815450D-02
 -0.122398695775D-01 -0.275222029509D-02  0.122309632885D-01  0.552396846217D-02
 -0.628221625134D-02 -0.589211506703D-04 -0.809169277064D-01  0.224482820345D-01
  0.235292694539D-02 -0.689841368233D-01 -0.847519630308D-02 -0.354615108258D-01
  0.270960328055D+00 -0.294442930610D-02 -0.368880627936D-02  0.167040761572D-02
 -0.159229296207D-02 -0.322961913506D-02 -0.327690330067D-02 -0.217793051250D-03
 -0.480001203432D-02 -0.357366538058D-02 -0.330496058117D-02 -0.219518672327D-02
  0.282482392594D-02  0.692552174892D-03 -0.104994690832D-02  0.110160150575D-02
  0.395648176378D-02 -0.775784135748D-02  0.322460485583D-02  0.291818330780D-02
  0.137893847974D-02  0.901117722288D-02 -0.455271080573D-01 -0.239369521697D-01
 -0.193978372852D-01 -0.697603269065D-02  0.850398828556D-02  0.893136224180D-02
  0.188213390817D-01 -0.942735936623D-02  0.558683722665D-02  0.817364729418D-02
 -0.124767551733D-01 -0.337016567919D-02 -0.283163151441D-01  0.130890043789D-01
 -0.109546504286D-02  0.271137234803D-01 -0.124510536558D-01 -0.159698997907D-02
  0.143032752754D-01 -0.696161854487D-03  0.196458212231D+00  0.228475569510D-02
  0.374495778062D-02 -0.151931933108D-04 -0.678260589510D-03  0.169301890039D-02
 -0.228787826920D-02 -0.496410416711D-03  0.354878896342D-02  0.209667300097D-03
  0.227777216010D-02 -0.225560997300D-02 -0.191179644575D-02  0.647580579596D-02
 -0.528339903430D-02  0.506150687465D-02 -0.261528826839D-02  0.138420265279D-02
  0.338240430772D-03  0.247899206812D-02  0.461129594606D-02 -0.107256933651D-01
 -0.484683644179D-01 -0.528085023995D-02 -0.433574225464D-01 -0.550971188827D-02
  0.158532835674D-01 -0.772308453264D-02 -0.107986687051D-01 -0.198553977084D-01
 -0.178838833719D-01 -0.171216550436D-01  0.636826205626D-02 -0.107543575336D-01
  0.652198702244D-02  0.819153331938D-02 -0.131815345871D-01  0.265721381633D-02
 -0.115850710325D-01 -0.590739881594D-02  0.128814289113D-01  0.436020595699D-02
  0.907191755130D-01  0.179639722910D+00 -0.268894259134D-02 -0.551158903284D-02
  0.107086586413D-02 -0.153560961252D-03 -0.144672593168D-02 -0.338069170911D-02
 -0.494500021574D-03 -0.387731155798D-02 -0.602058407739D-03 -0.235024785151D-02
  0.860555620903D-03 -0.303854750496D-02 -0.514883026126D-03  0.310587637854D-02
 -0.293037005428D-02  0.100214159076D-02  0.242234195223D-02  0.186185483951D-02
 -0.573094395684D-02 -0.689357485217D-02 -0.391641639433D-01 -0.626069052206D-03
  0.658514728665D-01 -0.641941093043D-01  0.142424754458D-01 -0.243494745831D-01
 -0.237345823659D-01  0.155819512248D-01  0.610997460808D-02  0.130719241371D-01
  0.689433934752D-02  0.409618318012D-01  0.621784946683D-02 -0.156059238574D-01
 -0.581660131780D-03 -0.374665481508D-02  0.968110710101D-02 -0.716276166707D-03
  0.905158867562D-03 -0.480531636428D-02 -0.411519622886D-02 -0.583965747374D-01
 -0.375685419223D-01  0.223513050743D+00 -0.920264487051D-03 -0.219498463282D-02
 -0.164732240448D-03  0.660274780762D-04 -0.364127850018D-02  0.306538010637D-03
 -0.529428591400D-03 -0.599141820872D-02 -0.492271740175D-02 -0.199205214576D-02
  0.154079810485D-03  0.256406257757D-02  0.362606851382D-03  0.622201389209D-03
 -0.405383179460D-02 -0.889587920056D-03  0.452894124282D-02 -0.916734105992D-03
  0.915875900265D-02 -0.871674400888D-04 -0.275079603998D-01  0.232121275117D-01
  0.471508676367D-01 -0.450759721532D-01 -0.277900956390D-02  0.220923237963D-01
  0.192616696008D-01 -0.113110207951D-01 -0.248842064235D-02  0.273553531845D-03
 -0.124646598445D-01 -0.240113759757D-01 -0.247839615108D-02 -0.320626672861D-02
 -0.111433807517D-01  0.221503419954D-02  0.669090519172D-02  0.142943123029D-01
  0.281018775903D-03  0.401264533436D-02  0.677725609219D-02  0.512363030637D-01
  0.550404799684D-01 -0.923121694985D-03  0.194824535762D+00  0.304126162786D-03
  0.809651959765D-03  0.106662070137D-02  0.648943745581D-03  0.184584998444D-02
 -0.542855823481D-03 -0.143925417081D-03  0.660197924762D-03  0.591357665561D-04
 -0.194587851875D-03  0.325767622390D-03 -0.362962931400D-02 -0.220713373487D-02
  0.510593773987D-03 -0.563394035986D-02 -0.135612667684D-03 -0.192584404359D-02
  0.521181414392D-02 -0.866453669817D-03 -0.159817457337D-02 -0.234567668264D-01
  0.393473461630D-02  0.344646489021D-01 -0.464067252282D-01  0.958488453479D-02
 -0.117737552472D-01  0.287597871827D-02  0.272439072288D-01  0.214809803479D-02
  0.928757564898D-02  0.247454004612D-01 -0.325596604485D-02 -0.293751371636D-01
 -0.254321887065D-02  0.427756224788D-02 -0.490630103706D-02 -0.453611078859D-02
 -0.188978133743D-02 -0.158950496758D-01  0.387795139144D-02  0.578399445013D-03
  0.445221882907D-02  0.137637494611D-01  0.201510603130D-01  0.653491409270D-02
  0.317724197738D+00 -0.102623549623D-02 -0.119390768405D-02  0.611821488685D-03
  0.506381660157D-02  0.115159063315D-02  0.188750248983D-02 -0.230363652885D-02
  0.146803908159D-02  0.132989918889D-02 -0.492645017330D-02  0.528954778941D-03
 -0.926811490322D-03 -0.426366366842D-02  0.591233324972D-02 -0.150586695808D-02
  0.569344521387D-02  0.424127181152D-02  0.517937328610D-02  0.159765660151D-02
  0.896267335043D-02  0.481011635532D-02 -0.445975595799D-02 -0.124640165473D-01
 -0.172841898703D-01  0.733154021037D-01  0.132554281156D-02  0.354820870278D-03
  0.368183449885D-01  0.187310489371D-01  0.181844171190D-01 -0.347740399573D-01
  0.384104033416D-01 -0.222950797030D-01 -0.172148761269D-01 -0.209492703961D-01
  0.310337647462D-01 -0.608932656111D-02 -0.820062971877D-02  0.789854985122D-02
  0.344804260952D-02  0.133507542431D-01  0.674227499427D-02  0.155354651278D-01
 -0.714245667409D-02 -0.225583270235D-01  0.629673618221D-02  0.222987412644D+00
  0.325958970180D-02  0.219574804995D-02 -0.245431990660D-03 -0.353789912330D-03
  0.153958280248D-02  0.139578589613D-02  0.499890282515D-03  0.165209729589D-03
  0.246293017719D-02  0.519406326539D-02 -0.490464738024D-03 -0.129309647502D-03
 -0.520957846826D-02 -0.317459902528D-02  0.168203713782D-02 -0.490975765454D-02
  0.123745654233D-02 -0.333042959742D-02 -0.168055443908D-02 -0.714210554548D-02
 -0.452980498906D-02 -0.329567731615D-01  0.974128774682D-03  0.254020236124D-02
 -0.657801524587D-01 -0.176895403198D-02 -0.303937061600D-02 -0.202689389766D-01
  0.281619336321D-01  0.228799057100D-01  0.457241034311D-01 -0.146614834326D-01
  0.277911501426D-01  0.337721285004D-01 -0.381026259253D-01  0.322130087211D-02
 -0.217410931707D-01  0.116794712501D-01 -0.800355526442D-02 -0.128647855676D-01
  0.896719431160D-02  0.907587716303D-02 -0.454486606204D-04  0.948778395141D-02
  0.135756749396D-01 -0.905273086010D-02 -0.855669320403D-01  0.228542970511D+00
  0.493959221797D-03  0.526328236169D-03 -0.357601496834D-02  0.152319415784D-02
 -0.131260551483D-02 -0.192145717595D-02 -0.396582659218D-03 -0.209564991690D-02
 -0.289626208105D-02 -0.124148573884D-02 -0.259217602904D-02 -0.504850124427D-02
  0.411535590563D-02  0.394394739475D-03 -0.134722728735D-02 -0.985015868254D-03
  0.692345849690D-02  0.129382739827D-02  0.591812900504D-03  0.258392064096D-02
  0.809284668713D-02  0.261150013869D-02 -0.131895700523D-01  0.219126793165D-01
 -0.251082542932D-01  0.162509624034D-02  0.102314238231D-01 -0.163289363818D-01
  0.121970494052D-01  0.102774459426D-01 -0.207437892348D-01  0.440737403622D-02
  0.344375542039D-02 -0.194048215525D-01 -0.105529484932D-02  0.169213795234D-01
 -0.137078020538D-01 -0.117907823879D-01  0.171045676991D-01  0.163339439543D-02
  0.503156743797D-02  0.745717389569D-02 -0.146141446838D-01 -0.256626544341D-01
 -0.207967018746D-01  0.117521288131D+00  0.747047899538D-02 -0.735267578658D-02
  0.213345248746D+00 -0.125680362842D-02 -0.273249861159D-02 -0.254899974741D-02
  0.223754036274D-02 -0.388721869311D-03 -0.142423952102D-03 -0.142518662220D-02
 -0.149462172168D-02 -0.196165961506D-02 -0.338334631164D-02  0.166516344619D-02
 -0.101199010156D-02 -0.138010249414D-02  0.594703422738D-03  0.141811481858D-01
  0.286536784707D-02  0.378082207821D-02  0.981746007555D-02  0.302169842735D-02
  0.980893302205D-03 -0.512534359674D-03  0.249347516898D-01  0.624496319902D-02
  0.123755834887D-01  0.687642234965D-03 -0.124577353239D-01 -0.400311475165D-01
  0.569404295303D-02 -0.146951309528D-01 -0.388761152706D-03  0.170425574002D-01
  0.325109926802D-01  0.698763295185D-02 -0.256688141620D-02 -0.206318311501D-01
  0.184035888640D-01 -0.903205847124D-02  0.422673629303D-03  0.379378498402D-02
 -0.438827475325D-02 -0.265049935092D-01  0.450958582651D-01  0.346802943031D-01
 -0.243751898274D-01  0.218934673632D-01  0.711811440823D-02  0.212813857470D-01
  0.226529962176D-01  0.278893518194D-02  0.389872009963D+00 -0.434357991278D-03
  0.232920766347D-03  0.783905023683D-03 -0.909445901252D-03 -0.432910237025D-03
 -0.671301115214D-02  0.180626859842D-02  0.531760601042D-03 -0.336594491061D-02
  0.278723421585D-02  0.130454962547D-02  0.700210057770D-02  0.208067939005D-02
  0.299571815179D-03 -0.676794578261D-04 -0.251457705137D-02  0.656352727920D-02
  0.340097015040D-02  0.869020771755D-03 -0.149394131640D-02  0.280716567372D-02
 -0.233307568682D-01 -0.658108145857D-02 -0.348052486144D-02 -0.665295609122D-02
  0.760557517234D-03 -0.761933063803D-02  0.432949447107D-02 -0.119971031532D-01
 -0.134685683158D-01  0.272901472518D-03  0.644261072077D-02  0.284214295221D-01
 -0.675694841810D-03  0.129132351940D-01 -0.669990583899D-02 -0.685258669195D-02
 -0.205262461709D-01  0.142603971947D-01  0.187942207266D-04 -0.142987807352D-02
  0.197472875983D-01  0.115191939468D-01  0.521128631094D-01 -0.931588590449D-03
 -0.131964714749D-01 -0.130380121826D-01 -0.772829623039D-02  0.547499812558D-01
 -0.630813071116D-02  0.216340776664D+00  0.381871140838D-03 -0.104379004390D-02
 -0.310090591587D-02  0.193987677753D-02 -0.142961591792D-02  0.889534675107D-03
 -0.150561271342D-02  0.106426599725D-03 -0.425701651045D-02 -0.247511032205D-02
  0.591105955761D-03 -0.159441467448D-02 -0.428884849544D-02  0.117038191849D-02
 -0.260885307527D-02  0.509922938001D-03  0.846582780633D-02 -0.101124856161D-02
  0.146209511314D-03  0.342072299440D-02  0.758354624975D-02 -0.537607197436D-01
 -0.268434473938D-01  0.350938266038D-02 -0.215271300849D-01 -0.206236503690D-01
 -0.181211912098D-01  0.102185459224D-01 -0.165717455538D-01  0.877255814311D-03
  0.202117887552D-01  0.432523555722D-01 -0.714367211409D-02 -0.195664246625D-01
  0.818954553486D-02 -0.437279693271D-02  0.225321007431D-01 -0.258142583940D-01
 -0.912241102326D-02  0.243026890217D-03 -0.124245910098D-01  0.366260531766D-01
  0.172471523433D-01 -0.493352509532D-02 -0.736579428163D-01 -0.300344311555D-02
 -0.502726086841D-02  0.173708807145D-01 -0.200005348913D-01  0.599918263614D-02
 -0.255795051355D-01  0.207049293751D+00  0.498736553381D-02  0.689252443713D-02
  0.217914110640D-03 -0.412318517583D-02  0.686330183918D-02 -0.418006240666D-03
  0.484446779898D-02  0.803745101015D-02  0.428957516566D-02  0.124840647593D-01
 -0.177417487525D-02 -0.262524791098D-02 -0.769050018812D-02 -0.471391916243D-02
 -0.862683884633D-02 -0.937536149542D-02 -0.379055436927D-02  0.150191236022D-02
 -0.181986956886D-02  0.180286387979D-02 -0.197285702061D-02 -0.177982986734D-01
  0.188035299779D-01 -0.411776187457D-01  0.502713451608D-01  0.149202793340D-01
 -0.301259727322D-01 -0.338537210637D-02 -0.129332487649D-01 -0.210555188112D-01
  0.605286615774D-02  0.105048446466D-01  0.689808287014D-02  0.516161108617D-01
  0.111376117124D-02 -0.274034266732D-01 -0.287972510644D-01 -0.954688285047D-03
  0.287939161711D-02  0.559874837411D-03 -0.147240888819D-01 -0.316670785984D-01
  0.608580910702D-01  0.293248122333D-01  0.148438147094D-01  0.232396942062D-01
  0.671053871350D-02 -0.305592354329D-02 -0.229662173789D-01 -0.349512876599D-02
  0.259936524750D-01 -0.689880893190D-02  0.210271289091D+00  0.189402506539D-02
 -0.623189238459D-03 -0.115346924899D-01  0.464374580958D-03 -0.801344182079D-03
 -0.752747474107D-02  0.192711134300D-02  0.710668285878D-02 -0.536360006250D-02
  0.383374753559D-02  0.975400015280D-02 -0.671594270305D-02  0.417660522224D-02
 -0.270008886610D-03  0.113307847284D-02  0.129827449358D-02 -0.783603911304D-03
  0.203270924540D-02 -0.109684106693D-02  0.212800991156D-02  0.164942556539D-02
  0.530698376057D-02 -0.124603598570D-02 -0.133647905608D-02  0.199309170539D-01
  0.168347823682D-02 -0.435109960945D-02  0.106928561694D-01  0.607460552579D-02
 -0.224520048767D-01 -0.279139806754D-01 -0.119505202638D-01 -0.133062105201D-01
  0.143487281959D-01 -0.107118696280D-01  0.288851676901D-02 -0.660966500885D-02
  0.628377203731D-02 -0.991766228456D-03 -0.727312474141D-02  0.206699783442D-01
  0.105467192867D-02 -0.198248884350D-01 -0.176035552000D-01  0.156198530768D-01
 -0.317077943409D-01 -0.942495475173D-02 -0.107545975264D-01 -0.187558742764D-01
  0.142927564400D-03 -0.275345079600D-01 -0.317564814840D-02  0.262054791708D-01
  0.167289199938D+00 -0.123252920983D-02 -0.192016155172D-02  0.733708787027D-03
  0.398194749487D-02 -0.242987611474D-02  0.171537089340D-02 -0.314241353899D-02
 -0.521461596660D-02  0.200387988511D-02 -0.618860562980D-02 -0.246393193555D-02
 -0.226369848905D-02  0.376392175909D-03  0.412490634720D-02 -0.128156166227D-02
  0.405780789283D-02  0.494853067667D-02  0.127308516757D-02  0.502397732664D-04
 -0.164758174088D-02 -0.408379089852D-02  0.457564748478D-01  0.118945470997D-01
  0.934052375775D-02  0.140995660886D-02  0.899495682678D-02  0.227627773454D-01
 -0.668470098975D-02  0.209743691460D-01  0.199787879305D-01 -0.183889200532D-01
 -0.251674250310D-01  0.756448540812D-02  0.262788417758D-02  0.191608774284D-01
 -0.388822582585D-01  0.227350779958D-01 -0.458183090450D-01 -0.504817123227D-02
  0.139955531806D-01  0.363517945540D-01 -0.145030339221D-01 -0.198659731673D-01
 -0.170378429144D-02  0.324504739048D-02  0.176765235294D-01 -0.604734364523D-02
 -0.165315084393D-01  0.366337062721D-02 -0.128713206062D-02  0.202921064861D-02
  0.214965930051D-02 -0.131478518609D-01  0.112858263280D-01  0.230427828603D+00
  0.216536024983D-02  0.436237415855D-02 -0.376989744226D-02  0.100425987614D-02
 -0.238508021170D-02  0.237096299053D-02 -0.854328296908D-03  0.285808663447D-03
 -0.113744584448D-02 -0.334893052118D-03 -0.381678220701D-02  0.565490507643D-02
 -0.478759456023D-02 -0.102126135122D-02  0.625277331453D-02  0.128618931252D-02
 -0.889872841915D-02 -0.678229962525D-03  0.218712220392D-02 -0.354496743842D-02
 -0.161718684479D-02 -0.138894983134D-01 -0.145587841607D-02  0.836017530920D-03
 -0.340890080735D-01  0.420210167894D-02  0.131440767966D-01 -0.447316773486D-02
  0.136462907707D-01  0.881965386013D-02 -0.105235158057D-01 -0.885506653639D-02
  0.586890435660D-02  0.489068423480D-03 -0.206004755365D-01  0.172570257818D-01
 -0.200350190966D-01  0.151756805504D-01  0.146552144929D-01 -0.160590107178D-01
 -0.129044254035D-04  0.455053985722D-02  0.327596566561D-01 -0.147880779812D-01
  0.127508441498D-01 -0.109230272426D-01 -0.378799399939D-01 -0.346082158533D-01
 -0.188866385136D-01 -0.197848624749D-01 -0.414121179711D-03 -0.322389789366D-01
 -0.319970545971D-01 -0.318595862025D-01  0.550191945862D-02  0.244015998024D+00
  0.251232750608D-03 -0.392326828130D-03  0.677001251064D-02  0.121986418436D-02
  0.502234158655D-02  0.439759084471D-02 -0.258065311132D-03  0.298300741647D-02
 -0.878405853153D-03 -0.119599563241D-02 -0.110242184074D-02  0.295007534599D-02
  0.101032000470D-01 -0.379027069673D-02 -0.142174417223D-01 -0.270253742040D-02
  0.103031084834D-01  0.977132102465D-02 -0.211589585312D-02  0.547238655991D-02
  0.158988760286D-02 -0.116126241815D-01 -0.163826840181D-01 -0.697244704244D-02
  0.423821533724D-01 -0.694009529855D-02  0.485449811334D-02  0.285675255762D-01
 -0.729935246967D-03  0.340169181559D-02  0.690150602875D-02 -0.162156265242D-02
 -0.191170536815D-01  0.133355223360D-03 -0.686240261162D-02  0.144890177267D-01
 -0.666538471772D-02  0.520278971094D-03 -0.825687440888D-02 -0.493438484750D-02
  0.220971851662D-01  0.248639742816D-01 -0.321377487714D-01 -0.967708285223D-02
 -0.126202988554D-01  0.451093267065D-01 -0.156123484800D-01 -0.246307797860D-01
  0.222852833279D-01 -0.609641685461D-02 -0.961537989427D-02  0.176919956938D-01
  0.200315621270D-01  0.819559015888D-01 -0.254178176109D-01 -0.181413014571D-01
  0.222140517576D+00  0.207059323892D-02  0.867549713748D-02  0.136931489080D-02
 -0.472340731730D-02  0.747694914406D-02 -0.530459442720D-02  0.610199247185D-03
  0.890034900246D-02 -0.362616552675D-02  0.639820208871D-02 -0.962387532132D-02
 -0.111566803642D-02 -0.444453292070D-02 -0.759942916187D-02  0.452452460723D-02
 -0.879649232827D-02  0.631644139694D-02  0.138223533656D-01  0.213499489632D-02
 -0.209932596764D-03  0.809260152929D-03  0.196892206384D-01  0.782247629098D-02
  0.540683229752D-02  0.172667129447D-01  0.126473203677D-01  0.319840526986D-03
  0.605097386499D-02  0.152965528035D-01  0.418563785105D-01  0.935611173772D-02
  0.263795463791D-01  0.670215386053D-02  0.196529306319D-01  0.892161939720D-02
 -0.992187952581D-02 -0.264341870546D-02  0.671425942209D-02 -0.127034320704D-01
  0.172159894684D-02 -0.403529653807D-01  0.511011909644D-01  0.185116659277D-01
  0.116506525155D-04  0.499825602399D-02  0.748647051955D-02 -0.808929780969D-02
 -0.288059356195D-02  0.357300056804D-02 -0.318083038722D-01 -0.772625808342D-02
 -0.114439653004D-01  0.156782127941D-01  0.324518504817D-01  0.269873927243D-01
  0.492877187195D-01  0.387029340818D-01  0.277206468562D+00  0.693709550690D-03
 -0.295800302881D-02 -0.154571287584D-02  0.617742889592D-02 -0.301267109838D-02
  0.277605909234D-02  0.189436676030D-02 -0.674841561694D-02  0.537990498684D-03
  0.771740559908D-03  0.745640578459D-04 -0.204504064741D-02 -0.357435740585D-02
  0.418570865518D-02  0.364084059194D-02  0.817153318276D-02  0.248118631689D-02
  0.202680429403D-03  0.233123252403D-02  0.287911942438D-02  0.459003688415D-02
 -0.555024062160D-01 -0.183373090505D-01 -0.242829659440D-01  0.145041172975D-02
  0.234023107491D-01  0.304210450456D-01 -0.104404351682D-01 -0.128475480887D-02
  0.220475561740D-02 -0.389622349809D-02  0.197825489111D-02 -0.100473117092D-02
 -0.294137480178D-02 -0.281973679088D-02  0.790286267848D-02 -0.375480316293D-02
  0.567733856171D-02 -0.215774530952D-02 -0.159746565417D-02  0.385120461122D-01
  0.193923465300D-02  0.324952371770D-01  0.170668239175D-01 -0.448739492062D-01
  0.235324789251D-02 -0.248867632319D-01 -0.232200835954D-01 -0.195869944699D-02
 -0.173267482566D-01  0.112084853460D-01  0.822202613920D-02  0.158351022806D-01
  0.139057316872D-01 -0.103126182490D-01  0.629635249861D-01  0.355410595115D-01
 -0.486753841330D-01  0.241126896715D+00  0.191088783123D-02  0.379213867647D-02
  0.388209889545D-02  0.988791041341D-03  0.517256776627D-02  0.502594898859D-02
  0.477052701189D-03 -0.253056409619D-02 -0.186800578878D-02 -0.151875654417D-03
 -0.935540125327D-02 -0.200324046039D-02 -0.439389190783D-02 -0.757602152641D-03
  0.617580450744D-02 -0.184621870672D-02 -0.474492131806D-02 -0.108091774615D-01
 -0.574166296009D-03  0.209577025274D-02  0.874574930629D-02 -0.752724829490D-02
 -0.188638033943D-01  0.187007730553D-01 -0.320268737360D-01 -0.419818239111D-02
  0.105784804518D-01 -0.183235377226D-01  0.738971576446D-02 -0.748628450672D-02
 -0.295803902575D-01 -0.594474861942D-02 -0.270665758364D-02  0.120818341887D-02
  0.104036397660D-01  0.627981289724D-03 -0.144954966839D-01 -0.182993944702D-01
  0.120489092639D-01 -0.155765439574D-02 -0.525751298060D-02 -0.123399153790D-01
  0.742041149441D-02 -0.105229233297D-01 -0.931770171240D-02 -0.540735655880D-02
  0.141399415520D-01  0.590518382669D-02  0.428789144616D-01 -0.721583581224D-03
  0.148340992944D-01 -0.214553638502D-01  0.156131575715D-01 -0.497164405259D-01
  0.207993519697D-02  0.279796126601D-02 -0.589261285574D-02 -0.138926333534D-01
  0.837812927441D-02  0.411007668069D+00 -0.348540260904D-02 -0.266145486798D-02
  0.428280935369D-03 -0.194724594014D-02 -0.113207946096D-02 -0.353379685559D-02
  0.366972316620D-03 -0.900605514971D-03  0.108180437920D-02 -0.727791867937D-03
  0.353288855916D-02 -0.106338530405D-02 -0.298987389704D-02  0.490965908117D-02
 -0.587622591096D-02  0.116498921812D-03  0.745480001675D-02  0.327569107915D-03
 -0.166508614903D-02 -0.476928248078D-04 -0.224146856853D-02 -0.218681507666D-01
 -0.239190073807D-02 -0.156767857247D-01  0.908153617273D-02  0.736268541394D-02
  0.229237544798D-01  0.576269501976D-02  0.562902501091D-02  0.292011945851D-02
 -0.693221979779D-02 -0.108114892835D-01  0.786433264456D-04 -0.188413469735D-04
  0.152242015250D-01 -0.128039675766D-01  0.111520674983D-01 -0.417047961551D-02
 -0.340311714766D-02 -0.177190595154D-01 -0.145016478686D-01  0.120973318863D-01
  0.120614090581D-01 -0.132588641003D-01  0.136565323794D-01  0.393121652252D-02
  0.334165743484D-01  0.258931750222D-01 -0.390115675054D-02 -0.211618362089D-01
 -0.357846718242D-02  0.102824352628D-01 -0.456249673295D-02  0.894897240581D-02
 -0.381979474633D-03 -0.167137506704D-01 -0.116401302170D-01  0.290911385304D-01
 -0.471325910600D-02 -0.311005880721D-01  0.333364571406D+00  0.333288058931D-02
  0.126972554889D-02 -0.258659771468D-02  0.203959321150D-02 -0.108803020602D-02
  0.415852026488D-02 -0.352650705191D-03  0.485761415351D-02  0.298204542385D-02
  0.149114390845D-02  0.615612840344D-02 -0.284461876398D-02  0.216769557217D-02
  0.521450047638D-03 -0.431234454960D-02  0.416764045320D-03  0.230953627916D-02
  0.671447067778D-03 -0.215653969449D-02 -0.169722743230D-02  0.600562282557D-03
 -0.351800198941D-01 -0.135639358130D-01 -0.203511688723D-01 -0.349255776582D-02
  0.848620710825D-02  0.161864618922D-01  0.157173199268D-01  0.226431118844D-01
 -0.405123564192D-02 -0.455684139685D-02 -0.938511833855D-02 -0.299644630305D-02
  0.947531688706D-02 -0.201873407074D-01  0.797156790506D-02 -0.440623011460D-02
  0.263132933557D-02 -0.924180482731D-02  0.219049438005D-01  0.785779348139D-02
  0.261221718252D-01  0.299389447136D-01 -0.127269007872D-01 -0.111499308772D-01
  0.113104486047D-01  0.445939916342D-01  0.615154843108D-01  0.133024946447D-02
 -0.423473036534D-01  0.931053827872D-02 -0.212624741067D-01 -0.106242856901D-02
  0.463917198335D-01  0.918304126632D-02 -0.238698944728D-01 -0.134792372781D-02
 -0.505457059932D-01  0.163915537572D-01 -0.542809890273D-01 -0.587983706876D-01
  0.275212258563D+00  0.542045259642D-02  0.679471478645D-02 -0.415569251416D-02
 -0.562394898719D-02  0.354072517898D-02  0.386727475056D-02  0.457193507502D-02
  0.191094522650D-01  0.114455599325D-01  0.143240251733D-01  0.129695895942D-01
  0.921673673420D-02  0.580388055116D-02 -0.445083193701D-02 -0.693858689227D-03
 -0.796422831849D-02  0.183610126798D-02  0.549330501266D-02  0.132385783114D-02
 -0.425020387271D-02 -0.122926324295D-02  0.549697976127D-02  0.333475858160D-02
  0.154309990302D-01 -0.254950156800D-01 -0.716711923714D-02 -0.817226572384D-02
  0.116933985187D-01 -0.191056036688D-01 -0.176425190032D-01  0.335737950475D-02
  0.154537634602D-01 -0.281249202222D-02  0.310446593215D-01 -0.480424745930D-02
  0.410099692669D-02 -0.763449170310D-02  0.252859343077D-01 -0.309306991776D-01
 -0.118341929217D-01 -0.230063059100D-01 -0.479813129284D-01  0.105817594526D-01
 -0.458846113928D-01 -0.242957387818D-01  0.410118198486D-01 -0.400158747182D-01
  0.130699087280D-01  0.129755245432D-01 -0.164326185172D-02  0.477961666899D-01
  0.180512711005D-01  0.173405890583D-01  0.859525652068D-01 -0.331885263519D-01
  0.341097945256D-03 -0.448671873971D-01  0.355702335097D-01 -0.278597217981D-01
 -0.895692208639D-01  0.265546194552D-01  0.213263472078D-01  0.307746076409D+00
 -0.602137893814D-03 -0.373528234424D-02 -0.939986581765D-02  0.295974048972D-02
 -0.397067682291D-02  0.658018979372D-02 -0.689454056512D-03  0.436787535209D-02
  0.311531258759D-02 -0.474412527544D-02  0.825178641796D-02  0.619390930997D-02
  0.421874314450D-02  0.461571419361D-02 -0.140413727751D-02  0.843993588598D-02
 -0.145836629931D-02 -0.121147150486D-01  0.305974910874D-02 -0.520621625491D-03
 -0.351413437972D-02 -0.293826057624D-01  0.339679877627D-02 -0.980082671099D-02
 -0.222589452713D-01 -0.163830767838D-01 -0.135723455682D-01  0.853122997552D-02
  0.730169713943D-02 -0.188046830311D-01  0.534018335076D-02 -0.228072371303D-02
 -0.968626031113D-02 -0.100421729444D-02  0.447394216207D-02  0.541422012314D-02
  0.402334829193D-02  0.317090686685D-01 -0.168908747681D-01 -0.158877185949D-01
 -0.178041059767D-01 -0.345661088115D-03 -0.346827629876D-01  0.637352096841D-01
  0.709239355683D-02  0.121001320845D-01 -0.730423485249D-02  0.919257639064D-03
 -0.320568435870D-02 -0.438601354194D-02  0.430084881195D-01  0.420622291613D-01
 -0.561160159164D-01  0.310460835184D-01 -0.237095144743D-01  0.358506211018D-01
  0.916531519262D-02 -0.507689844450D-01 -0.987377534249D-02  0.559984686037D-02
  0.532601707905D-01  0.195945662461D-01  0.469867927125D-01  0.253575561410D+00
  0.247065077329D-02  0.494935775151D-02  0.173371103568D-02 -0.474009819261D-02
  0.309697694238D-02 -0.426139939084D-02  0.329924664440D-02 -0.128912292794D-02
 -0.877379968111D-02  0.670390236734D-02 -0.941168689334D-02 -0.302332698086D-02
 -0.337154299819D-04 -0.712679388530D-02 -0.207738661660D-01 -0.803631311656D-02
 -0.429531968382D-02 -0.133374356551D-02  0.318093903961D-03  0.558963455972D-02
  0.357044931277D-02 -0.522086240529D-02 -0.528211004240D-02 -0.239578823537D-02
  0.323716072618D-01 -0.127638545390D-01 -0.258790342759D-01  0.603827563873D-02
  0.747679067116D-02 -0.752518082944D-02  0.583361243620D-02 -0.430367910880D-02
  0.906654192446D-03 -0.196467531050D-01  0.165392108370D-01  0.413488609700D-02
 -0.318582443606D-02  0.461082919452D-02  0.241228967296D-01 -0.622078129227D-02
 -0.170999597315D-01 -0.463610843813D-01 -0.776826383265D-02 -0.219889886606D-01
 -0.445711633116D-01 -0.747132482641D-02  0.163358900912D-01 -0.680657154204D-02
 -0.158769985612D-01 -0.255948867533D-02 -0.237374188015D-01  0.811162445803D-02
  0.825009605350D-01 -0.436829456204D-01 -0.154391830037D-01  0.346496573198D-01
  0.603390017422D-01 -0.157229030147D-01 -0.343874006037D-01  0.436841488996D-01
  0.243025503013D-01 -0.111679840676D-01 -0.561435036682D-01  0.155900797417D-01
  0.281117966972D+00  0.359812014394D-03  0.238887666169D-02 -0.204378328025D-02
 -0.605612408939D-02 -0.629847116437D-03 -0.201246523396D-02  0.288422499699D-02
 -0.187245188483D-02 -0.746994543968D-02  0.564507902155D-02 -0.356143397699D-02
  0.316830227041D-02  0.148727545069D-02 -0.288460246455D-02  0.228821383994D-02
 -0.590329699871D-02 -0.190675618038D-02 -0.588259424425D-02 -0.126705010791D-02
 -0.377286139935D-05  0.215088656743D-02 -0.750616058695D-02  0.561105086711D-02
 -0.812100120688D-02 -0.191186346959D-02 -0.592095509490D-02 -0.179238716311D-01
 -0.165754038793D-01  0.628979024391D-02  0.305554952287D-02  0.424966590528D-02
  0.662494416079D-02 -0.477612749818D-02  0.302161081248D-02 -0.192108814683D-02
  0.310895876655D-02  0.136019006835D-01  0.550922359437D-02 -0.128886724989D-01
  0.555379948757D-03 -0.171780194501D-02  0.178040667608D-02  0.187420612841D-01
  0.205593176723D-01  0.123631634848D-01 -0.655541887001D-01 -0.172392724147D-01
  0.175135526704D-01  0.433582443578D-01 -0.910163178775D-02 -0.275467978825D-01
  0.151807449178D-01  0.296874641385D-01  0.317156300262D-01 -0.916859535395D-02
  0.230338952499D-01 -0.288763162639D-01  0.168854839575D-01 -0.148584348030D-01
 -0.193677211081D-01  0.266781617956D-02  0.293258567061D-02 -0.119584740056D-01
  0.138068796997D-01  0.162967937322D-01  0.278184733940D+00
$end
