$hessian (projected)
 1  1   0.0550457935   0.0214592087   0.0465934161  -0.0584900056  -0.0165736183
 1  2  -0.0431133762   0.0002594646  -0.0018355288  -0.0256087202  -0.0005445737
 1  3   0.0023737855   0.0005167908  -0.0013922734  -0.0062795717  -0.0007553582
 1  4  -0.0000977771  -0.0002063210  -0.0013556946  -0.0010894771  -0.0002091630
 1  5   0.0003371057  -0.0003472740   0.0006990726  -0.0000556787   0.0001641599
 1  6  -0.0052260251   0.0026534763   0.0002491732   0.0000248356   0.0011047624
 1  7   0.0067890887   0.0035391074   0.0202815525  -0.0005502001   0.0022773759
 1  8  -0.0005978543   0.0000178351  -0.0000101161   0.0000148437  -0.0000104781
 1  9  -0.0000103141  -0.0000042726  -0.0000038513  -0.0000078726  -0.0000638087
 1 10  -0.0000011175   0.0000145381  -0.0000026014   0.0000870992   0.0000083130
 1 11   0.0000616571   0.0000165547  -0.0000085191  -0.0000161417  -0.0000536251
 1 12   0.0000242308  -0.0000170661  -0.0000035699   0.0000075359   0.0000010773
 1 13  -0.0000344689  -0.0000365637   0.0000109617  -0.0000159722  -0.0000191406
 1 14   0.0000117618   0.0000155753  -0.0000027171   0.0000087237  -0.0000100801
 1 15  -0.0000025325  -0.0000055564
 2  1   0.0214592087   0.0405765252   0.0360533226  -0.0167033809  -0.0475991012
 2  2  -0.0331913613  -0.0016748617   0.0012847596  -0.0179763954   0.0024519323
 2  3  -0.0021742069   0.0003445783  -0.0062168355   0.0030210247  -0.0007412221
 2  4  -0.0002277522   0.0000461287  -0.0009407788  -0.0002419550  -0.0009731674
 2  5   0.0002537273   0.0006991376  -0.0008464853  -0.0000102901  -0.0051863615
 2  6   0.0040285801   0.0018074360  -0.0000020351   0.0002691453   0.0007640854
 2  7   0.0033042159   0.0045186897   0.0139317994   0.0022933188  -0.0022090237
 2  8  -0.0003688338  -0.0000127427  -0.0000691004   0.0000403668   0.0000092546
 2  9   0.0000116389  -0.0000043551   0.0000091929   0.0000671112  -0.0000238533
 2 10  -0.0000288061  -0.0000206957  -0.0000111689  -0.0001407820   0.0000174376
 2 11  -0.0000505731   0.0000133899  -0.0000062061   0.0000612884   0.0001382817
 2 12  -0.0000173482   0.0000059554   0.0000046497   0.0000143209   0.0000162640
 2 13   0.0000221567   0.0000317308  -0.0000336252   0.0000458202   0.0000161049
 2 14   0.0000440573  -0.0000166135   0.0000015046   0.0000070988   0.0000015671
 2 15   0.0000106330   0.0000224772
 3  1   0.0465934161   0.0360533226   0.3422102562  -0.0430883930  -0.0332013890
 3  2  -0.3214013398   0.0005382436   0.0003243649  -0.0062209620  -0.0003186380
 3  3  -0.0001791692   0.0008605359  -0.0017195952  -0.0012950076   0.0016216085
 3  4   0.0000815321   0.0000613411  -0.0004571014   0.0003148945   0.0002414354
 3  5   0.0006969568  -0.0000455448  -0.0000132924  -0.0000734771   0.0036349616
 3  6   0.0024500308  -0.0006792748  -0.0003284753  -0.0002522141  -0.0009900144
 3  7  -0.0059175107  -0.0043842166  -0.0165980823   0.0002253959   0.0002040449
 3  8   0.0009988051  -0.0000180965  -0.0000346167   0.0000214370   0.0000026341
 3  9   0.0000109149   0.0000016138   0.0000106482   0.0000187092  -0.0000047470
 3 10   0.0000020840  -0.0000149707  -0.0000152738  -0.0001415387  -0.0000301760
 3 11  -0.0000733751   0.0000298220  -0.0000011401   0.0000484145   0.0001061650
 3 12  -0.0000267199   0.0000007101  -0.0000028636   0.0000127163   0.0000080572
 3 13   0.0000536453   0.0000322603  -0.0000294285   0.0000271110  -0.0000124031
 3 14   0.0000501332  -0.0000398868   0.0000167492   0.0000041299  -0.0000000108
 3 15   0.0000194261   0.0000204179
 4  1  -0.0584900056  -0.0167033809  -0.0430883930   0.4865670455   0.2510732725
 4  2   0.0078354050  -0.2284634592  -0.1194299561  -0.0233725551  -0.0108555578
 4  3  -0.0094596219  -0.0075390132   0.0095827197   0.0004206271  -0.0672596538
 4  4   0.0037836022  -0.0025531794  -0.0000160924  -0.0451947246  -0.0256410577
 4  5   0.0105814003  -0.0010366306  -0.0002862623   0.0003468262   0.0352837177
 4  6   0.0210922218   0.0478633136   0.0033305051  -0.0030673133  -0.0023893012
 4  7  -0.1828061874  -0.0863142492   0.0596367363  -0.0116319658  -0.0091772390
 4  8   0.0174225739   0.0000047413  -0.0000057521   0.0000067883   0.0000070743
 4  9   0.0000128285   0.0000076347   0.0000189934   0.0003814808   0.0002075598
 4 10  -0.0002755079  -0.0000102725  -0.0002683002  -0.0000582468   0.0000778000
 4 11  -0.0000056918   0.0002510856  -0.0002011135  -0.0000842161   0.0000666034
 4 12   0.0001177320   0.0000825007  -0.0000058486   0.0000370226   0.0000183911
 4 13  -0.0001753047  -0.0001367383  -0.0001521108   0.0001551304  -0.0003178623
 4 14   0.0000715624  -0.0000186602   0.0000500277   0.0000469710  -0.0000391195
 4 15   0.0000409854   0.0000476643
 5  1  -0.0165736183  -0.0475991012  -0.0332013890   0.2510732725   0.3079796533
 5  2   0.0125829428  -0.1196065865  -0.1455330483  -0.0179170649  -0.0095546844
 5  3  -0.0040196646  -0.0053066371   0.0009452705   0.0073976892  -0.0467785650
 5  4  -0.0026988317   0.0054158537  -0.0002138678  -0.0255916760  -0.0258955386
 5  5   0.0074631977  -0.0001979390  -0.0009318315   0.0002745278   0.0204314366
 5  6   0.0214306821   0.0328844790  -0.0030459749   0.0054414162  -0.0018613317
 5  7  -0.0856156739  -0.1182322523   0.0398828505  -0.0096727672  -0.0045790315
 5  8   0.0124070960  -0.0000086663   0.0000754230  -0.0000183260  -0.0000101748
 5  9  -0.0000139610   0.0000127039   0.0002346019  -0.0002482247  -0.0000942838
 5 10   0.0000380964   0.0002407499   0.0001321148   0.0002421215  -0.0005983945
 5 11   0.0001762278   0.0001987525  -0.0001282530  -0.0003619480  -0.0001452845
 5 12  -0.0000972289  -0.0001242508  -0.0000108564   0.0000116918  -0.0000145936
 5 13  -0.0001514159   0.0002452822   0.0000739252  -0.0002874195  -0.0004080112
 5 14  -0.0000484699   0.0000409659   0.0000338197   0.0000555066  -0.0000329483
 5 15   0.0000122803  -0.0000048448
 6  1  -0.0431133762  -0.0331913613  -0.3214013398   0.0078354050   0.0125829428
 6  2   0.7297199864  -0.0756210019  -0.0543775525  -0.1471711299   0.0185164217
 6  3   0.0132077950   0.0103284176  -0.0309287126  -0.0223513160  -0.0046400012
 6  4  -0.0009675852  -0.0007146416  -0.0060266134   0.0110115839   0.0080013502
 6  5  -0.0020774980   0.0003333540   0.0002623156   0.0006770468   0.0115977879
 6  6   0.0074434287  -0.0466466175  -0.0014110982  -0.0012161341  -0.0052987076
 6  7   0.1114699066   0.0759508449  -0.2186800212  -0.0086921398  -0.0059380246
 6  8   0.0109232880   0.0000685524  -0.0000036324   0.0000175580   0.0000131537
 6  9  -0.0000313726   0.0000064076  -0.0001889231   0.0000673817   0.0002464954
 6 10  -0.0000303060  -0.0000022097   0.0000131947   0.0000605717   0.0001950987
 6 11  -0.0000587135   0.0000424472   0.0000846383  -0.0000220546   0.0000756467
 6 12  -0.0000217289   0.0001877953   0.0000227026   0.0000269229   0.0000069490
 6 13  -0.0000523133   0.0000379018   0.0000087032  -0.0000210077  -0.0000049291
 6 14  -0.0000945639  -0.0000038460  -0.0000439256  -0.0000824066  -0.0000172235
 6 15   0.0000362077   0.0000638252
 7  1   0.0002594646  -0.0016748617   0.0005382436  -0.2284634592  -0.1196065865
 7  2  -0.0756210019   0.5099974629   0.2690584558  -0.0322798975  -0.1528676998
 7  3  -0.0838570587   0.1112923629  -0.1100591329  -0.0354539446  -0.0062464630
 7  4  -0.0005160089  -0.0027579397  -0.0254495340   0.0365332919   0.0205299120
 7  5   0.0115930849   0.0001464304  -0.0050909838   0.0036112105  -0.0217282213
 7  6  -0.0096656401  -0.0268986542  -0.0003493706   0.0002607358  -0.0008594240
 7  7  -0.0334939165  -0.0280164675   0.0371362348   0.0013916749  -0.0042873144
 7  8   0.0029001765   0.0000962191  -0.0001274624   0.0001527879  -0.0000275251
 7  9  -0.0000624314  -0.0000242103  -0.0000695687   0.0002129755  -0.0001613010
 7 10  -0.0000464804  -0.0000584709  -0.0000271296  -0.0001591162   0.0005522441
 7 11   0.0003334940  -0.0000848300  -0.0000700201  -0.0000440164  -0.0000834439
 7 12  -0.0000329542  -0.0000766028   0.0000093636   0.0000482292   0.0000271117
 7 13  -0.0002244577   0.0002644682   0.0001459739  -0.0001898849  -0.0001492195
 7 14  -0.0000486038  -0.0000540902  -0.0000095503   0.0000062926  -0.0000167011
 7 15  -0.0000061148  -0.0000001347
 8  1  -0.0018355288   0.0012847596   0.0003243649  -0.1194299561  -0.1455330483
 8  2  -0.0543775525   0.2690584558   0.3251713102  -0.0177489994  -0.0832341409
 8  3  -0.0959377215   0.0791437944  -0.0358738487  -0.0873537396  -0.0078766391
 8  4  -0.0025679666   0.0009849491  -0.0185717389   0.0211487268   0.0222672923
 8  5   0.0078306185  -0.0051896189   0.0038380006   0.0024022822  -0.0096908200
 8  6  -0.0152216466  -0.0197073357   0.0002999761  -0.0006163353  -0.0006005113
 8  7  -0.0289583007  -0.0126731638   0.0272073685  -0.0042710118   0.0045400326
 8  8   0.0018646475   0.0000078194   0.0000336870   0.0000057069  -0.0000199108
 8  9  -0.0000136174  -0.0000074624   0.0000595640  -0.0008480222  -0.0001974843
 8 10   0.0003035514  -0.0000494533   0.0001950788   0.0005794241  -0.0003383224
 8 11  -0.0002049750  -0.0002116291   0.0001552736   0.0001146735  -0.0002280170
 8 12   0.0000962177  -0.0000754274  -0.0000005164   0.0000368262   0.0000007415
 8 13   0.0001203731  -0.0001537591   0.0001495217  -0.0000866767   0.0003759968
 8 14   0.0001444635   0.0000368275  -0.0000341612  -0.0000038597  -0.0000167758
 8 15  -0.0000113553  -0.0000112760
 9  1  -0.0256087202  -0.0179763954  -0.0062209620  -0.0233725551  -0.0179170649
 9  2  -0.1471711299  -0.0322798975  -0.0177489994   0.6952402131   0.1111991811
 9  3   0.0795415073  -0.1809388330  -0.0582827049  -0.0457225234  -0.3272266022
 9  4   0.0003513978   0.0002331967  -0.0047240909   0.0482048151   0.0324348457
 9  5  -0.0464161431   0.0026753715   0.0018815023  -0.0007330730  -0.0266018708
 9  6  -0.0190556745  -0.0361883626  -0.0008897506  -0.0005846799  -0.0003869448
 9  7   0.0011192350   0.0018398420   0.0575144937   0.0038698437   0.0024812263
 9  8  -0.0025773130  -0.0000875895   0.0000674910  -0.0000940511   0.0000248809
 9  9   0.0001203488  -0.0000113935  -0.0000325524  -0.0002087786   0.0000282897
 9 10   0.0000675407  -0.0000558305   0.0001743490  -0.0002865997   0.0002214717
 9 11   0.0004564816  -0.0001306326   0.0000305292   0.0000464163   0.0000415435
 9 12  -0.0000710160  -0.0000318771   0.0000068891  -0.0000166176  -0.0000051525
 9 13   0.0000349487   0.0004627009  -0.0004237577  -0.0000170019   0.0000985995
 9 14  -0.0002482106  -0.0000594794  -0.0000517104  -0.0000460037   0.0000537076
 9 15  -0.0000039709  -0.0000163429
10  1  -0.0005445737   0.0024519323  -0.0003186380  -0.0108555578  -0.0095546844
10  2   0.0185164217  -0.1528676998  -0.0832341409   0.1111991811   0.1570365816
10  3   0.0941118761  -0.1202670013   0.0064592320   0.0024985508  -0.0049146598
10  4  -0.0008433727   0.0022673767   0.0003920279   0.0033147826  -0.0030547837
10  5  -0.0013911202   0.0002361158   0.0000170780  -0.0003197081  -0.0003031916
10  6   0.0003003458  -0.0008380046  -0.0004365797   0.0006494489   0.0000867452
10  7  -0.0006142933  -0.0057238602  -0.0029657959  -0.0006424009  -0.0006091583
10  8   0.0009587179  -0.0000626133   0.0001447491  -0.0001324089  -0.0000054687
10  9   0.0000113029   0.0000133490   0.0000421756  -0.0001368211   0.0000108012
10 10   0.0002209030   0.0000291862   0.0000487717  -0.0000545113  -0.0002166844
10 11  -0.0000387968  -0.0000154207   0.0000168490   0.0000296260  -0.0000279902
10 12   0.0000078130   0.0000288627  -0.0000061645  -0.0000166531  -0.0000330529
10 13  -0.0000185576   0.0000044985   0.0000902692  -0.0000624658   0.0000532879
10 14  -0.0000917993   0.0000396048  -0.0000032727  -0.0000366882   0.0000114662
10 15  -0.0000142360  -0.0000270994
11  1   0.0023737855  -0.0021742069  -0.0001791692  -0.0094596219  -0.0040196646
11  2   0.0132077950  -0.0838570587  -0.0959377215   0.0795415073   0.0941118761
11  3   0.0925074151  -0.0858438040   0.0027206042   0.0048462751  -0.0036047955
11  4   0.0023052811  -0.0022918961   0.0003747881  -0.0029434055   0.0052248537
11  5  -0.0013121305   0.0000660616   0.0002346974  -0.0002560913   0.0002214692
11  6  -0.0005528646  -0.0005882632   0.0006292643  -0.0008676368   0.0000755675
11  7  -0.0055587022   0.0032661172  -0.0021319579  -0.0006388711  -0.0001598302
11  8   0.0006866740   0.0000340857  -0.0000254232   0.0000382331   0.0000015532
11  9  -0.0000413421   0.0000005051   0.0001096459  -0.0000876216   0.0000073960
11 10  -0.0000799517   0.0000168990   0.0000168987  -0.0000478844   0.0001289911
11 11   0.0000620170  -0.0000098789   0.0000292418  -0.0000804971   0.0000126934
11 12  -0.0000368450   0.0000050836   0.0000087892   0.0000037748   0.0000114231
11 13  -0.0000325093  -0.0000056633  -0.0000435412   0.0000434370  -0.0000409544
11 14  -0.0000043539  -0.0000019418  -0.0000150218   0.0000030076  -0.0000087210
11 15  -0.0000015732   0.0000137077
12  1   0.0005167908   0.0003445783   0.0008605359  -0.0075390132  -0.0053066371
12  2   0.0103284176   0.1112923629   0.0791437944  -0.1809388330  -0.1202670013
12  3  -0.0858438040   0.1900451780   0.0210230224   0.0150225610  -0.0157681793
12  4  -0.0003123629  -0.0001997670   0.0012173613  -0.0023222796  -0.0017993787
12  5  -0.0053132338   0.0010995226   0.0007630756  -0.0009978497  -0.0008427719
12  6  -0.0005928568  -0.0004061204   0.0000973985   0.0000697671   0.0000511013
12  7  -0.0020695107  -0.0014467557   0.0004699817  -0.0004804469  -0.0003140769
12  8   0.0003599143   0.0000270089  -0.0000248221   0.0000307859   0.0000006626
12  9  -0.0000656957   0.0000190460  -0.0000739398   0.0001323702   0.0001621293
12 10  -0.0001415240   0.0000270531  -0.0000329898   0.0000826508   0.0000867611
12 11  -0.0000532025  -0.0000047221   0.0000191999  -0.0000945852  -0.0000244272
12 12  -0.0000036705  -0.0000067535   0.0000060604  -0.0000014214  -0.0000025264
12 13  -0.0000010346  -0.0000074688   0.0000146713  -0.0000097805  -0.0000220810
12 14   0.0000117840  -0.0000414246   0.0000018573   0.0000117917  -0.0000152405
12 15   0.0000174177   0.0000315752
13  1  -0.0013922734  -0.0062168355  -0.0017195952   0.0095827197   0.0009452705
13  2  -0.0309287126  -0.1100591329  -0.0358738487  -0.0582827049   0.0064592320
13  3   0.0027206042   0.0210230224   0.5256525169   0.2822348539   0.0138859403
13  4  -0.2124796757  -0.1304237568  -0.0657501767  -0.1829175062  -0.0848342085
13  5   0.1111595128   0.0069424496   0.0028637353  -0.0057572115  -0.0332100192
13  6  -0.0284739154   0.0014764720  -0.0006034540  -0.0057417319  -0.0020183212
13  7  -0.0070576978   0.0014638252   0.0165036439   0.0001493297   0.0005809597
13  8   0.0005232997  -0.0000371183   0.0000228708  -0.0000539600   0.0000143432
13  9  -0.0000421816   0.0000409014  -0.0000881705  -0.0000635567   0.0000988622
13 10  -0.0000971277   0.0000509951   0.0002452494  -0.0002831662   0.0001423806
13 11  -0.0000226381  -0.0002116432   0.0001908065  -0.0000287825  -0.0000331111
13 12  -0.0000327114   0.0000052438   0.0000054499  -0.0001968858  -0.0000741494
13 13  -0.0003108714   0.0004202383  -0.0001684179   0.0000278414   0.0003407030
13 14  -0.0001610857  -0.0000947835  -0.0000759225  -0.0000106940   0.0000418687
13 15  -0.0000016881   0.0000143018
14  1  -0.0062795717   0.0030210247  -0.0012950076   0.0004206271   0.0073976892
14  2  -0.0223513160  -0.0354539446  -0.0873537396  -0.0457225234   0.0024985508
14  3   0.0048462751   0.0150225610   0.2822348539   0.3372739773   0.0193501166
14  4  -0.1293835412  -0.1319670485  -0.0487512474  -0.0863620323  -0.1207163986
14  5   0.0764079564   0.0034795063   0.0050973812  -0.0045828309  -0.0284852719
14  6  -0.0124783593   0.0017535932  -0.0057589732   0.0033778802  -0.0015238690
14  7   0.0014925973  -0.0071091317   0.0111896185   0.0006525547  -0.0003456519
14  8   0.0003573007  -0.0000453073   0.0000402629  -0.0000421720  -0.0000176563
14  9  -0.0000116653   0.0000249667   0.0000728862   0.0001529850  -0.0000231447
14 10   0.0000289832   0.0000766312  -0.0000104849   0.0002805892  -0.0004227608
14 11  -0.0003854640   0.0002044128  -0.0001764339   0.0000784367  -0.0000045840
14 12  -0.0000017142   0.0000104796  -0.0000312147  -0.0000447819  -0.0000425332
14 13   0.0004121164  -0.0005433581   0.0005006557   0.0002362756  -0.0002632354
14 14   0.0000446002  -0.0001584212   0.0000526367  -0.0000441878  -0.0000334351
14 15   0.0000975357   0.0000344955
15  1  -0.0007553582  -0.0007412221   0.0016216085  -0.0672596538  -0.0467785650
15  2  -0.0046400012  -0.0062464630  -0.0078766391  -0.3272266022  -0.0049146598
15  3  -0.0036047955  -0.0157681793   0.0138859403   0.0193501166   0.6698971434
15  4  -0.0656490684  -0.0490301933  -0.0862262886   0.0590212944   0.0395302262
15  5  -0.2186421509   0.0202826279   0.0138415127  -0.0166494487   0.0375710817
15  6   0.0265927946   0.0575173127  -0.0030063774  -0.0020979226   0.0005120983
15  7   0.0163448444   0.0108323593  -0.0589297875   0.0005395992   0.0003358463
15  8  -0.0011207493  -0.0000021212   0.0000378726  -0.0000403609  -0.0000024251
15  9  -0.0000693492   0.0000292042   0.0000594694  -0.0000206922   0.0000477780
15 10   0.0000163071   0.0000305083  -0.0000139380  -0.0001683497  -0.0000114700
15 11  -0.0003968289  -0.0000913916   0.0000483252  -0.0000351713  -0.0001040593
15 12   0.0000418513  -0.0000031110   0.0000071370  -0.0000347332  -0.0000382608
15 13   0.0001744543  -0.0005212529   0.0000668495   0.0002375484   0.0000717775
15 14   0.0000480231   0.0000962423   0.0000466384  -0.0000120647  -0.0000366186
15 15   0.0000270061   0.0000029256
16  1  -0.0000977771  -0.0002277522   0.0000815321   0.0037836022  -0.0026988317
16  2  -0.0009675852  -0.0005160089  -0.0025679666   0.0003513978  -0.0008433727
16  3   0.0023052811  -0.0003123629  -0.2124796757  -0.1293835412  -0.0656490684
16  4   0.2213158608   0.1442814058   0.0709167200  -0.0111220416  -0.0102261414
16  5  -0.0084701172  -0.0006597809   0.0024084644   0.0001554711   0.0013888584
16  6  -0.0042709241   0.0037979838  -0.0006432967  -0.0006238242  -0.0004530422
16  7   0.0001548128   0.0005974317   0.0005137836  -0.0004975140   0.0006236965
16  8  -0.0000694377   0.0000153268  -0.0000148089   0.0000426800  -0.0000153166
16  9   0.0000072950   0.0000078181  -0.0000322076   0.0000008073  -0.0000398769
16 10   0.0001366602  -0.0000154040  -0.0002352849  -0.0000596537   0.0000271411
16 11   0.0000433929   0.0002671733  -0.0000508024   0.0001415191   0.0000510947
16 12  -0.0000026799   0.0000407465  -0.0000147413   0.0000983805   0.0000167892
16 13  -0.0001059738  -0.0001394115  -0.0000745942  -0.0000472352  -0.0001575338
16 14   0.0001642715   0.0000611749   0.0000057859  -0.0000204263  -0.0000399680
16 15   0.0000239326   0.0000176903
17  1  -0.0002063210   0.0000461287   0.0000613411  -0.0025531794   0.0054158537
17  2  -0.0007146416  -0.0027579397   0.0009849491   0.0002331967   0.0022673767
17  3  -0.0022918961  -0.0001997670  -0.1304237568  -0.1319670485  -0.0490301933
17  4   0.1442814058   0.1313383375   0.0530034141  -0.0093739968  -0.0041722251
17  5  -0.0059157370   0.0022930213  -0.0022079275   0.0002211363  -0.0040694553
17  6   0.0043398997   0.0024237326  -0.0005883933  -0.0001686013  -0.0003194055
17  7   0.0005459447  -0.0002455022   0.0003251997   0.0005948906  -0.0008954777
17  8  -0.0000223745  -0.0000023235  -0.0000029676  -0.0000166126   0.0000109859
17  9  -0.0000116910   0.0000057170   0.0000129574   0.0000420420   0.0000435320
17 10  -0.0000674756  -0.0000258951   0.0000283541  -0.0000118685  -0.0000098537
17 11   0.0000266282   0.0000778170  -0.0001504762  -0.0000407094  -0.0000033426
17 12  -0.0000115365  -0.0000011837   0.0000058524  -0.0000328779  -0.0000186640
17 13  -0.0000655774   0.0000434810  -0.0000315701   0.0000298696   0.0000081995
17 14  -0.0000745825   0.0000056045  -0.0000198534   0.0000006160  -0.0000020964
17 15  -0.0000050613   0.0000125732
18  1  -0.0013556946  -0.0009407788  -0.0004571014  -0.0000160924  -0.0002138678
18  2  -0.0060266134  -0.0254495340  -0.0185717389  -0.0047240909   0.0003920279
18  3   0.0003747881   0.0012173613  -0.0657501767  -0.0487512474  -0.0862262886
18  4   0.0709167200   0.0530034141   0.0876418005   0.0174400603   0.0127115801
18  5   0.0108803738  -0.0006187877  -0.0003054101   0.0009997187   0.0028856188
18  6   0.0018131418  -0.0026082758   0.0009911777   0.0006717201   0.0003535344
18  7   0.0005068538   0.0003386290  -0.0011008598  -0.0000741506  -0.0000168674
18  8   0.0001329706  -0.0000128816  -0.0000047785   0.0000003466   0.0000055667
18  9   0.0000626849  -0.0000183086  -0.0000646129  -0.0000835224  -0.0000941639
18 10   0.0000650679  -0.0000303624  -0.0000263012  -0.0000175348   0.0000007243
18 11  -0.0000623046   0.0000843114  -0.0000301950   0.0001080590   0.0000359308
18 12  -0.0000016682   0.0000039221  -0.0000182716  -0.0000195113   0.0000080173
18 13   0.0000235861   0.0000527181  -0.0000073765  -0.0000199970  -0.0000499171
18 14   0.0000487676   0.0000136275   0.0000002134  -0.0000033112   0.0000371849
18 15  -0.0000097488  -0.0000398760
19  1  -0.0010894771  -0.0002419550   0.0003148945  -0.0451947246  -0.0255916760
19  2   0.0110115839   0.0365332919   0.0211487268   0.0482048151   0.0033147826
19  3  -0.0029434055  -0.0023222796  -0.1829175062  -0.0863620323   0.0590212944
19  4  -0.0111220416  -0.0093739968   0.0174400603   0.4867807507   0.2511896805
19  5   0.0064270415  -0.0580679271  -0.0168019163  -0.0415657169  -0.2292076291
19  6  -0.1194118682  -0.0237417337  -0.0111115060  -0.0094547304  -0.0074414132
19  7   0.0086810913   0.0003658415  -0.0670228663   0.0038089844  -0.0026690403
19  8  -0.0000223718  -0.0000146448   0.0000433739  -0.0000299913   0.0000060404
19  9   0.0000124844  -0.0000115712   0.0000107992  -0.0002532241   0.0000598060
19 10  -0.0000001625  -0.0000825741   0.0000784756  -0.0001845349   0.0001118638
19 11  -0.0000667174  -0.0000352350  -0.0000373825  -0.0001633030  -0.0000648629
19 12   0.0000393491  -0.0000058030  -0.0000079655   0.0000357972   0.0000186398
19 13  -0.0000123825   0.0002313272  -0.0002544240  -0.0000663215   0.0000216356
19 14   0.0000840500  -0.0000403725   0.0000778016   0.0000332321   0.0000015533
19 15  -0.0000540801  -0.0000457018
20  1  -0.0002091630  -0.0009731674   0.0002414354  -0.0256410577  -0.0258955386
20  2   0.0080013502   0.0205299120   0.0222672923   0.0324348457  -0.0030547837
20  3   0.0052248537  -0.0017993787  -0.0848342085  -0.1207163986   0.0395302262
20  4  -0.0102261414  -0.0041722251   0.0127115801   0.2511896805   0.3104930192
20  5   0.0162381636  -0.0165528126  -0.0486937786  -0.0359935825  -0.1204822812
20  6  -0.1449780419  -0.0185482774  -0.0091223444  -0.0040979417  -0.0051107388
20  7   0.0007078658   0.0069129108  -0.0474722052  -0.0026606808   0.0056328714
20  8  -0.0001735773  -0.0000098904   0.0000090061   0.0000131216  -0.0000069160
20  9   0.0000067905   0.0000177084  -0.0003312003  -0.0002089078  -0.0000108786
20 10   0.0000160465   0.0001197739   0.0003429074  -0.0000787075   0.0003508823
20 11  -0.0001055037   0.0005070393   0.0002889540  -0.0005725173   0.0000516989
20 12  -0.0000352250   0.0000142688  -0.0000073869   0.0000138747   0.0000060111
20 13   0.0003750175  -0.0003380580  -0.0000941395   0.0000553137  -0.0012781748
20 14   0.0001441271  -0.0001484337  -0.0000217562   0.0001033430  -0.0000665662
20 15   0.0000889848   0.0000817106
21  1   0.0003371057   0.0002537273   0.0006969568   0.0105814003   0.0074631977
21  2  -0.0020774980   0.0115930849   0.0078306185  -0.0464161431  -0.0013911202
21  3  -0.0013121305  -0.0053132338   0.1111595128   0.0764079564  -0.2186421509
21  4  -0.0084701172  -0.0059157370   0.0108803738   0.0064270415   0.0162381636
21  5   0.7301324574  -0.0414930762  -0.0361669545  -0.3215823029  -0.0759454104
21  6  -0.0546762109  -0.1472136477   0.0187515926   0.0131497863   0.0102750837
21  7  -0.0308184073  -0.0220504851  -0.0048022564  -0.0009911417  -0.0008121983
21  8  -0.0060647121  -0.0000125039  -0.0000430000   0.0000518223  -0.0000118114
21  9   0.0000202274  -0.0000241217   0.0000064618   0.0000534682  -0.0001750591
21 10   0.0000250334  -0.0000129109  -0.0000942431   0.0000375853  -0.0002258687
21 11  -0.0002142734   0.0001100121  -0.0000700066   0.0000368276   0.0000826160
21 12   0.0000132936  -0.0000188676  -0.0000439814  -0.0000085626   0.0000275530
21 13   0.0001562441  -0.0000148197   0.0000946197  -0.0000351863  -0.0000839625
21 14   0.0004929652  -0.0001336344   0.0000667447   0.0000728933   0.0000787000
21 15  -0.0001043364  -0.0001230431
22  1  -0.0003472740   0.0006991376  -0.0000455448  -0.0010366306  -0.0001979390
22  2   0.0003333540   0.0001464304  -0.0051896189   0.0026753715   0.0002361158
22  3   0.0000660616   0.0010995226   0.0069424496   0.0034795063   0.0202826279
22  4  -0.0006597809   0.0022930213  -0.0006187877  -0.0580679271  -0.0165528126
22  5  -0.0414930762   0.0545808472   0.0217186807   0.0449309325   0.0002066973
22  6  -0.0021529890  -0.0255889727  -0.0004990432   0.0024113133   0.0004649341
22  7  -0.0013881072  -0.0062542395  -0.0007288850  -0.0001000090  -0.0002547400
22  8  -0.0013410346  -0.0000106353  -0.0000007209   0.0000021384  -0.0000044396
22  9  -0.0000046574   0.0000169286  -0.0000563846  -0.0000196070   0.0000272817
22 10  -0.0000158662   0.0000154155   0.0000643665  -0.0000128148  -0.0000240332
22 11  -0.0000727293   0.0000766666   0.0000458483  -0.0000052407   0.0000159442
22 12  -0.0000086329   0.0000170312  -0.0000061794  -0.0000290926  -0.0000101136
22 13   0.0000607026  -0.0000347656   0.0000302344   0.0000006694  -0.0000876565
22 14  -0.0000652682  -0.0000636304  -0.0000028581  -0.0000358111   0.0000021995
22 15   0.0000853788   0.0000607405
23  1   0.0006990726  -0.0008464853  -0.0000132924  -0.0002862623  -0.0009318315
23  2   0.0002623156  -0.0050909838   0.0038380006   0.0018815023   0.0000170780
23  3   0.0002346974   0.0007630756   0.0028637353   0.0050973812   0.0138415127
23  4   0.0024084644  -0.0022079275  -0.0003054101  -0.0168019163  -0.0486937786
23  5  -0.0361669545   0.0217186807   0.0414079828   0.0391469041  -0.0014155915
23  6   0.0010811030  -0.0180554284   0.0023774883  -0.0021986038   0.0004103370
23  7  -0.0062246863   0.0030549272  -0.0006726655  -0.0002456455   0.0000894136
23  8  -0.0009667451  -0.0000050754   0.0000110388  -0.0000196940   0.0000142106
23  9   0.0000066339  -0.0000172905   0.0000480288  -0.0000072652  -0.0000326445
23 10  -0.0000034701  -0.0000017238  -0.0000172250  -0.0000158578  -0.0000046208
23 11   0.0000111671  -0.0001026469  -0.0000039749  -0.0000005744  -0.0000142996
23 12  -0.0000052685  -0.0000145663  -0.0000005204  -0.0000171285   0.0000077422
23 13  -0.0000059175   0.0001063761  -0.0000161338  -0.0000388281   0.0000970567
23 14   0.0000642476   0.0000291918  -0.0000042753   0.0000030617   0.0000757512
23 15  -0.0001017276  -0.0000932415
24  1  -0.0000556787  -0.0000102901  -0.0000734771   0.0003468262   0.0002745278
24  2   0.0006770468   0.0036112105   0.0024022822  -0.0007330730  -0.0003197081
24  3  -0.0002560913  -0.0009978497  -0.0057572115  -0.0045828309  -0.0166494487
24  4   0.0001554711   0.0002211363   0.0009997187  -0.0415657169  -0.0359935825
24  5  -0.3215823029   0.0449309325   0.0391469041   0.3423240410   0.0006239603
24  6   0.0002806394  -0.0061465881  -0.0003805425  -0.0001278896   0.0008596889
24  7  -0.0016838932  -0.0013471209   0.0016404104   0.0000911584   0.0000479115
24  8  -0.0004479726   0.0000065444  -0.0000246161   0.0000276029  -0.0000051866
24  9  -0.0000121654   0.0000133594  -0.0000566796   0.0000053482   0.0000687348
24 10  -0.0000185935   0.0000127103   0.0000460902   0.0000024125   0.0000052824
24 11  -0.0000407482   0.0000979856   0.0000274999  -0.0000284027   0.0000340969
24 12  -0.0000115470   0.0000323292   0.0000056942   0.0000165429  -0.0000020697
24 13  -0.0000124622  -0.0000624357  -0.0000024814   0.0000448405  -0.0001074809
24 14  -0.0000625258  -0.0000373428  -0.0000055564  -0.0000336786  -0.0000581176
24 15   0.0001008219   0.0001115960
25  1   0.0001641599  -0.0051863615   0.0036349616   0.0352837177   0.0204314366
25  2   0.0115977879  -0.0217282213  -0.0096908200  -0.0266018708  -0.0003031916
25  3   0.0002214692  -0.0008427719  -0.0332100192  -0.0284852719   0.0375710817
25  4   0.0013888584  -0.0040694553   0.0028856188  -0.2292076291  -0.1204822812
25  5  -0.0759454104   0.0002066973  -0.0014155915   0.0006239603   0.5122441523
25  6   0.2687869701  -0.0331975933  -0.1547040021  -0.0824907733   0.1121673448
25  7  -0.1091290854  -0.0358157665  -0.0061883086  -0.0010592176  -0.0022870438
25  8  -0.0256720488   0.0000078626   0.0000131291  -0.0000343699   0.0000089561
25  9   0.0000497400  -0.0000296060   0.0002146735   0.0000968560  -0.0000711420
25 10   0.0001567862  -0.0001138801  -0.0002346512  -0.0000875374  -0.0002276001
25 11   0.0001588518  -0.0003306531  -0.0001402613   0.0003829193  -0.0000120164
25 12  -0.0000175554   0.0000062749   0.0000156560   0.0000238895   0.0000115860
25 13  -0.0001411656   0.0002651266   0.0001320883  -0.0000811119   0.0005306774
25 14  -0.0001659435   0.0002387323   0.0000823423  -0.0001194108   0.0000635983
25 15  -0.0000789750  -0.0000693482
26  1  -0.0052260251   0.0040285801   0.0024500308   0.0210922218   0.0214306821
26  2   0.0074434287  -0.0096656401  -0.0152216466  -0.0190556745   0.0003003458
26  3  -0.0005528646  -0.0005928568  -0.0284739154  -0.0124783593   0.0265927946
26  4  -0.0042709241   0.0043398997   0.0018131418  -0.1194118682  -0.1449780419
26  5  -0.0546762109  -0.0021529890   0.0010811030   0.0002806394   0.2687869701
26  6   0.3183411469  -0.0147669399  -0.0823094119  -0.0917539101   0.0765862743
26  7  -0.0365132545  -0.0841416672  -0.0080610201  -0.0020060183   0.0001970030
26  8  -0.0181675798  -0.0000137718  -0.0000079242   0.0000069575  -0.0000042783
26  9   0.0000212947  -0.0000075100  -0.0001888784  -0.0001751678  -0.0000596222
26 10   0.0000857480  -0.0001627568   0.0000611149  -0.0001002338   0.0001715853
26 11  -0.0000291491  -0.0001632850  -0.0000166105   0.0002368530   0.0000201087
26 12   0.0000375989  -0.0000404058  -0.0000125129  -0.0000124425  -0.0000027803
26 13   0.0002191561  -0.0003409002  -0.0000931033   0.0000422674   0.0003289837
26 14   0.0000690496  -0.0000735302  -0.0001278749   0.0000367931   0.0000397188
26 15  -0.0000077108  -0.0000242250
27  1   0.0026534763   0.0018074360  -0.0006792748   0.0478633136   0.0328844790
27  2  -0.0466466175  -0.0268986542  -0.0197073357  -0.0361883626  -0.0008380046
27  3  -0.0005882632  -0.0004061204   0.0014764720   0.0017535932   0.0575173127
27  4   0.0037979838   0.0024237326  -0.0026082758  -0.0237417337  -0.0185482774
27  5  -0.1472136477  -0.0255889727  -0.0180554284  -0.0061465881  -0.0331975933
27  6  -0.0147669399   0.6916305156   0.1121469257   0.0766149398  -0.1805282649
27  7  -0.0577334622  -0.0442498937  -0.3243555777   0.0003989117   0.0002398303
27  8  -0.0045826404   0.0000175956  -0.0000617405   0.0000566801  -0.0000198950
27  9  -0.0000053095  -0.0000118832   0.0000909902   0.0002482723  -0.0000652913
27 10  -0.0001078261  -0.0002384780  -0.0003313091   0.0000605122  -0.0001165790
27 11   0.0000785231  -0.0003589513  -0.0001715227   0.0004903667  -0.0000474941
27 12   0.0000824041  -0.0001127848  -0.0000071487  -0.0000017879  -0.0000028224
27 13   0.0000128501  -0.0001241566   0.0000091549   0.0001622435   0.0005449330
27 14   0.0000028179  -0.0001281505   0.0000258048   0.0000978884  -0.0000133884
27 15   0.0000102875  -0.0000037987
28  1   0.0002491732  -0.0000020351  -0.0003284753   0.0033305051  -0.0030459749
28  2  -0.0014110982  -0.0003493706   0.0002999761  -0.0008897506  -0.0004365797
28  3   0.0006292643   0.0000973985  -0.0006034540  -0.0057589732  -0.0030063774
28  4  -0.0006432967  -0.0005883933   0.0009911777  -0.0111115060  -0.0091223444
28  5   0.0187515926  -0.0004990432   0.0023774883  -0.0003805425  -0.1547040021
28  6  -0.0823094119   0.1121469257   0.1593544343   0.0925050390  -0.1215489133
28  7   0.0060882977   0.0028926830  -0.0048719994  -0.0006726589   0.0021571143
28  8   0.0004380515  -0.0000038834   0.0000050399   0.0000023904  -0.0000049830
28  9   0.0000056128  -0.0000027859  -0.0000017070  -0.0000161776  -0.0000257510
28 10   0.0000223198  -0.0000041660  -0.0000133113   0.0000057950   0.0000014161
28 11  -0.0000058895   0.0000110588  -0.0000142072   0.0000122567  -0.0000044419
28 12   0.0000085731  -0.0000077744  -0.0000087186   0.0000090094   0.0000020190
28 13   0.0000022291  -0.0000290825  -0.0000094123  -0.0000059553  -0.0000006865
28 14   0.0000496010  -0.0000103465   0.0000058260   0.0000200434  -0.0000038661
28 15  -0.0000055897  -0.0000093756
29  1   0.0000248356   0.0002691453  -0.0002522141  -0.0030673133   0.0054414162
29  2  -0.0012161341   0.0002607358  -0.0006163353  -0.0005846799   0.0006494489
29  3  -0.0008676368   0.0000697671  -0.0057417319   0.0033778802  -0.0020979226
29  4  -0.0006238242  -0.0001686013   0.0006717201  -0.0094547304  -0.0040979417
29  5   0.0131497863   0.0024113133  -0.0021986038  -0.0001278896  -0.0824907733
29  6  -0.0917539101   0.0766149398   0.0925050390   0.0887152467  -0.0829155637
29  7   0.0033267034   0.0041022016  -0.0036868295   0.0021459827  -0.0022299121
29  8   0.0003919358   0.0000077166   0.0000136774  -0.0000161206   0.0000030802
29  9   0.0000150428  -0.0000070346   0.0000320221   0.0000141197  -0.0000290427
29 10   0.0000276979   0.0000122509  -0.0000374135   0.0000550940   0.0000311200
29 11   0.0000157722   0.0000282239  -0.0000082792   0.0000000060  -0.0000184069
29 12   0.0000035936   0.0000052357   0.0000105698   0.0000176575   0.0000037152
29 13  -0.0002084427  -0.0000271817   0.0000656231   0.0000294933   0.0000125555
29 14  -0.0000074115   0.0001143712  -0.0000410916   0.0000025812  -0.0000271049
29 15  -0.0000164138  -0.0000128260
30  1   0.0011047624   0.0007640854  -0.0009900144  -0.0023893012  -0.0018613317
30  2  -0.0052987076  -0.0008594240  -0.0006005113  -0.0003869448   0.0000867452
30  3   0.0000755675   0.0000511013  -0.0020183212  -0.0015238690   0.0005120983
30  4  -0.0004530422  -0.0003194055   0.0003535344  -0.0074414132  -0.0051107388
30  5   0.0102750837   0.0004649341   0.0004103370   0.0008596889   0.1121673448
30  6   0.0765862743  -0.1805282649  -0.1215489133  -0.0829155637   0.1895834026
30  7   0.0212584770   0.0146719890  -0.0156436052  -0.0003746954  -0.0001972975
30  8   0.0012069833  -0.0000011322  -0.0000176303   0.0000109734   0.0000021060
30  9  -0.0000038204  -0.0000014889  -0.0000135590   0.0000155663   0.0000054333
30 10  -0.0000211547  -0.0000100226   0.0000030566  -0.0000311577  -0.0000075332
30 11  -0.0000020350  -0.0000195782   0.0000005722   0.0000014816   0.0000348825
30 12  -0.0000105535  -0.0000067912  -0.0000028305  -0.0000049636   0.0000045551
30 13   0.0000878271   0.0000399233  -0.0000566053  -0.0000162390   0.0000007770
30 14   0.0000327548  -0.0000279417   0.0000260096   0.0000166780   0.0000116244
30 15  -0.0000078607  -0.0000023680
31  1   0.0067890887   0.0033042159  -0.0059175107  -0.1828061874  -0.0856156739
31  2   0.1114699066  -0.0334939165  -0.0289583007   0.0011192350  -0.0006142933
31  3  -0.0055587022  -0.0020695107  -0.0070576978   0.0014925973   0.0163448444
31  4   0.0001548128   0.0005459447   0.0005068538   0.0086810913   0.0007078658
31  5  -0.0308184073  -0.0013881072  -0.0062246863  -0.0016838932  -0.1091290854
31  6  -0.0365132545  -0.0577334622   0.0060882977   0.0033267034   0.0212584770
31  7   0.5276805982   0.2813604574   0.0135839191  -0.2151473528  -0.1281205517
31  8  -0.0661904622  -0.0000096221  -0.0000337417   0.0000002043   0.0000292709
31  9   0.0000451983  -0.0000039285  -0.0001689241   0.0000264129   0.0000484827
31 10   0.0000765256  -0.0000344838  -0.0000198809  -0.0001326873   0.0002131286
31 11  -0.0000831866   0.0001045826   0.0000804988   0.0001357469   0.0002426929
31 12  -0.0000511024   0.0001388202   0.0000221149   0.0000283869   0.0000154963
31 13  -0.0000662318  -0.0000054073  -0.0000305760   0.0000402580   0.0000729535
31 14  -0.0000288694   0.0001164537  -0.0000903659  -0.0000689424  -0.0000116814
31 15   0.0000019069   0.0000266438
32  1   0.0035391074   0.0045186897  -0.0043842166  -0.0863142492  -0.1182322523
32  2   0.0759508449  -0.0280164675  -0.0126731638   0.0018398420  -0.0057238602
32  3   0.0032661172  -0.0014467557   0.0014638252  -0.0071091317   0.0108323593
32  4   0.0005974317  -0.0002455022   0.0003386290   0.0003658415   0.0069129108
32  5  -0.0220504851  -0.0062542395   0.0030549272  -0.0013471209  -0.0358157665
32  6  -0.0841416672  -0.0442498937   0.0028926830   0.0041022016   0.0146719890
32  7   0.2813604574   0.3257634859   0.0171291292  -0.1279198871  -0.1253302162
32  8  -0.0473029576   0.0000204229  -0.0000240305   0.0000125130  -0.0000042119
32  9   0.0000139581  -0.0000091086  -0.0000504240   0.0002239642  -0.0000056708
32 10  -0.0000358556  -0.0001502659  -0.0002750491  -0.0000098216  -0.0000174669
32 11   0.0000711678  -0.0000701114  -0.0001327558   0.0002239316   0.0000373088
32 12  -0.0000329043  -0.0000202306  -0.0000025226   0.0000123880   0.0000089545
32 13   0.0000091287   0.0001163188  -0.0000146033  -0.0000825983   0.0001181326
32 14   0.0000001736  -0.0000025692  -0.0000006747   0.0000332735   0.0000163779
32 15  -0.0000130625  -0.0000067152
33  1   0.0202815525   0.0139317994  -0.0165980823   0.0596367363   0.0398828505
33  2  -0.2186800212   0.0371362348   0.0272073685   0.0575144937  -0.0029657959
33  3  -0.0021319579   0.0004699817   0.0165036439   0.0111896185  -0.0589297875
33  4   0.0005137836   0.0003251997  -0.0011008598  -0.0670228663  -0.0474722052
33  5  -0.0048022564  -0.0007288850  -0.0006726655   0.0016404104  -0.0061883086
33  6  -0.0080610201  -0.3243555777  -0.0048719994  -0.0036868295  -0.0156436052
33  7   0.0135839191   0.0171291292   0.6669439029  -0.0661687755  -0.0473332849
33  8  -0.0861342249   0.0000022507   0.0000195686  -0.0000218743   0.0000024010
33  9  -0.0000263870   0.0000095882   0.0001585196  -0.0000946007  -0.0000161350
33 10   0.0000096817   0.0003222453   0.0001138130   0.0001079583  -0.0000850692
33 11   0.0001133242   0.0003193051  -0.0000695033  -0.0004586683  -0.0000820749
33 12  -0.0000262684  -0.0000225471   0.0000110452   0.0000397996  -0.0000009507
33 13  -0.0002636693   0.0000673556   0.0000371526  -0.0001554764  -0.0004643964
33 14  -0.0000556467   0.0002370430  -0.0000174665  -0.0000591269  -0.0000562236
33 15   0.0000267199   0.0000366973
34  1  -0.0005502001   0.0022933188   0.0002253959  -0.0116319658  -0.0096727672
34  2  -0.0086921398   0.0013916749  -0.0042710118   0.0038698437  -0.0006424009
34  3  -0.0006388711  -0.0004804469   0.0001493297   0.0006525547   0.0005395992
34  4  -0.0004975140   0.0005948906  -0.0000741506   0.0038089844  -0.0026606808
34  5  -0.0009911417  -0.0001000090  -0.0002456455   0.0000911584  -0.0010592176
34  6  -0.0020060183   0.0003989117  -0.0006726589   0.0021459827  -0.0003746954
34  7  -0.2151473528  -0.1279198871  -0.0661687755   0.2249589427   0.1417434796
34  8   0.0716595668  -0.0000104009   0.0000111555  -0.0000049900  -0.0000054172
34  9   0.0000081878   0.0000015426   0.0000042615  -0.0000090847  -0.0000116963
34 10   0.0000293810  -0.0000056724  -0.0000002325  -0.0000182122  -0.0000283936
34 11  -0.0000160074   0.0000122317  -0.0000009132   0.0000151574  -0.0000094710
34 12   0.0000000186   0.0000003955  -0.0000052703   0.0000025200  -0.0000022761
34 13   0.0000104996  -0.0000107902   0.0000039617   0.0000036687  -0.0000072824
34 14   0.0000107575  -0.0000146488   0.0000122394  -0.0000037158  -0.0000042348
34 15   0.0000126707   0.0000039776
35  1   0.0022773759  -0.0022090237   0.0002040449  -0.0091772390  -0.0045790315
35  2  -0.0059380246  -0.0042873144   0.0045400326   0.0024812263  -0.0006091583
35  3  -0.0001598302  -0.0003140769   0.0005809597  -0.0003456519   0.0003358463
35  4   0.0006236965  -0.0008954777  -0.0000168674  -0.0026690403   0.0056328714
35  5  -0.0008121983  -0.0002547400   0.0000894136   0.0000479115  -0.0022870438
35  6   0.0001970030   0.0002398303   0.0021571143  -0.0022299121  -0.0001972975
35  7  -0.1281205517  -0.1253302162  -0.0473332849   0.1417434796   0.1252945414
35  8   0.0513062655  -0.0000135010   0.0000116896  -0.0000107923   0.0000082810
35  9   0.0000156999   0.0000035733   0.0000189945  -0.0000127543   0.0000351774
35 10   0.0000451666   0.0000147418   0.0000202638  -0.0000834693  -0.0000188480
35 11  -0.0001222372   0.0000474812   0.0000196691  -0.0000001920   0.0000137584
35 12  -0.0000343609   0.0000617042   0.0000047269   0.0000145316   0.0000021049
35 13  -0.0000229598  -0.0000083977   0.0000664400   0.0000110857  -0.0000045744
35 14  -0.0000153879  -0.0000025908  -0.0000127510  -0.0000554604  -0.0000045119
35 15   0.0000106356   0.0000114310
36  1  -0.0005978543  -0.0003688338   0.0009988051   0.0174225739   0.0124070960
36  2   0.0109232880   0.0029001765   0.0018646475  -0.0025773130   0.0009587179
36  3   0.0006866740   0.0003599143   0.0005232997   0.0003573007  -0.0011207493
36  4  -0.0000694377  -0.0000223745   0.0001329706  -0.0000223718  -0.0001735773
36  5  -0.0060647121  -0.0013410346  -0.0009667451  -0.0004479726  -0.0256720488
36  6  -0.0181675798  -0.0045826404   0.0004380515   0.0003919358   0.0012069833
36  7  -0.0661904622  -0.0473029576  -0.0861342249   0.0716595668   0.0513062655
36  8   0.0872893809   0.0000061642   0.0000023497   0.0000031556  -0.0000016105
36  9  -0.0000045564   0.0000021909  -0.0000069132  -0.0000061120   0.0000063084
36 10  -0.0000015090   0.0000086025   0.0000036298   0.0000252967   0.0000049673
36 11  -0.0000110148   0.0000272164   0.0000057934  -0.0000144598  -0.0000114928
36 12   0.0000013609   0.0000195987   0.0000020199   0.0000060455  -0.0000017382
36 13  -0.0000352791  -0.0000207541   0.0000250516   0.0000109783  -0.0000205268
36 14  -0.0000154586  -0.0000097438  -0.0000047647  -0.0000131007  -0.0000143041
36 15   0.0000157432   0.0000121073
37  1   0.0000178351  -0.0000127427  -0.0000180965   0.0000047413  -0.0000086663
37  2   0.0000685524   0.0000962191   0.0000078194  -0.0000875895  -0.0000626133
37  3   0.0000340857   0.0000270089  -0.0000371183  -0.0000453073  -0.0000021212
37  4   0.0000153268  -0.0000023235  -0.0000128816  -0.0000146448  -0.0000098904
37  5  -0.0000125039  -0.0000106353  -0.0000050754   0.0000065444   0.0000078626
37  6  -0.0000137718   0.0000175956  -0.0000038834   0.0000077166  -0.0000011322
37  7  -0.0000096221   0.0000204229   0.0000022507  -0.0000104009  -0.0000135010
37  8   0.0000061642   0.0505737490   0.0171402244  -0.0307750352  -0.0005202312
37  9   0.0023023629   0.0005241912  -0.0543134812  -0.0125818857   0.0284462497
37 10   0.0058444897   0.0022399021  -0.0218419652   0.0016869735  -0.0000508962
37 11   0.0251910531  -0.0002163240  -0.0055388752  -0.0022838383  -0.0005544735
37 12   0.0023421461  -0.0006023163   0.0001990661  -0.0000433687  -0.0011760845
37 13  -0.0012265118  -0.0061075064   0.0013695622  -0.0010944680  -0.0002536788
37 14  -0.0002052122  -0.0000260222  -0.0001179414   0.0013409849  -0.0003458331
37 15   0.0007107507   0.0000186193
38  1  -0.0000101161  -0.0000691004  -0.0000346167  -0.0000057521   0.0000754230
38  2  -0.0000036324  -0.0001274624   0.0000336870   0.0000674910   0.0001447491
38  3  -0.0000254232  -0.0000248221   0.0000228708   0.0000402629   0.0000378726
38  4  -0.0000148089  -0.0000029676  -0.0000047785   0.0000433739   0.0000090061
38  5  -0.0000430000  -0.0000007209   0.0000110388  -0.0000246161   0.0000131291
38  6  -0.0000079242  -0.0000617405   0.0000050399   0.0000136774  -0.0000176303
38  7  -0.0000337417  -0.0000240305   0.0000195686   0.0000111555   0.0000116896
38  8   0.0000023497   0.0171402244   0.0368101294  -0.0148984187   0.0022913604
38  9  -0.0021909725   0.0004609683  -0.0127258813  -0.0441559333   0.0137567605
38 10   0.0028127372   0.0036878469  -0.0154828081  -0.0006839815   0.0025339041
38 11   0.0173463332  -0.0055147082   0.0037395306  -0.0017940530   0.0024522067
38 12  -0.0021848764  -0.0002618746  -0.0000309449   0.0002282226  -0.0008432029
38 13  -0.0060096832   0.0031813180   0.0009879279  -0.0003038304  -0.0009671790
38 14  -0.0001242306  -0.0001832156   0.0001114724   0.0009128410   0.0007080004
38 15  -0.0008588015   0.0000273116
39  1   0.0000148437   0.0000403668   0.0000214370   0.0000067883  -0.0000183260
39  2   0.0000175580   0.0001527879   0.0000057069  -0.0000940511  -0.0001324089
39  3   0.0000382331   0.0000307859  -0.0000539600  -0.0000421720  -0.0000403609
39  4   0.0000426800  -0.0000166126   0.0000003466  -0.0000299913   0.0000131216
39  5   0.0000518223   0.0000021384  -0.0000196940   0.0000276029  -0.0000343699
39  6   0.0000069575   0.0000566801   0.0000023904  -0.0000161206   0.0000109734
39  7   0.0000002043   0.0000125130  -0.0000218743  -0.0000049900  -0.0000107923
39  8   0.0000031556  -0.0307750352  -0.0148984187   0.3504971184  -0.0003063034
39  9  -0.0001026031   0.0009631521   0.0283853863   0.0138389096  -0.3290651868
39 10   0.0044092600   0.0027707208  -0.0148546970  -0.0009418561  -0.0009494855
39 11  -0.0089096419  -0.0032677882  -0.0024362718  -0.0000283329   0.0002189158
39 12   0.0002549222   0.0008805200   0.0002604130   0.0001671721  -0.0008969825
39 13   0.0023239192   0.0015265066   0.0012743418  -0.0001897936  -0.0001031463
39 14   0.0007499089  -0.0000936714  -0.0000889796  -0.0005936711   0.0000104407
39 15   0.0000274922  -0.0000806048
40  1  -0.0000104781   0.0000092546   0.0000026341   0.0000070743  -0.0000101748
40  2   0.0000131537  -0.0000275251  -0.0000199108   0.0000248809  -0.0000054687
40  3   0.0000015532   0.0000006626   0.0000143432  -0.0000176563  -0.0000024251
40  4  -0.0000153166   0.0000109859   0.0000055667   0.0000060404  -0.0000069160
40  5  -0.0000118114  -0.0000044396   0.0000142106  -0.0000051866   0.0000089561
40  6  -0.0000042783  -0.0000198950  -0.0000049830   0.0000030802   0.0000021060
40  7   0.0000292709  -0.0000042119   0.0000024010  -0.0000054172   0.0000082810
40  8  -0.0000016105  -0.0005202312   0.0022913604  -0.0003063034   0.2158988129
40  9   0.1325006922  -0.0889044315  -0.0120831524  -0.0096312727   0.0107692581
40 10  -0.2067788478  -0.1193877126   0.0820018231   0.0009979144  -0.0046723740
40 11  -0.0037512346   0.0004503615  -0.0009996427  -0.0006373781  -0.0006702927
40 12  -0.0006292877   0.0005888785  -0.0006786249   0.0021551012   0.0003337399
40 13   0.0000896532   0.0005664898  -0.0006596148   0.0038098197  -0.0025762392
40 14   0.0005886488  -0.0004886674   0.0006046402   0.0000676158  -0.0000188020
40 15  -0.0002059725  -0.0001014781
41  1  -0.0000103141   0.0000116389   0.0000109149   0.0000128285  -0.0000139610
41  2  -0.0000313726  -0.0000624314  -0.0000136174   0.0001203488   0.0000113029
41  3  -0.0000413421  -0.0000656957  -0.0000421816  -0.0000116653  -0.0000693492
41  4   0.0000072950  -0.0000116910   0.0000626849   0.0000124844   0.0000067905
41  5   0.0000202274  -0.0000046574   0.0000066339  -0.0000121654   0.0000497400
41  6   0.0000212947  -0.0000053095   0.0000056128   0.0000150428  -0.0000038204
41  7   0.0000451983   0.0000139581  -0.0000263870   0.0000081878   0.0000156999
41  8  -0.0000045564   0.0023023629  -0.0021909725  -0.0001026031   0.1325006922
41  9   0.1167808096  -0.0610977222  -0.0099195976  -0.0049095431   0.0076331259
41 10  -0.1195833347  -0.1174782288   0.0564886495  -0.0046591232   0.0042420890
41 11  -0.0026873904  -0.0005174793   0.0014810198  -0.0006298429  -0.0006482114
41 12  -0.0001829415   0.0003931490   0.0021439793  -0.0022495840   0.0003167466
41 13   0.0005037223  -0.0003777544  -0.0004158515  -0.0026140060   0.0056192375
41 14   0.0001338866   0.0006306215  -0.0008976184   0.0000542923  -0.0001726911
41 15   0.0001647048  -0.0000819596
42  1  -0.0000042726  -0.0000043551   0.0000016138   0.0000076347   0.0000127039
42  2   0.0000064076  -0.0000242103  -0.0000074624  -0.0000113935   0.0000133490
42  3   0.0000005051   0.0000190460   0.0000409014   0.0000249667   0.0000292042
42  4   0.0000078181   0.0000057170  -0.0000183086  -0.0000115712   0.0000177084
42  5  -0.0000241217   0.0000169286  -0.0000172905   0.0000133594  -0.0000296060
42  6  -0.0000075100  -0.0000118832  -0.0000027859  -0.0000070346  -0.0000014889
42  7  -0.0000039285  -0.0000091086   0.0000095882   0.0000015426   0.0000035733
42  8   0.0000021909   0.0005241912   0.0004609683   0.0009631521  -0.0889044315
42  9  -0.0610977222   0.1048444503  -0.0153857467  -0.0106643284   0.0116617846
42 10   0.0820264954   0.0564626598  -0.1023314423  -0.0027884920  -0.0020686844
42 11  -0.0018592632   0.0254693852   0.0177339950  -0.0073329490  -0.0008522998
42 12  -0.0006044008   0.0004045826  -0.0004783833  -0.0002743260   0.0012191325
42 13  -0.0006335440  -0.0004450129  -0.0009948532  -0.0003818325  -0.0005067873
42 14  -0.0061211663   0.0000613028   0.0000592947   0.0001191012   0.0013315554
42 15   0.0009319310  -0.0005867435
43  1  -0.0000038513   0.0000091929   0.0000106482   0.0000189934   0.0002346019
43  2  -0.0001889231  -0.0000695687   0.0000595640  -0.0000325524   0.0000421756
43  3   0.0001096459  -0.0000739398  -0.0000881705   0.0000728862   0.0000594694
43  4  -0.0000322076   0.0000129574  -0.0000646129   0.0000107992  -0.0003312003
43  5   0.0000064618  -0.0000563846   0.0000480288  -0.0000566796   0.0002146735
43  6  -0.0001888784   0.0000909902  -0.0000017070   0.0000320221  -0.0000135590
43  7  -0.0001689241  -0.0000504240   0.0001585196   0.0000042615   0.0000189945
43  8  -0.0000069132  -0.0543134812  -0.0127258813   0.0283853863  -0.0120831524
43  9  -0.0099195976  -0.0153857467   0.4862838198   0.2500496886  -0.0113752327
43 10  -0.1930490144  -0.0950551785  -0.0545287116  -0.2220584385  -0.1139541947
43 11   0.0359892872   0.0315317475   0.0167997241  -0.0538612604  -0.0113973989
43 12  -0.0095547790   0.0095415714   0.0035140304  -0.0028388832   0.0020765777
43 13   0.0153999507   0.0064551677   0.0658961766  -0.0464370062  -0.0264209266
43 14  -0.0060401761   0.0037970220  -0.0025160990  -0.0003615330  -0.0010581683
43 15  -0.0003464317  -0.0002252478
44  1  -0.0000078726   0.0000671112   0.0000187092   0.0003814808  -0.0002482247
44  2   0.0000673817   0.0002129755  -0.0008480222  -0.0002087786  -0.0001368211
44  3  -0.0000876216   0.0001323702  -0.0000635567   0.0001529850  -0.0000206922
44  4   0.0000008073   0.0000420420  -0.0000835224  -0.0002532241  -0.0002089078
44  5   0.0000534682  -0.0000196070  -0.0000072652   0.0000053482   0.0000968560
44  6  -0.0001751678   0.0002482723  -0.0000161776   0.0000141197   0.0000155663
44  7   0.0000264129   0.0002239642  -0.0000946007  -0.0000090847  -0.0000127543
44  8  -0.0000061120  -0.0125818857  -0.0441559333   0.0138389096  -0.0096312727
44  9  -0.0049095431  -0.0106643284   0.2500496886   0.3066915288   0.0032023530
44 10  -0.0959173192  -0.1262636354  -0.0407383426  -0.1125432593  -0.1396005041
44 11   0.0239771863   0.0171432386   0.0181641132  -0.0384472187  -0.0104366340
44 12  -0.0044681464   0.0069664098  -0.0028253056   0.0055758973   0.0012398873
44 13   0.0058580185   0.0123124960   0.0450923310  -0.0264261047  -0.0267862196
44 14  -0.0040007735  -0.0026288254   0.0054329234  -0.0004512303  -0.0002725280
44 15  -0.0009052351  -0.0001425936
45  1  -0.0000638087  -0.0000238533  -0.0000047470   0.0002075598  -0.0000942838
45  2   0.0002464954  -0.0001613010  -0.0001974843   0.0000282897   0.0000108012
45  3   0.0000073960   0.0001621293   0.0000988622  -0.0000231447   0.0000477780
45  4  -0.0000398769   0.0000435320  -0.0000941639   0.0000598060  -0.0000108786
45  5  -0.0001750591   0.0000272817  -0.0000326445   0.0000687348  -0.0000711420
45  6  -0.0000596222  -0.0000652913  -0.0000257510  -0.0000290427   0.0000054333
45  7   0.0000484827  -0.0000056708  -0.0000161350  -0.0000116963   0.0000351774
45  8   0.0000063084   0.0284462497   0.0137567605  -0.3290651868   0.0107692581
45  9   0.0076331259   0.0116617846  -0.0113752327   0.0032023530   0.7318185158
45 10  -0.1065441383  -0.0767228062  -0.2007170952   0.0882781725   0.0604065505
45 11  -0.1593678579  -0.0175262596  -0.0130749626  -0.0394529942  -0.0165047458
45 12  -0.0115104053   0.0113292002   0.0010894642   0.0006101642  -0.0056820515
45 13   0.0294323980   0.0207011034  -0.0151830467  -0.0065230681  -0.0045194048
45 14  -0.0001997916   0.0005823446   0.0000469444  -0.0060936365  -0.0002036605
45 15  -0.0001389036   0.0007423872
46  1  -0.0000011175  -0.0000288061   0.0000020840  -0.0002755079   0.0000380964
46  2  -0.0000303060  -0.0000464804   0.0003035514   0.0000675407   0.0002209030
46  3  -0.0000799517  -0.0001415240  -0.0000971277   0.0000289832   0.0000163071
46  4   0.0001366602  -0.0000674756   0.0000650679  -0.0000001625   0.0000160465
46  5   0.0000250334  -0.0000158662  -0.0000034701  -0.0000185935   0.0001567862
46  6   0.0000857480  -0.0001078261   0.0000223198   0.0000276979  -0.0000211547
46  7   0.0000765256  -0.0000358556   0.0000096817   0.0000293810   0.0000451666
46  8  -0.0000015090   0.0058444897   0.0028127372   0.0044092600  -0.2067788478
46  9  -0.1195833347   0.0820264954  -0.1930490144  -0.0959173192  -0.1065441383
46 10   0.5264390407   0.2789517476  -0.0250013211  -0.0354167215  -0.0300839290
46 11   0.0064987694  -0.1061163111  -0.0326012879   0.0471859873  -0.0002957056
46 12  -0.0052545718   0.0025059556   0.0050597121   0.0019060907  -0.0226615897
46 13  -0.0092291354  -0.0005221724  -0.0192759533   0.0144738276   0.0055070132
46 14   0.0292928890   0.0001017337   0.0004688817  -0.0006098278  -0.0012393814
46 15  -0.0060135865   0.0023086719
47  1   0.0000145381  -0.0000206957  -0.0000149707  -0.0000102725   0.0002407499
47  2  -0.0000022097  -0.0000584709  -0.0000494533  -0.0000558305   0.0000291862
47  3   0.0000168990   0.0000270531   0.0000509951   0.0000766312   0.0000305083
47  4  -0.0000154040  -0.0000258951  -0.0000303624  -0.0000825741   0.0001197739
47  5  -0.0000129109   0.0000154155  -0.0000017238   0.0000127103  -0.0001138801
47  6  -0.0001627568  -0.0002384780  -0.0000041660   0.0000122509  -0.0000100226
47  7  -0.0000344838  -0.0001502659   0.0003222453  -0.0000056724   0.0000147418
47  8   0.0000086025   0.0022399021   0.0036878469   0.0027707208  -0.1193877126
47  9  -0.1174782288   0.0564626598  -0.0950551785  -0.1262636354  -0.0767228062
47 10   0.2789517476   0.3231602095  -0.0090403664  -0.0301025637  -0.0142411227
47 11   0.0050170912  -0.0333866559  -0.0815988615   0.0287994363  -0.0054274595
47 12   0.0035823841   0.0015305824   0.0022304981   0.0032728937  -0.0161042794
47 13  -0.0005262546  -0.0090320379  -0.0142621146   0.0062116156   0.0119255581
47 14   0.0203638192   0.0005266210  -0.0002835175  -0.0004272503  -0.0060597709
47 15   0.0031982554   0.0015761725
48  1  -0.0000026014  -0.0000111689  -0.0000152738  -0.0002683002   0.0001321148
48  2   0.0000131947  -0.0000271296   0.0001950788   0.0001743490   0.0000487717
48  3   0.0000168987  -0.0000329898   0.0002452494  -0.0000104849  -0.0000139380
48  4  -0.0002352849   0.0000283541  -0.0000263012   0.0000784756   0.0003429074
48  5  -0.0000942431   0.0000643665  -0.0000172250   0.0000460902  -0.0002346512
48  6   0.0000611149  -0.0003313091  -0.0000133113  -0.0000374135   0.0000030566
48  7  -0.0000198809  -0.0002750491   0.0001138130  -0.0000002325   0.0000202638
48  8   0.0000036298  -0.0218419652  -0.0154828081  -0.0148546970   0.0820018231
48  9   0.0564886495  -0.1023314423  -0.0545287116  -0.0407383426  -0.2007170952
48 10  -0.0250013211  -0.0090403664   0.6711095911  -0.0295241347  -0.0202163484
48 11   0.0609213039  -0.0043845084  -0.0073310001  -0.3300049678   0.0033920934
48 12   0.0022138450  -0.0001264205   0.0034757421   0.0022290335  -0.0136835744
48 13  -0.0195320242  -0.0147699978  -0.0550490756   0.0655859413   0.0456994466
48 14  -0.0154243225  -0.0006156885  -0.0004155947  -0.0009847375   0.0013372826
48 15   0.0009180923   0.0013053595
49  1   0.0000870992  -0.0001407820  -0.0001415387  -0.0000582468   0.0002421215
49  2   0.0000605717  -0.0001591162   0.0005794241  -0.0002865997  -0.0000545113
49  3  -0.0000478844   0.0000826508  -0.0002831662   0.0002805892  -0.0001683497
49  4  -0.0000596537  -0.0000118685  -0.0000175348  -0.0001845349  -0.0000787075
49  5   0.0000375853  -0.0000128148  -0.0000158578   0.0000024125  -0.0000875374
49  6  -0.0001002338   0.0000605122   0.0000057950   0.0000550940  -0.0000311577
49  7  -0.0001326873  -0.0000098216   0.0001079583  -0.0000182122  -0.0000834693
49  8   0.0000252967   0.0016869735  -0.0006839815  -0.0009418561   0.0009979144
49  9  -0.0046591232  -0.0027884920  -0.2220584385  -0.1125432593   0.0882781725
49 10  -0.0354167215  -0.0301025637  -0.0295241347   0.5140010686   0.2723139481
49 11   0.0236041065  -0.0186072152  -0.0066324726   0.0263390142  -0.1658348227
49 12  -0.0964617691  -0.1055810112  -0.0002340629   0.0003429395   0.0008262212
49 13  -0.1069517558  -0.0330398278  -0.0044238210   0.0326815391   0.0172526151
49 14  -0.0175355844   0.0009450628  -0.0010440009   0.0252724706  -0.0002519552
49 15  -0.0054111086  -0.0032568925
50  1   0.0000083130   0.0000174376  -0.0000301760   0.0000778000  -0.0005983945
50  2   0.0001950987   0.0005522441  -0.0003383224   0.0002214717  -0.0002166844
50  3   0.0001289911   0.0000867611   0.0001423806  -0.0004227608  -0.0000114700
50  4   0.0000271411  -0.0000098537   0.0000007243   0.0001118638   0.0003508823
50  5  -0.0002258687  -0.0000240332  -0.0000046208   0.0000052824  -0.0002276001
50  6   0.0001715853  -0.0001165790   0.0000014161   0.0000311200  -0.0000075332
50  7   0.0002131286  -0.0000174669  -0.0000850692  -0.0000283936  -0.0000188480
50  8   0.0000049673  -0.0000508962   0.0025339041  -0.0009494855  -0.0046723740
50  9   0.0042420890  -0.0020686844  -0.1139541947  -0.1396005041   0.0604065505
50 10  -0.0300839290  -0.0142411227  -0.0202163484   0.2723139481   0.3280213543
50 11   0.0282186654  -0.0066775378  -0.0125339184   0.0183736968  -0.0957050591
50 12  -0.1073281601  -0.0787463855   0.0003893693  -0.0005242168   0.0005877011
50 13  -0.0320891900  -0.0845814324  -0.0079159994   0.0169137967   0.0189177416
50 14  -0.0134311975  -0.0015287593   0.0022487692   0.0181011320  -0.0054927502
50 15   0.0035557472  -0.0023972545
51  1   0.0000616571  -0.0000505731  -0.0000733751  -0.0000056918   0.0001762278
51  2  -0.0000587135   0.0003334940  -0.0002049750   0.0004564816  -0.0000387968
51  3   0.0000620170  -0.0000532025  -0.0000226381  -0.0003854640  -0.0003968289
51  4   0.0000433929   0.0000266282  -0.0000623046  -0.0000667174  -0.0001055037
51  5  -0.0002142734  -0.0000727293   0.0000111671  -0.0000407482   0.0001588518
51  6  -0.0000291491   0.0000785231  -0.0000058895   0.0000157722  -0.0000020350
51  7  -0.0000831866   0.0000711678   0.0001133242  -0.0000160074  -0.0001222372
51  8  -0.0000110148   0.0251910531   0.0173463332  -0.0089096419  -0.0037512346
51  9  -0.0026873904  -0.0018592632   0.0359892872   0.0239771863  -0.1593678579
51 10   0.0064987694   0.0050170912   0.0609213039   0.0236041065   0.0282186654
51 11   0.6891135136   0.0260721369   0.0177605719  -0.0419283639  -0.1054498087
51 12  -0.0791968035  -0.1569533439   0.0008583409   0.0005580835  -0.0005721576
51 13   0.0477179486   0.0299218838  -0.3334061400  -0.0540921675  -0.0379125906
51 14  -0.0392186990  -0.0006031503  -0.0006247871  -0.0074798586  -0.0023210204
51 15  -0.0018433215  -0.0000753244
52  1   0.0000165547   0.0000133899   0.0000298220   0.0002510856   0.0001987525
52  2   0.0000424472  -0.0000848300  -0.0002116291  -0.0001306326  -0.0000154207
52  3  -0.0000098789  -0.0000047221  -0.0002116432   0.0002044128  -0.0000913916
52  4   0.0002671733   0.0000778170   0.0000843114  -0.0000352350   0.0005070393
52  5   0.0001100121   0.0000766666  -0.0001026469   0.0000979856  -0.0003306531
52  6  -0.0001632850  -0.0003589513   0.0000110588   0.0000282239  -0.0000195782
52  7   0.0001045826  -0.0000701114   0.0003193051   0.0000122317   0.0000474812
52  8   0.0000272164  -0.0002163240  -0.0055147082  -0.0032677882   0.0004503615
52  9  -0.0005174793   0.0254693852   0.0315317475   0.0171432386  -0.0175262596
52 10  -0.1061163111  -0.0333866559  -0.0043845084  -0.0186072152  -0.0066775378
52 11   0.0260721369   0.5166736526   0.2717752738   0.0241209442  -0.0002193361
52 12   0.0003320859   0.0008069438  -0.1678800642  -0.0947651776  -0.1063744230
52 13  -0.0352115236  -0.0307913041  -0.0299607896  -0.2230817009  -0.1132789689
52 14   0.0887669556   0.0009840946  -0.0044255828  -0.0027882316   0.0016310475
52 15  -0.0004127490  -0.0010401890
53  1  -0.0000085191  -0.0000062061  -0.0000011401  -0.0002011135  -0.0001282530
53  2   0.0000846383  -0.0000700201   0.0001552736   0.0000305292   0.0000168490
53  3   0.0000292418   0.0000191999   0.0001908065  -0.0001764339   0.0000483252
53  4  -0.0000508024  -0.0001504762  -0.0000301950  -0.0000373825   0.0002889540
53  5  -0.0000700066   0.0000458483  -0.0000039749   0.0000274999  -0.0001402613
53  6  -0.0000166105  -0.0001715227  -0.0000142072  -0.0000082792   0.0000005722
53  7   0.0000804988  -0.0001327558  -0.0000695033  -0.0000009132   0.0000196691
53  8   0.0000057934  -0.0055388752   0.0037395306  -0.0024362718  -0.0009996427
53  9   0.0014810198   0.0177339950   0.0167997241   0.0181641132  -0.0130749626
53 10  -0.0326012879  -0.0815988615  -0.0073310001  -0.0066324726  -0.0125339184
53 11   0.0177605719   0.2717752738   0.3203843325   0.0251962859   0.0004006569
53 12  -0.0004818883   0.0005711913  -0.0945743454  -0.1024659435  -0.0763101474
53 13  -0.0296920003  -0.0139988719  -0.0197154412  -0.1138081101  -0.1388767483
53 14   0.0606099293  -0.0046486652   0.0040430669  -0.0020064307  -0.0002910388
53 15   0.0022740198  -0.0008719101
54  1  -0.0000161417   0.0000612884   0.0000484145  -0.0000842161  -0.0003619480
54  2  -0.0000220546  -0.0000440164   0.0001146735   0.0000464163   0.0000296260
54  3  -0.0000804971  -0.0000945852  -0.0000287825   0.0000784367  -0.0000351713
54  4   0.0001415191  -0.0000407094   0.0001080590  -0.0001633030  -0.0005725173
54  5   0.0000368276  -0.0000052407  -0.0000005744  -0.0000284027   0.0003829193
54  6   0.0002368530   0.0004903667   0.0000122567   0.0000000060   0.0000014816
54  7   0.0001357469   0.0002239316  -0.0004586683   0.0000151574  -0.0000001920
54  8  -0.0000144598  -0.0022838383  -0.0017940530  -0.0000283329  -0.0006373781
54  9  -0.0006298429  -0.0073329490  -0.0538612604  -0.0384472187  -0.0394529942
54 10   0.0471859873   0.0287994363  -0.3300049678   0.0263390142   0.0183736968
54 11  -0.0419283639   0.0241209442   0.0251962859   0.6852396254   0.0008120385
54 12   0.0005537533  -0.0005822625  -0.1063346769  -0.0763555505  -0.1566213780
54 13   0.0061494203   0.0052579173   0.0608929547   0.0366190495   0.0246093016
54 14  -0.1595015951  -0.0036876782  -0.0026454693  -0.0018985405   0.0252028531
54 15   0.0174229921  -0.0088594200
55  1  -0.0000536251   0.0001382817   0.0001061650   0.0000666034  -0.0001452845
55  2   0.0000756467  -0.0000834439  -0.0002280170   0.0000415435  -0.0000279902
55  3   0.0000126934  -0.0000244272  -0.0000331111  -0.0000045840  -0.0001040593
55  4   0.0000510947  -0.0000033426   0.0000359308  -0.0000648629   0.0000516989
55  5   0.0000826160   0.0000159442  -0.0000142996   0.0000340969  -0.0000120164
55  6   0.0000201087  -0.0000474941  -0.0000044419  -0.0000184069   0.0000348825
55  7   0.0002426929   0.0000373088  -0.0000820749  -0.0000094710   0.0000137584
55  8  -0.0000114928  -0.0005544735   0.0024522067   0.0002189158  -0.0006702927
55  9  -0.0006482114  -0.0008522998  -0.0113973989  -0.0104366340  -0.0165047458
55 10  -0.0002957056  -0.0054274595   0.0033920934  -0.1658348227  -0.0957050591
55 11  -0.1054498087  -0.0002193361   0.0004006569   0.0008120385   0.1710234526
55 12   0.1076394757   0.1139312017  -0.0004471174   0.0006394123  -0.0001025365
55 13   0.0054372427   0.0018510625   0.0035172869   0.0035264549  -0.0028797679
55 14   0.0010750579  -0.0008446880   0.0022668540  -0.0004315049   0.0001893119
55 15  -0.0000124517   0.0002529685
56  1   0.0000242308  -0.0000173482  -0.0000267199   0.0001177320  -0.0000972289
56  2  -0.0000217289  -0.0000329542   0.0000962177  -0.0000710160   0.0000078130
56  3  -0.0000368450  -0.0000036705  -0.0000327114  -0.0000017142   0.0000418513
56  4  -0.0000026799  -0.0000115365  -0.0000016682   0.0000393491  -0.0000352250
56  5   0.0000132936  -0.0000086329  -0.0000052685  -0.0000115470  -0.0000175554
56  6   0.0000375989   0.0000824041   0.0000085731   0.0000035936  -0.0000105535
56  7  -0.0000511024  -0.0000329043  -0.0000262684   0.0000000186  -0.0000343609
56  8   0.0000013609   0.0023421461  -0.0021848764   0.0002549222  -0.0006292877
56  9  -0.0001829415  -0.0006044008  -0.0095547790  -0.0044681464  -0.0115104053
56 10  -0.0052545718   0.0035823841   0.0022138450  -0.0964617691  -0.1073281601
56 11  -0.0791968035   0.0003320859  -0.0004818883   0.0005537533   0.1076394757
56 12   0.1048236493   0.0855776101   0.0006164895  -0.0008742139  -0.0000464047
56 13   0.0013741263   0.0039731805   0.0021723939  -0.0027580938   0.0053991228
56 14   0.0007044236   0.0022980780  -0.0023093625  -0.0002605970   0.0000040195
56 15   0.0001862737   0.0001759258
57  1  -0.0000170661   0.0000059554   0.0000007101   0.0000825007  -0.0001242508
57  2   0.0001877953  -0.0000766028  -0.0000754274  -0.0000318771   0.0000288627
57  3   0.0000050836  -0.0000067535   0.0000052438   0.0000104796  -0.0000031110
57  4   0.0000407465  -0.0000011837   0.0000039221  -0.0000058030   0.0000142688
57  5  -0.0000188676   0.0000170312  -0.0000145663   0.0000323292   0.0000062749
57  6  -0.0000404058  -0.0001127848  -0.0000077744   0.0000052357  -0.0000067912
57  7   0.0001388202  -0.0000202306  -0.0000225471   0.0000003955   0.0000617042
57  8   0.0000195987  -0.0006023163  -0.0002618746   0.0008805200   0.0005888785
57  9   0.0003931490   0.0004045826   0.0095415714   0.0069664098   0.0113292002
57 10   0.0025059556   0.0015305824  -0.0001264205  -0.1055810112  -0.0787463855
57 11  -0.1569533439   0.0008069438   0.0005711913  -0.0005822625   0.1139312017
57 12   0.0855776101   0.1640973559  -0.0001124547  -0.0000384655   0.0000711926
57 13  -0.0224002466  -0.0164865635  -0.0138113646   0.0020179530   0.0011793013
57 14  -0.0056770602   0.0002648765   0.0003247277   0.0012303380  -0.0011739808
57 15  -0.0008363452  -0.0009043604
58  1  -0.0000035699   0.0000046497  -0.0000028636  -0.0000058486  -0.0000108564
58  2   0.0000227026   0.0000093636  -0.0000005164   0.0000068891  -0.0000061645
58  3   0.0000087892   0.0000060604   0.0000054499  -0.0000312147   0.0000071370
58  4  -0.0000147413   0.0000058524  -0.0000182716  -0.0000079655  -0.0000073869
58  5  -0.0000439814  -0.0000061794  -0.0000005204   0.0000056942   0.0000156560
58  6  -0.0000125129  -0.0000071487  -0.0000087186   0.0000105698  -0.0000028305
58  7   0.0000221149  -0.0000025226   0.0000110452  -0.0000052703   0.0000047269
58  8   0.0000020199   0.0001990661  -0.0000309449   0.0002604130  -0.0006786249
58  9   0.0021439793  -0.0004783833   0.0035140304  -0.0028253056   0.0010894642
58 10   0.0050597121   0.0022304981   0.0034757421  -0.0002340629   0.0003893693
58 11   0.0008583409  -0.1678800642  -0.0945743454  -0.1063346769  -0.0004471174
58 12   0.0006164895  -0.0001124547   0.1736442933   0.1057946021   0.1151753632
58 13  -0.0003076029  -0.0054312527   0.0034451562  -0.0117012349  -0.0100116952
58 14  -0.0167633013  -0.0006680787  -0.0006409804  -0.0008845175  -0.0004944424
58 15   0.0023705281   0.0002824013
59  1   0.0000075359   0.0000143209   0.0000127163   0.0000370226   0.0000116918
59  2   0.0000269229   0.0000482292   0.0000368262  -0.0000166176  -0.0000166531
59  3   0.0000037748  -0.0000014214  -0.0001968858  -0.0000447819  -0.0000347332
59  4   0.0000983805  -0.0000328779  -0.0000195113   0.0000357972   0.0000138747
59  5  -0.0000085626  -0.0000290926  -0.0000171285   0.0000165429   0.0000238895
59  6  -0.0000124425  -0.0000017879   0.0000090094   0.0000176575  -0.0000049636
59  7   0.0000283869   0.0000123880   0.0000397996   0.0000025200   0.0000145316
59  8   0.0000060455  -0.0000433687   0.0002282226   0.0001671721   0.0021551012
59  9  -0.0022495840  -0.0002743260  -0.0028388832   0.0055758973   0.0006101642
59 10   0.0019060907   0.0032728937   0.0022290335   0.0003429395  -0.0005242168
59 11   0.0005580835  -0.0947651776  -0.1024659435  -0.0763555505   0.0006394123
59 12  -0.0008742139  -0.0000384655   0.1057946021   0.1003033072   0.0827524844
59 13  -0.0054402906   0.0036846263   0.0022008117  -0.0095423273  -0.0045718150
59 14  -0.0114896312  -0.0006253321  -0.0001835681  -0.0005944361   0.0023690941
59 15  -0.0022134404   0.0002202302
60  1   0.0000010773   0.0000162640   0.0000080572   0.0000183911  -0.0000145936
60  2   0.0000069490   0.0000271117   0.0000007415  -0.0000051525  -0.0000330529
60  3   0.0000114231  -0.0000025264  -0.0000741494  -0.0000425332  -0.0000382608
60  4   0.0000167892  -0.0000186640   0.0000080173   0.0000186398   0.0000060111
60  5   0.0000275530  -0.0000101136   0.0000077422  -0.0000020697   0.0000115860
60  6  -0.0000027803  -0.0000028224   0.0000020190   0.0000037152   0.0000045551
60  7   0.0000154963   0.0000089545  -0.0000009507  -0.0000022761   0.0000021049
60  8  -0.0000017382  -0.0011760845  -0.0008432029  -0.0008969825   0.0003337399
60  9   0.0003167466   0.0012191325   0.0020765777   0.0012398873  -0.0056820515
60 10  -0.0226615897  -0.0161042794  -0.0136835744   0.0008262212   0.0005877011
60 11  -0.0005721576  -0.1063744230  -0.0763101474  -0.1566213780  -0.0001025365
60 12  -0.0000464047   0.0000711926   0.1151753632   0.0827524844   0.1636702798
60 13   0.0024639288   0.0016095963  -0.0000768289   0.0094440179   0.0067497944
60 14   0.0112864372   0.0005595629   0.0003975950   0.0003988383  -0.0005562963
60 15  -0.0003281559   0.0008854815
61  1  -0.0000344689   0.0000221567   0.0000536453  -0.0001753047  -0.0001514159
61  2  -0.0000523133  -0.0002244577   0.0001203731   0.0000349487  -0.0000185576
61  3  -0.0000325093  -0.0000010346  -0.0003108714   0.0004121164   0.0001744543
61  4  -0.0001059738  -0.0000655774   0.0000235861  -0.0000123825   0.0003750175
61  5   0.0001562441   0.0000607026  -0.0000059175  -0.0000124622  -0.0001411656
61  6   0.0002191561   0.0000128501   0.0000022291  -0.0002084427   0.0000878271
61  7  -0.0000662318   0.0000091287  -0.0002636693   0.0000104996  -0.0000229598
61  8  -0.0000352791  -0.0012265118  -0.0060096832   0.0023239192   0.0000896532
61  9   0.0005037223  -0.0006335440   0.0153999507   0.0058580185   0.0294323980
61 10  -0.0092291354  -0.0005262546  -0.0195320242  -0.1069517558  -0.0320891900
61 11   0.0477179486  -0.0352115236  -0.0296920003   0.0061494203   0.0054372427
61 12   0.0013741263  -0.0224002466  -0.0003076029  -0.0054402906   0.0024639288
61 13   0.5242541834   0.2794352027  -0.0255418535  -0.1927951214  -0.0948033017
61 14  -0.1059867971  -0.2044617019  -0.1216660270   0.0815422024   0.0060183053
61 15   0.0023845516   0.0042858510
62  1  -0.0000365637   0.0000317308   0.0000322603  -0.0001367383   0.0002452822
62  2   0.0000379018   0.0002644682  -0.0001537591   0.0004627009   0.0000044985
62  3  -0.0000056633  -0.0000074688   0.0004202383  -0.0005433581  -0.0005212529
62  4  -0.0001394115   0.0000434810   0.0000527181   0.0002313272  -0.0003380580
62  5  -0.0000148197  -0.0000347656   0.0001063761  -0.0000624357   0.0002651266
62  6  -0.0003409002  -0.0001241566  -0.0000290825  -0.0000271817   0.0000399233
62  7  -0.0000054073   0.0001163188   0.0000673556  -0.0000107902  -0.0000083977
62  8  -0.0000207541  -0.0061075064   0.0031813180   0.0015265066   0.0005664898
62  9  -0.0003777544  -0.0004450129   0.0064551677   0.0123124960   0.0207011034
62 10  -0.0005221724  -0.0090320379  -0.0147699978  -0.0330398278  -0.0845814324
62 11   0.0299218838  -0.0307913041  -0.0139988719   0.0052579173   0.0018510625
62 12   0.0039731805  -0.0164865635  -0.0054312527   0.0036846263   0.0016095963
62 13   0.2794352027   0.3332100755  -0.0116611388  -0.0947177826  -0.1283594487
62 14  -0.0767583160  -0.1207200364  -0.1233674116   0.0582324773   0.0022290600
62 15   0.0042293899   0.0029295721
63  1   0.0000109617  -0.0000336252  -0.0000294285  -0.0001521108   0.0000739252
63  2   0.0000087032   0.0001459739   0.0001495217  -0.0004237577   0.0000902692
63  3  -0.0000435412   0.0000146713  -0.0001684179   0.0005006557   0.0000668495
63  4  -0.0000745942  -0.0000315701  -0.0000073765  -0.0002544240  -0.0000941395
63  5   0.0000946197   0.0000302344  -0.0000161338  -0.0000024814   0.0001320883
63  6  -0.0000931033   0.0000091549  -0.0000094123   0.0000656231  -0.0000566053
63  7  -0.0000305760  -0.0000146033   0.0000371526   0.0000039617   0.0000664400
63  8   0.0000250516   0.0013695622   0.0009879279   0.0012743418  -0.0006596148
63  9  -0.0004158515  -0.0009948532   0.0658961766   0.0450923310  -0.0151830467
63 10  -0.0192759533  -0.0142621146  -0.0550490756  -0.0044238210  -0.0079159994
63 11  -0.3334061400  -0.0299607896  -0.0197154412   0.0608929547   0.0035172869
63 12   0.0021723939  -0.0138113646   0.0034451562   0.0022008117  -0.0000768289
63 13  -0.0255418535  -0.0116611388   0.6744371232  -0.0537344823  -0.0401432314
63 14  -0.2003844345   0.0814503710   0.0585594006  -0.1025332467  -0.0218059920
63 15  -0.0154285377  -0.0149019829
64  1  -0.0000159722   0.0000458202   0.0000271110   0.0001551304  -0.0002874195
64  2  -0.0000210077  -0.0001898849  -0.0000866767  -0.0000170019  -0.0000624658
64  3   0.0000434370  -0.0000097805   0.0000278414   0.0002362756   0.0002375484
64  4  -0.0000472352   0.0000298696  -0.0000199970  -0.0000663215   0.0000553137
64  5  -0.0000351863   0.0000006694  -0.0000388281   0.0000448405  -0.0000811119
64  6   0.0000422674   0.0001622435  -0.0000059553   0.0000294933  -0.0000162390
64  7   0.0000402580  -0.0000825983  -0.0001554764   0.0000036687   0.0000110857
64  8   0.0000109783  -0.0010944680  -0.0003038304  -0.0001897936   0.0038098197
64  9  -0.0026140060  -0.0003818325  -0.0464370062  -0.0264261047  -0.0065230681
64 10   0.0144738276   0.0062116156   0.0655859413   0.0326815391   0.0169137967
64 11  -0.0540921675  -0.2230817009  -0.1138081101   0.0366190495   0.0035264549
64 12  -0.0027580938   0.0020179530  -0.0117012349  -0.0095423273   0.0094440179
64 13  -0.1927951214  -0.0947177826  -0.0537344823   0.4865426486   0.2499525698
64 14  -0.0104792892  -0.0116081170  -0.0100851667  -0.0154226548  -0.0540752626
64 15  -0.0128206006   0.0269482933
65  1  -0.0000191406   0.0000161049  -0.0000124031  -0.0003178623  -0.0004080112
65  2  -0.0000049291  -0.0001492195   0.0003759968   0.0000985995   0.0000532879
65  3  -0.0000409544  -0.0000220810   0.0003407030  -0.0002632354   0.0000717775
65  4  -0.0001575338   0.0000081995  -0.0000499171   0.0000216356  -0.0012781748
65  5  -0.0000839625  -0.0000876565   0.0000970567  -0.0001074809   0.0005306774
65  6   0.0003289837   0.0005449330  -0.0000006865   0.0000125555   0.0000007770
65  7   0.0000729535   0.0001181326  -0.0004643964  -0.0000072824  -0.0000045744
65  8  -0.0000205268  -0.0002536788  -0.0009671790  -0.0001031463  -0.0025762392
65  9   0.0056192375  -0.0005067873  -0.0264209266  -0.0267862196  -0.0045194048
65 10   0.0055070132   0.0119255581   0.0456994466   0.0172526151   0.0189177416
65 11  -0.0379125906  -0.1132789689  -0.1388767483   0.0246093016  -0.0028797679
65 12   0.0053991228   0.0011793013  -0.0100116952  -0.0045718150   0.0067497944
65 13  -0.0948033017  -0.1283594487  -0.0401432314   0.2499525698   0.3079665925
65 14  -0.0004974523  -0.0101451011  -0.0045709882  -0.0109443755  -0.0126223943
65 15  -0.0446579332   0.0164387542
66  1   0.0000117618   0.0000440573   0.0000501332   0.0000715624  -0.0000484699
66  2  -0.0000945639  -0.0000486038   0.0001444635  -0.0002482106  -0.0000917993
66  3  -0.0000043539   0.0000117840  -0.0001610857   0.0000446002   0.0000480231
66  4   0.0001642715  -0.0000745825   0.0000487676   0.0000840500   0.0001441271
66  5   0.0004929652  -0.0000652682   0.0000642476  -0.0000625258  -0.0001659435
66  6   0.0000690496   0.0000028179   0.0000496010  -0.0000074115   0.0000327548
66  7  -0.0000288694   0.0000001736  -0.0000556467   0.0000107575  -0.0000153879
66  8  -0.0000154586  -0.0002052122  -0.0001242306   0.0007499089   0.0005886488
66  9   0.0001338866  -0.0061211663  -0.0060401761  -0.0040007735  -0.0001997916
66 10   0.0292928890   0.0203638192  -0.0154243225  -0.0175355844  -0.0134311975
66 11  -0.0392186990   0.0887669556   0.0606099293  -0.1595015951   0.0010750579
66 12   0.0007044236  -0.0056770602  -0.0167633013  -0.0114896312   0.0112864372
66 13  -0.1059867971  -0.0767583160  -0.2003844345  -0.0104792892  -0.0004974523
66 14   0.7318337557   0.0105572391   0.0076160222   0.0116373612   0.0268991357
66 15   0.0165130070  -0.3291912341
67  1   0.0000155753  -0.0000166135  -0.0000398868  -0.0000186602   0.0000409659
67  2  -0.0000038460  -0.0000540902   0.0000368275  -0.0000594794   0.0000396048
67  3  -0.0000019418  -0.0000414246  -0.0000947835  -0.0001584212   0.0000962423
67  4   0.0000611749   0.0000056045   0.0000136275  -0.0000403725  -0.0001484337
67  5  -0.0001336344  -0.0000636304   0.0000291918  -0.0000373428   0.0002387323
67  6  -0.0000735302  -0.0001281505  -0.0000103465   0.0001143712  -0.0000279417
67  7   0.0001164537  -0.0000025692   0.0002370430  -0.0000146488  -0.0000025908
67  8  -0.0000097438  -0.0000260222  -0.0001832156  -0.0000936714  -0.0004886674
67  9   0.0006306215   0.0000613028   0.0037970220  -0.0026288254   0.0005823446
67 10   0.0001017337   0.0005266210  -0.0006156885   0.0009450628  -0.0015287593
67 11  -0.0006031503   0.0009840946  -0.0046486652  -0.0036876782  -0.0008446880
67 12   0.0022980780   0.0002648765  -0.0006680787  -0.0006253321   0.0005595629
67 13  -0.2044617019  -0.1207200364   0.0814503710  -0.0116081170  -0.0101451011
67 14   0.0105572391   0.2127130288   0.1348005013  -0.0880977890  -0.0006186756
67 15   0.0024012532  -0.0002431821
68  1  -0.0000027171   0.0000015046   0.0000167492   0.0000500277   0.0000338197
68  2  -0.0000439256  -0.0000095503  -0.0000341612  -0.0000517104  -0.0000032727
68  3  -0.0000150218   0.0000018573  -0.0000759225   0.0000526367   0.0000466384
68  4   0.0000057859  -0.0000198534   0.0000002134   0.0000778016  -0.0000217562
68  5   0.0000667447  -0.0000028581  -0.0000042753  -0.0000055564   0.0000823423
68  6  -0.0001278749   0.0000258048   0.0000058260  -0.0000410916   0.0000260096
68  7  -0.0000903659  -0.0000006747  -0.0000174665   0.0000122394  -0.0000127510
68  8  -0.0000047647  -0.0001179414   0.0001114724  -0.0000889796   0.0006046402
68  9  -0.0008976184   0.0000592947  -0.0025160990   0.0054329234   0.0000469444
68 10   0.0004688817  -0.0002835175  -0.0004155947  -0.0010440009   0.0022487692
68 11  -0.0006247871  -0.0044255828   0.0040430669  -0.0026454693   0.0022668540
68 12  -0.0023093625   0.0003247277  -0.0006409804  -0.0001835681   0.0003975950
68 13  -0.1216660270  -0.1233674116   0.0585594006  -0.0100851667  -0.0045709882
68 14   0.0076160222   0.1348005013   0.1221496529  -0.0631602578   0.0023055847
68 15  -0.0021839195  -0.0001294898
69  1   0.0000087237   0.0000070988   0.0000041299   0.0000469710   0.0000555066
69  2  -0.0000824066   0.0000062926  -0.0000038597  -0.0000460037  -0.0000366882
69  3   0.0000030076   0.0000117917  -0.0000106940  -0.0000441878  -0.0000120647
69  4  -0.0000204263   0.0000006160  -0.0000033112   0.0000332321   0.0001033430
69  5   0.0000728933  -0.0000358111   0.0000030617  -0.0000336786  -0.0001194108
69  6   0.0000367931   0.0000978884   0.0000200434   0.0000025812   0.0000166780
69  7  -0.0000689424   0.0000332735  -0.0000591269  -0.0000037158  -0.0000554604
69  8  -0.0000131007   0.0013409849   0.0009128410  -0.0005936711   0.0000676158
69  9   0.0000542923   0.0001191012  -0.0003615330  -0.0004512303  -0.0060936365
69 10  -0.0006098278  -0.0004272503  -0.0009847375   0.0252724706   0.0181011320
69 11  -0.0074798586  -0.0027882316  -0.0020064307  -0.0018985405  -0.0004315049
69 12  -0.0002605970   0.0012303380  -0.0008845175  -0.0005944361   0.0003988383
69 13   0.0815422024   0.0582324773  -0.1025332467  -0.0154226548  -0.0109443755
69 14   0.0116373612  -0.0880977890  -0.0631602578   0.1052777194   0.0005532109
69 15   0.0004020616   0.0009666438
70  1  -0.0000100801   0.0000015671  -0.0000000108  -0.0000391195  -0.0000329483
70  2  -0.0000172235  -0.0000167011  -0.0000167758   0.0000537076   0.0000114662
70  3  -0.0000087210  -0.0000152405   0.0000418687  -0.0000334351  -0.0000366186
70  4  -0.0000399680  -0.0000020964   0.0000371849   0.0000015533  -0.0000665662
70  5   0.0000787000   0.0000021995   0.0000757512  -0.0000581176   0.0000635983
70  6   0.0000397188  -0.0000133884  -0.0000038661  -0.0000271049   0.0000116244
70  7  -0.0000116814   0.0000163779  -0.0000562236  -0.0000042348  -0.0000045119
70  8  -0.0000143041  -0.0003458331   0.0007080004   0.0000104407  -0.0000188020
70  9  -0.0001726911   0.0013315554  -0.0010581683  -0.0002725280  -0.0002036605
70 10  -0.0012393814  -0.0060597709   0.0013372826  -0.0002519552  -0.0054927502
70 11  -0.0023210204   0.0016310475  -0.0002910388   0.0252028531   0.0001893119
70 12   0.0000040195  -0.0011739808  -0.0004944424   0.0023690941  -0.0005562963
70 13   0.0060183053   0.0022290600  -0.0218059920  -0.0540752626  -0.0126223943
70 14   0.0268991357  -0.0006186756   0.0023055847   0.0005532109   0.0502688207
70 15   0.0173541591  -0.0292436183
71  1  -0.0000025325   0.0000106330   0.0000194261   0.0000409854   0.0000122803
71  2   0.0000362077  -0.0000061148  -0.0000113553  -0.0000039709  -0.0000142360
71  3  -0.0000015732   0.0000174177  -0.0000016881   0.0000975357   0.0000270061
71  4   0.0000239326  -0.0000050613  -0.0000097488  -0.0000540801   0.0000889848
71  5  -0.0001043364   0.0000853788  -0.0001017276   0.0001008219  -0.0000789750
71  6  -0.0000077108   0.0000102875  -0.0000055897  -0.0000164138  -0.0000078607
71  7   0.0000019069  -0.0000130625   0.0000267199   0.0000126707   0.0000106356
71  8   0.0000157432   0.0007107507  -0.0008588015   0.0000274922  -0.0002059725
71  9   0.0001647048   0.0009319310  -0.0003464317  -0.0009052351  -0.0001389036
71 10  -0.0060135865   0.0031982554   0.0009180923  -0.0054111086   0.0035557472
71 11  -0.0018433215  -0.0004127490   0.0022740198   0.0174229921  -0.0000124517
71 12   0.0001862737  -0.0008363452   0.0023705281  -0.0022134404  -0.0003281559
71 13   0.0023845516   0.0042293899  -0.0154285377  -0.0128206006  -0.0446579332
71 14   0.0165130070   0.0024012532  -0.0021839195   0.0004020616   0.0173541591
71 15   0.0371477738  -0.0177680255
72  1  -0.0000055564   0.0000224772   0.0000204179   0.0000476643  -0.0000048448
72  2   0.0000638252  -0.0000001347  -0.0000112760  -0.0000163429  -0.0000270994
72  3   0.0000137077   0.0000315752   0.0000143018   0.0000344955   0.0000029256
72  4   0.0000176903   0.0000125732  -0.0000398760  -0.0000457018   0.0000817106
72  5  -0.0001230431   0.0000607405  -0.0000932415   0.0001115960  -0.0000693482
72  6  -0.0000242250  -0.0000037987  -0.0000093756  -0.0000128260  -0.0000023680
72  7   0.0000266438  -0.0000067152   0.0000366973   0.0000039776   0.0000114310
72  8   0.0000121073   0.0000186193   0.0000273116  -0.0000806048  -0.0001014781
72  9  -0.0000819596  -0.0005867435  -0.0002252478  -0.0001425936   0.0007423872
72 10   0.0023086719   0.0015761725   0.0013053595  -0.0032568925  -0.0023972545
72 11  -0.0000753244  -0.0010401890  -0.0008719101  -0.0088594200   0.0002529685
72 12   0.0001759258  -0.0009043604   0.0002824013   0.0002202302   0.0008854815
72 13   0.0042858510   0.0029295721  -0.0149019829   0.0269482933   0.0164387542
72 14  -0.3291912341  -0.0002431821  -0.0001294898   0.0009666438  -0.0292436183
72 15  -0.0177680255   0.3506060822
$end
