$vibrational normal modes
 1  1  -0.0774973239  -0.0068506418  -0.0972883849   0.1418035632  -0.3292156248
 1  2  -0.0278539852  -0.0341791045   0.2335196385   0.0205617759  -0.0486453226
 1  3  -0.1959317026  -0.0417182144  -0.0872819420  -0.1839578395   0.2160260106
 1  4   0.0544368707   0.1256295610  -0.1302895735  -0.0564255713   0.0551669327
 1  5   0.1637290419   0.1659318978  -0.1796849718   0.0759164661  -0.2104314945
 1  6   0.0758710428  -0.0707077177  -0.2283120266   0.1020125832  -0.1466277867
 1  7  -0.0792106145  -0.2795809346  -0.1262551360  -0.1719076572  -0.0321584624
 1  8   0.0260477269  -0.0258824366  -0.0227998500  -0.1298435050  -0.2774990362
 1  9   0.0756134426  -0.3063256636   0.1682536456   0.2867776420   0.2410584747
 1 10   0.2642836646  -0.2821812885  -0.0342911843  -0.1543894395  -0.1481829408
 1 11  -0.2119808703  -0.2445707732   0.1624995738   0.2447719795  -0.3113894067
 1 12  -0.0604658569   0.0431797014  -0.2479046806   0.2115166325  -0.0692203732
 1 13   0.0235386092  -0.0685670469  -0.0500203661   0.0825743060   0.0061605757
 1 14   0.0125097830   0.0571674020  -0.0490550292   0.0310958657   0.0427682523
 1 15   0.0379022866  -0.0335262903
 2  1   0.1930901038   0.1152740322   0.1315847998   0.0208027686  -0.0585162008
 2  2   0.0992890053  -0.3200515612  -0.0600475425  -0.2092915755   0.0247777998
 2  3   0.2732253617   0.0374451271   0.1237035051   0.2632727042  -0.3073660782
 2  4  -0.0789858925   0.0889730885  -0.0898951025  -0.0412530769   0.0365486836
 2  5  -0.2337929519  -0.2362263050   0.2560799471  -0.1085644229   0.3021334720
 2  6  -0.1072989494   0.1004633862   0.3239118684  -0.1493167006   0.2122266873
 2  7   0.1176743965   0.4018142282   0.1779594226   0.2417017312  -0.0248551148
 2  8   0.0201710083  -0.0366899394  -0.0407493837  -0.0873954103  -0.1939366823
 2  9   0.0520261746  -0.2153451891   0.1172177481   0.1970667104   0.1701903421
 2 10   0.1819943397  -0.1954682055  -0.0247230445  -0.1102382586  -0.1093096084
 2 11  -0.1486200043  -0.1716409518   0.1124365701   0.1718681509  -0.2179306319
 2 12  -0.0431339533   0.0293357158  -0.1745318031   0.1475850247  -0.0490791307
 2 13   0.0180684238  -0.0525678238  -0.0383351810   0.0632841189   0.0047885348
 2 14   0.0099149806   0.0434241793  -0.0375998883   0.0238303156   0.0330136353
 2 15   0.0290003654  -0.0254687033
 3  1  -0.0458211044  -0.0936336859   0.0311617777  -0.1155066763  -0.0101193406
 3  2  -0.2076973107  -0.0159216278  -0.0777123604  -0.0009042332  -0.0019248340
 3  3  -0.0050836474  -0.0012654871  -0.0014558880  -0.0023550851   0.0032986264
 3  4   0.0006455824  -0.0493992940  -0.1587373519   0.2373920622   0.1998683875
 3  5   0.0019272582   0.0022073451  -0.0029406372   0.0006730246  -0.0028802469
 3  6   0.0002676168  -0.0016091815  -0.0033864089  -0.0000653861   0.0007169525
 3  7  -0.0019787880  -0.0040472024  -0.0053840190  -0.0067752213  -0.2146260322
 3  8   0.2102501405  -0.2001478930  -0.1870400095  -0.0591329838   0.0766201451
 3  9   0.0635491160   0.1183020401  -0.0427683676  -0.0720979566  -0.0600788625
 3 10  -0.0686423762   0.0696714041   0.0122451122   0.0380770034   0.0375575094
 3 11   0.0540134996   0.0623845507  -0.1143418719  -0.0202716984   0.0829761788
 3 12  -0.0623542200  -0.1308997831   0.0282607787  -0.0794920337  -0.0915961849
 3 13   0.1422785623  -0.4141228794  -0.3030622874   0.5014766250   0.0467680449
 3 14   0.0846917432   0.3397275523  -0.2904070239   0.1993824694   0.2769757299
 3 15   0.2251056184  -0.1984086317
 4  1  -0.0853250803   0.0506761489  -0.0500910339   0.1398336075  -0.2255559661
 4  2  -0.0583594922  -0.0187435672   0.1319586712  -0.0018479396  -0.0297144993
 4  3  -0.1100085566  -0.0586062561  -0.0412305517  -0.0833346214   0.0994582335
 4  4   0.0241472181  -0.0867095249   0.0340200658   0.0961471264   0.0213316628
 4  5  -0.0141556448  -0.0135915332  -0.1135470664   0.0472701358   0.0320812213
 4  6  -0.0114560048   0.0104394320   0.0342355106  -0.0172007942   0.0235421812
 4  7   0.0157127621   0.0527811382   0.0165602712   0.0222693612  -0.0317887396
 4  8   0.0297849460  -0.0350419427  -0.0331850615  -0.0303323209  -0.0423239623
 4  9   0.0213715602  -0.0425796631   0.0119946934   0.0209999690   0.0274537208
 4 10   0.0278671366  -0.0315543244  -0.0026376600   0.1800010310   0.1653814478
 4 11   0.0317988029   0.0371713387  -0.0563070090  -0.0599620647   0.0859062281
 4 12   0.0031218653  -0.0673723200   0.1856191489  -0.1735342018   0.0243171495
 4 13  -0.0020661633   0.0059908181   0.0043477158  -0.0069971934   0.0004981550
 4 14  -0.0002106531  -0.0057969924   0.0051089123  -0.0017624483  -0.0021975167
 4 15  -0.0039598427   0.0035762273
 5  1   0.1817833435   0.1019189925   0.0775051545   0.0041840405  -0.0513756891
 5  2   0.0336764397  -0.1799696428  -0.0339090726  -0.1797128919  -0.0000294722
 5  3   0.1513314674   0.0621256458   0.0578087281   0.1193585029  -0.1412895105
 5  4  -0.0345970625  -0.0613956194   0.0212201034   0.0688611254   0.0169460995
 5  5   0.0200587414   0.0189975155   0.1617496081  -0.0674443099  -0.0452023054
 5  6   0.0166916645  -0.0149540646  -0.0490503606   0.0235970625  -0.0321564675
 5  7  -0.0216809156  -0.0735667030  -0.0247524498  -0.0329578880  -0.0256454633
 5  8   0.0243045122  -0.0247423963  -0.0225110910  -0.0234156178  -0.0293651275
 5  9   0.0163384063  -0.0290147382   0.0088475759   0.0154962015   0.0189448257
 5 10   0.0201842105  -0.0222147162  -0.0020781735   0.1265547233   0.1172354535
 5 11   0.0224109330   0.0262157412  -0.0403899946  -0.0415953453   0.0603318087
 5 12   0.0014607428  -0.0490128505   0.1295418048  -0.1219161481   0.0157054847
 5 13  -0.0015864570   0.0045631946   0.0033406797  -0.0053600980   0.0003315540
 5 14  -0.0002586251  -0.0043622300   0.0038883590  -0.0014170020  -0.0018403525
 5 15  -0.0030139762   0.0026743286
 6  1  -0.0431048707  -0.1014265973   0.0302088851  -0.1130853472  -0.0280988341
 6  2  -0.1943930713  -0.0361001386  -0.0642654031  -0.0009044490  -0.0019307063
 6  3  -0.0037784113  -0.0015244403  -0.0006666021  -0.0008514125   0.0015140029
 6  4  -0.0000245914   0.0043304450  -0.2008220357   0.1994743041   0.2090084109
 6  5  -0.0007631907  -0.0004658532  -0.0018983291   0.0002684359   0.0008343382
 6  6  -0.0008114362  -0.0003663713   0.0005477485  -0.0021815048   0.0036544673
 6  7   0.0001155054   0.0010665899  -0.0032420710  -0.0042397481  -0.1965343207
 6  8   0.1917011229  -0.2028750742  -0.1905850113  -0.0774783888   0.0167233251
 6  9   0.0715739571   0.0486913716  -0.0032749584  -0.0054686286  -0.0057046481
 6 10  -0.0094322092   0.0065693359   0.0040851976  -0.0467052947  -0.0427381653
 6 11  -0.0077493857  -0.0090532010  -0.0458785832   0.0493059027  -0.0182429850
 6 12  -0.0643758762  -0.0917193858  -0.0782689165   0.0201899766  -0.1048217256
 6 13  -0.0118230378   0.0344574392   0.0258240616  -0.0428377685  -0.0043665018
 6 14  -0.0075087798  -0.0302721642   0.0257783185  -0.0181563193  -0.0252481612
 6 15  -0.0206363603   0.0182398070
 7  1  -0.0949477771   0.0782485865  -0.0304964924   0.0860841562  -0.1750447155
 7  2  -0.0440863959  -0.0118152189   0.0912224400  -0.1019287142   0.0660421926
 7  3  -0.0816825732  -0.1435021924  -0.0607956873   0.0789966798  -0.0331098686
 7  4  -0.0919430930  -0.1104749017  -0.0171978144   0.1840848602   0.0911348853
 7  5  -0.0138198563  -0.0143671068   0.1124364272  -0.0464786699   0.0297341811
 7  6   0.0206270806  -0.0243810154   0.0219484982  -0.0131661763   0.0303637483
 7  7  -0.0155887609  -0.0454371371  -0.0261728547  -0.0368807563   0.1232771987
 7  8  -0.1152795965  -0.1236192552  -0.1179423389   0.0640163107   0.0225382486
 7  9  -0.0533094625   0.0064735341  -0.0070431112  -0.0122575187  -0.0004043791
 7 10  -0.0257286576  -0.0010904535   0.0224967212  -0.1212825091  -0.1104681279
 7 11   0.0210300526   0.0238592589   0.0654452980  -0.0299476495  -0.0102263572
 7 12   0.0646068557   0.1095655734  -0.0997066426   0.1255716494   0.0450345109
 7 13  -0.0040517125   0.0124607256   0.0059552296  -0.0132712061  -0.0196256939
 7 14  -0.0174574464   0.0217872382  -0.0204730080  -0.0033371259  -0.0069249886
 7 15   0.0202989225  -0.0189154014
 8  1   0.1861768591   0.0908902664   0.0550023683   0.0720885760  -0.0595883391
 8  2  -0.0311509195  -0.1238461433  -0.0248479248  -0.0392683853  -0.1342545207
 8  3   0.1104774593   0.1829541495   0.0860215679  -0.1104433522   0.0462028652
 8  4   0.1292066604  -0.0769172883  -0.0141125213   0.1294640402   0.0650464858
 8  5   0.0195257202   0.0199372828  -0.1577723080   0.0654705856  -0.0421357951
 8  6  -0.0279694124   0.0345519113  -0.0301038982   0.0159852015  -0.0386356653
 8  7   0.0227686801   0.0608375371   0.0323427028   0.0454396090   0.0843835431
 8  8  -0.0784095768  -0.0957991600  -0.0934983532   0.0449673447   0.0147092910
 8  9  -0.0388003204   0.0024647158  -0.0054266177  -0.0096422663   0.0002572288
 8 10  -0.0188795356  -0.0010495301   0.0168236057  -0.0885882807  -0.0802326630
 8 11   0.0152410264   0.0173129578   0.0464966850  -0.0223204633  -0.0063788975
 8 12   0.0466883464   0.0804614861  -0.0701670291   0.0901414359   0.0338720849
 8 13  -0.0028806029   0.0088757608   0.0042193799  -0.0094394063  -0.0139672040
 8 14  -0.0124261214   0.0155274087  -0.0145538064  -0.0023679396  -0.0049107048
 8 15   0.0144200723  -0.0134416185
 9  1  -0.0270855837  -0.1500687298   0.0214060939  -0.0997918082  -0.1382762342
 9  2  -0.1157087083  -0.1520416345   0.0201761213  -0.0003045266  -0.0023213437
 9  3  -0.0032516197  -0.0031308840  -0.0008617441   0.0014847158  -0.0008655751
 9  4  -0.0020303440   0.1818762213  -0.1275366160  -0.1426689117   0.0150737660
 9  5  -0.0005621179  -0.0002358071   0.0015122764  -0.0010220866   0.0001166452
 9  6   0.0002828128  -0.0009285595   0.0002066583   0.0012053285  -0.0013723815
 9  7  -0.0006833333  -0.0003407433   0.0012711723   0.0018067594  -0.1308727312
 9  8   0.1199054565   0.1402061462   0.1343033144  -0.0150160664  -0.0653453533
 9  9   0.0041874765  -0.0764055525  -0.0106473775  -0.0186898719  -0.0030810774
 9 10  -0.0375828931   0.0024934951   0.0307401411  -0.1685525940  -0.1544865653
 9 11   0.0294311946   0.0334402933  -0.0022482700  -0.0825011661   0.0751461207
 9 12   0.0557299618   0.1966093257   0.0272625112   0.0654923028   0.1663179698
 9 13   0.0046058496  -0.0141764985  -0.0073758182   0.0159730525   0.0209293588
 9 14   0.0187619021  -0.0216231724   0.0205847401   0.0057228948   0.0104098211
 9 15  -0.0230778337   0.0215093397
10  1  -0.0946813179   0.0422843447  -0.0623888492   0.0456961823  -0.2391978439
10  2  -0.0022415179  -0.0209436518   0.1614401509  -0.1594849798   0.1223513548
10  3  -0.1455788309  -0.1957002538  -0.1351033668   0.1711846743  -0.0755469722
10  4  -0.2013837497  -0.1707155901   0.1299474625   0.1259260363  -0.0244136940
10  5   0.1699637642   0.1663251844   0.1947981419  -0.0811467635  -0.2023035520
10  6  -0.1312330152   0.1635296044  -0.1460906306   0.0547441205  -0.1327695927
10  7   0.0843722116   0.2374074117   0.1589576453   0.2254525578   0.1325661513
10  8  -0.1269478397  -0.1547548683  -0.1533824961   0.1856409318  -0.0675495178
10  9  -0.1800060002  -0.1490823676  -0.1062549808  -0.1817194454  -0.0058922942
10 10  -0.2421497504  -0.0010048839   0.2077176946   0.1062743453   0.0977221934
10 11  -0.1430286301  -0.1645807772  -0.0574384414   0.1923826476  -0.1406122271
10 12  -0.1705383808  -0.1819439897  -0.0323201540  -0.0558878265  -0.1580519422
10 13   0.0504209965  -0.1543084936  -0.0750935486   0.1642145344   0.2293861865
10 14   0.2044620662  -0.2383388425   0.2251474136   0.0458110259   0.0895881923
10 15  -0.2263547111   0.2110643064
11  1   0.2008499045   0.0956715961   0.0915089588   0.1412035154  -0.0730627661
11  2  -0.0158968575  -0.2201672217  -0.0441316221   0.0425513612  -0.2139791556
11  3   0.2002976307   0.2544505944   0.1906462592  -0.2389905540   0.1033960337
11  4   0.2822484748  -0.1256615115   0.0965811272   0.0849279125  -0.0218573847
11  5  -0.2361360393  -0.2316332882  -0.2736418662   0.1143239115   0.2801669036
11  6   0.1867404805  -0.2281935756   0.2047670557  -0.0755724184   0.1911527183
11  7  -0.1187858077  -0.3370494448  -0.2288475531  -0.3235359933   0.0977257259
11  8  -0.0962677335  -0.0519295818  -0.0428977288   0.1328077462  -0.0484323088
11  9  -0.1195362471  -0.1018338044  -0.0753257359  -0.1273774784  -0.0054215418
11 10  -0.1731325672  -0.0014452651   0.1474785077   0.0811577301   0.0728291529
11 11  -0.1023367271  -0.1179262985  -0.0410728472   0.1381915635  -0.1009028915
11 12  -0.1242506721  -0.1329589356  -0.0210385855  -0.0424110846  -0.1131094257
11 13   0.0359066647  -0.1102533067  -0.0534245465   0.1174257762   0.1638734779
11 14   0.1459175326  -0.1704210926   0.1606266736   0.0328475408   0.0640007170
11 15  -0.1617307073   0.1507474691
12  1  -0.0172738651  -0.1798195418   0.0160645162  -0.0916340729  -0.2056940818
12  2  -0.0675184808  -0.2236106927   0.0716225290   0.0005247447  -0.0030827924
12  3  -0.0026687158  -0.0037034568  -0.0001722820   0.0016240436  -0.0022200916
12  4  -0.0018191479   0.0933561114   0.0797524057  -0.2231103365  -0.1466492035
12  5   0.0003446184   0.0007265392   0.0009637173  -0.0007205461  -0.0011589382
12  6   0.0016093451  -0.0004199994  -0.0003844829   0.0032874120  -0.0003998209
12  7  -0.0014083798  -0.0013111354   0.0001406694   0.0006671761  -0.1406364260
12  8   0.1226916614   0.1370583091   0.1321165344   0.1457937566  -0.1958220488
12  9  -0.1588772291  -0.2925797657  -0.1470027856  -0.2503984996  -0.0117055017
12 10  -0.3358525360   0.0022641824   0.2854466784   0.1500089444   0.1353772482
12 11  -0.1969988672  -0.2267793114  -0.1920247097   0.2164449090  -0.0861419512
12 12  -0.2774995648  -0.2042291802   0.1383450358  -0.1979314961  -0.1038765295
12 13  -0.0552906751   0.1697242742   0.0830026286  -0.1817043088  -0.2505871653
12 14  -0.2235621789   0.2578843050  -0.2437347942  -0.0530585007  -0.1021476298
12 15   0.2489165430  -0.2322791068
13  1  -0.1050304691   0.1520482471   0.0300308268   0.0831912197  -0.0420566377
13  2  -0.0830210145   0.0088815231  -0.0388782737  -0.1296903477   0.0902246953
13  3   0.0262500179  -0.1657163671   0.1018232661   0.0072808018  -0.0667141182
13  4   0.0678994303   0.1423682842  -0.2056731893  -0.0025481552   0.1245885861
13  5  -0.0145003815  -0.0144141010  -0.1119650760   0.0467724454  -0.0007937576
13  6   0.0328368417  -0.0351323117  -0.0101860782   0.0285473715  -0.0492361031
13  7  -0.0012870592  -0.0114286347   0.0279576505   0.0420691477   0.1547099765
13  8  -0.1456541833   0.1536814588   0.1446420933  -0.0277863546   0.0498473066
13  9   0.0312043250   0.0700087922  -0.0033413391  -0.0057218720   0.0075540970
13 10  -0.0050340658  -0.0090574363   0.0109214495  -0.0578829989  -0.0535546779
13 11  -0.0101647813  -0.0118638543  -0.0267805884   0.0487519021  -0.0287200091
13 12  -0.0514475721  -0.0161039272   0.1071679631  -0.0902828424   0.0313944984
13 13   0.0045749468  -0.0130263146   0.0053360949  -0.0055206952   0.0262141131
13 14   0.0212450924  -0.0113622897   0.0083014048  -0.0192278452  -0.0266696179
13 15   0.0303902237  -0.0290319523
14  1   0.1716585755   0.0737750454  -0.0143489403   0.0506240271  -0.0504085598
14  2  -0.1152153053   0.0548851399   0.0085894943  -0.0044058468  -0.1646181492
14  3  -0.0410165753   0.2151385440  -0.1432239121  -0.0100609424   0.0935491692
14  4  -0.0953582071   0.1030193977  -0.1474942144  -0.0033261607   0.0872826582
14  5   0.0198234030   0.0196255205   0.1567850606  -0.0662448092   0.0015488418
14  6  -0.0446875881   0.0492277421   0.0139656819  -0.0368359019   0.0615831768
14  7   0.0016544908   0.0153832953  -0.0321299257  -0.0480530912   0.1088855440
14  8  -0.1089329486   0.1232512789   0.1159681528  -0.0190650944   0.0356042166
14  9   0.0225171835   0.0510258939  -0.0022931970  -0.0039143575   0.0047196780
14 10  -0.0039218563  -0.0059470869   0.0073825193  -0.0378796855  -0.0349185965
14 11  -0.0066553171  -0.0078090197  -0.0174816254   0.0350074588  -0.0216626925
14 12  -0.0357915563  -0.0143329602   0.0740982977  -0.0642691162   0.0190142664
14 13   0.0033679419  -0.0095735412   0.0039284640  -0.0040762093   0.0192469640
14 14   0.0155916259  -0.0082927202   0.0060386633  -0.0141213472  -0.0195846488
14 15   0.0222991886  -0.0212874946
15  1  -0.0235552738  -0.1598950669   0.0205261500  -0.0965336655  -0.1611778318
15  2  -0.0984419960  -0.1783166654   0.0371757626  -0.0001884507  -0.0021197157
15  3  -0.0011093292  -0.0045758138   0.0022341806  -0.0003156198  -0.0013457547
15  4   0.0010501073   0.1200678326  -0.0521491488  -0.1268515375  -0.0236447754
15  5  -0.0003615968  -0.0003715514  -0.0024959914   0.0011640741  -0.0006862797
15  6   0.0009189271  -0.0006549161  -0.0004528112   0.0013552839  -0.0021644751
15  7   0.0003639845   0.0005602808   0.0021120360   0.0023455217   0.0613526682
15  8  -0.0581507431   0.0649366775   0.0610925252   0.0540474159   0.0424723584
15  9  -0.0421436650   0.0350260220   0.0136544256   0.0225763475  -0.0305482250
15 10   0.0117038723   0.0382701757  -0.0363066325   0.2124015576   0.1964690177
15 11   0.0370725594   0.0432942066   0.1056537715   0.0123713535  -0.0704272105
15 12   0.0615236385  -0.1900623844  -0.1434776929   0.0279373055  -0.2090406778
15 13   0.0019799155  -0.0055170651   0.0028793102  -0.0034610372   0.0106855865
15 14   0.0085204932  -0.0019857693   0.0009262957  -0.0080755872  -0.0114870665
15 15   0.0127204452  -0.0121345025
16  1  -0.1126366797   0.1735214314   0.0452330756   0.0403230073  -0.0027030927
16  2  -0.0713533608   0.0120391357  -0.0713662101  -0.2109624864   0.1666246364
16  3   0.0485293892  -0.2382905361   0.2268810253   0.0138620875  -0.1495164651
16  4   0.1510987780   0.1798833255  -0.1861362335  -0.0804981735   0.0796736428
16  5   0.1713876562   0.1692334200  -0.1959690111   0.0830262136   0.0099069832
16  6  -0.2151216323   0.2387994474   0.0686562432  -0.1372696964   0.2296888667
16  7   0.0099661588   0.0620177126  -0.1621902822  -0.2413699189   0.1621287747
16  8  -0.1764780791   0.1946184702   0.1821892777  -0.1172587632   0.0215045958
16  9   0.1100459285   0.0707039502  -0.0522579802  -0.0855863444   0.0755750652
16 10  -0.0345502106  -0.0940267547   0.0934833177   0.0503109195   0.0468380176
16 11   0.0697861309   0.0803477939   0.1100109467   0.0504653913  -0.1067013459
16 12   0.0378087051  -0.1271397334   0.0087274449  -0.0630056415  -0.0968978016
16 13  -0.0567292507   0.1608490044  -0.0663116937   0.0695184833  -0.3121645976
16 14  -0.2524990454   0.1234508605  -0.0888740374   0.2197966825   0.3054829228
16 15  -0.3367329560   0.3222556662
17  1   0.1750073322   0.0652570233  -0.0318008571   0.1028050444  -0.0567057910
17  2  -0.1652500817   0.1014199355   0.0168036802   0.1058988910  -0.2679194852
17  3  -0.0720433975   0.3140816122  -0.3148592178  -0.0186922084   0.2060616021
17  4  -0.2100659834   0.1287250111  -0.1333311803  -0.0554040311   0.0541321949
17  5  -0.2352753889  -0.2325948490   0.2722335055  -0.1159425400  -0.0111154543
17  6   0.2961069374  -0.3272065000  -0.0948136485   0.1921430616  -0.3218765201
17  7  -0.0140344929  -0.0863854833   0.2293344800   0.3429428754   0.1277640119
17  8  -0.0951577772   0.0637074972   0.0612572355  -0.0760214425   0.0213214738
17  9   0.0660135029   0.0429465437  -0.0330435431  -0.0546784075   0.0492635952
17 10  -0.0222369386  -0.0591415759   0.0605279847   0.0327768717   0.0316614758
17 11   0.0450636957   0.0521090712   0.0710090405   0.0367133688  -0.0746052597
17 12   0.0220425461  -0.0868511351   0.0087068838  -0.0446158204  -0.0648827406
17 13  -0.0418599608   0.1185387320  -0.0489582787   0.0512340355  -0.2301219638
17 14  -0.1860049809   0.0909437834  -0.0653230651   0.1620709914   0.2251472769
17 15  -0.2482804865   0.2372976293
18  1  -0.0109789172  -0.1970876109   0.0147961674  -0.0857312360  -0.2461390338
18  2  -0.0367508414  -0.2701455892   0.1017966163  -0.0004494542  -0.0015681676
18  3   0.0008279238  -0.0068672848   0.0065973845  -0.0007569492  -0.0023460984
18  4   0.0051098145  -0.0211527883  -0.1218772902   0.1584841262   0.1440408095
18  5   0.0050057582   0.0051079232  -0.0055700228   0.0025076619  -0.0035198783
18  6  -0.0073293123   0.0071381740   0.0024166289  -0.0054094620   0.0063808339
18  7   0.0013743150   0.0038799990  -0.0035224293  -0.0082276595   0.0666290153
18  8  -0.0600492722   0.0651184705   0.0604594040   0.3717813877   0.1547764498
18  9  -0.3080802613   0.0692624047   0.1888245377   0.3096169293  -0.2769513570
18 10   0.1172569335   0.3419133826  -0.3343704264  -0.1796904112  -0.1682652090
18 11  -0.2515827580  -0.2900853980  -0.3868115362   0.0472973090   0.1755543737
18 12  -0.2887220994   0.1844677532   0.2425030075  -0.1075783796   0.2448297766
18 13  -0.0233849788   0.0660226905  -0.0278637368   0.0298440984  -0.1277998626
18 14  -0.1029951077   0.0467653662  -0.0327134526   0.0901608116   0.1257562593
18 15  -0.1380658888   0.1321591055
19  1  -0.1054916727   0.1983325340   0.0710138026   0.1341047509   0.0405220909
19  2  -0.1362912573   0.0229379895  -0.1282554263  -0.0575027318   0.0199952207
19  3   0.1078449098  -0.1036404718  -0.0397863699  -0.0849570348   0.0989572126
19  4   0.0242335818   0.0864174080  -0.0346030298  -0.0952012841  -0.0207606421
19  5  -0.0141299547  -0.0144667017   0.1118539960  -0.0479707977  -0.0313654436
19  6   0.0130225513  -0.0119491316  -0.0335559187  -0.0110825986   0.0097213177
19  7   0.0183508436   0.0555312916  -0.0195270414  -0.0304914253   0.0321179909
19  8  -0.0326541774  -0.0293272509  -0.0289568175  -0.0314188411  -0.0412281522
19  9   0.0221173314  -0.0412547114   0.0120954320   0.0192397525  -0.0265506120
19 10  -0.0285839118   0.0323805820   0.0018858010   0.1809775075   0.1652651222
19 11  -0.0316242290  -0.0359418439  -0.0567960121  -0.0592641452   0.0850818128
19 12   0.0027750801   0.0690586495  -0.1859128135   0.1749044231  -0.0218448340
19 13  -0.0015865744   0.0041398558  -0.0037178024   0.0054944340  -0.0045522053
19 14  -0.0033220018  -0.0060329509   0.0057870424   0.0011704314   0.0025594486
19 15   0.0033563620  -0.0029707801
20  1   0.1527342111   0.0676745848  -0.0612552113  -0.0387668433  -0.0330079017
20  2  -0.1345203696   0.1763161276   0.0324498681  -0.1095440958  -0.0628261969
20  3  -0.1563276093   0.1270693383   0.0568745925   0.1197390740  -0.1397628942
20  4  -0.0339855249   0.0618873536  -0.0198687260  -0.0710095349  -0.0185242685
20  5   0.0201369582   0.0202850691  -0.1585672682   0.0675864005   0.0448176283
20  6  -0.0176340144   0.0171809664   0.0472366812   0.0145985485  -0.0128404427
20  7  -0.0253031735  -0.0774040912   0.0253038619   0.0412254335   0.0252334246
20  8  -0.0224149771  -0.0323872606  -0.0291014844  -0.0225553861  -0.0289447881
20  9   0.0165759981  -0.0292756542   0.0091375132   0.0143507166  -0.0190221454
20 10  -0.0197160258   0.0234199937   0.0009578424   0.1271978236   0.1177172856
20 11  -0.0222081001  -0.0252055802  -0.0407940786  -0.0410747163   0.0599415539
20 12   0.0007779627   0.0499156577  -0.1301855738   0.1231838630  -0.0136667876
20 13  -0.0013770017   0.0035771841  -0.0031998774   0.0047374840  -0.0037496152
20 14  -0.0026985587  -0.0050728940   0.0048002431   0.0008002344   0.0018404765
20 15   0.0029331439  -0.0026323398
21  1  -0.0360513315  -0.1210939698   0.0284099375  -0.1065882492  -0.0739092134
21  2  -0.1598914411  -0.0887754122  -0.0303818280  -0.0006623372  -0.0018933462
21  3   0.0007733866  -0.0035224666  -0.0012307261  -0.0022819425   0.0025540890
21  4   0.0003412203  -0.0046747892   0.2008203879  -0.1995701598  -0.2088521981
21  5   0.0001059966  -0.0000487987   0.0029268270  -0.0011690272  -0.0006617482
21  6   0.0005974390   0.0003659524  -0.0011802105  -0.0022660989   0.0023941832
21  7   0.0011197615   0.0004116954  -0.0033270270  -0.0037340808   0.1945890727
21  8  -0.1808757814  -0.2054164396  -0.1972577252  -0.0772734607   0.0209164888
21  9   0.0722059534   0.0507687289  -0.0032606567  -0.0051719570   0.0059412697
21 10   0.0095448480  -0.0072646131  -0.0034192823  -0.0446776243  -0.0414673798
21 11   0.0084093217   0.0095582529  -0.0448023207   0.0500723950  -0.0199281723
21 12  -0.0645292911   0.0919260511   0.0779171070  -0.0203691763   0.1045432385
21 13  -0.0108832123   0.0283001683  -0.0249242431   0.0379519269  -0.0230283966
21 14  -0.0159387744  -0.0349418038   0.0326240107  -0.0015315140   0.0023926484
21 15   0.0252124344  -0.0227185285
22  1  -0.1134069783   0.2558847665   0.1181886718   0.1313776059   0.1442394457
22  2  -0.1663964090   0.0371775451  -0.2304532631  -0.0793788260   0.0401416146
22  3   0.1942015701  -0.1238341481  -0.0885103757  -0.1866841931   0.2162019775
22  4   0.0540362896  -0.1257182915   0.1248036661   0.0593228543  -0.0516672876
22  5   0.1655835184   0.1645843002   0.1908260527  -0.0789597423   0.2078517848
22  6  -0.0819062655   0.0779547322   0.2219739069   0.0444579532  -0.0299707961
22  7  -0.0999422392  -0.2971539518   0.1271015515   0.2054972809   0.0373524125
22  8  -0.0335733438  -0.0556862436  -0.0451815353  -0.1259049379  -0.2768847890
22  9   0.0770345112  -0.3078879836   0.1720238332   0.2719491731  -0.2475058084
22 10  -0.2573604975   0.3009862707   0.0136778002  -0.1643420439  -0.1394879125
22 11   0.2118429817   0.2437274818   0.1634659070   0.2443888299  -0.3111906848
22 12  -0.0593919948  -0.0487380827   0.2466940092  -0.2145473191   0.0631206104
22 13   0.0205930957  -0.0537707626   0.0461906743  -0.0703446803   0.0441640695
22 14   0.0309336550   0.0632335392  -0.0595249867   0.0002125905  -0.0082698918
22 15  -0.0425727428   0.0381294644
23  1   0.1413832790   0.0543574428  -0.1153044472  -0.0557917558  -0.0258092930
23  2  -0.1998876327   0.3182150439   0.0596821186  -0.0835998747  -0.0871453902
23  3  -0.2793991054   0.1549906446   0.1274871886   0.2650103215  -0.3067697314
23  4  -0.0742708473  -0.0886750688   0.0991433304   0.0351735353  -0.0419792274
23  5  -0.2344413540  -0.2326383449  -0.2712671353   0.1114823685  -0.2961010161
23  6   0.1197299302  -0.1108759316  -0.3142188744  -0.0665599315   0.0410292500
23  7   0.1442481761   0.4287586380  -0.1877265403  -0.2939801182   0.0305227654
23  8  -0.0462414761   0.0042928256  -0.0051101564  -0.0927393611  -0.1918924626
23  9   0.0547057665  -0.2069788629   0.1182772226   0.1863495344  -0.1727718741
23 10  -0.1796185983   0.2066785581   0.0085541714  -0.1175662335  -0.1052718228
23 11   0.1478501303   0.1700016593   0.1126022855   0.1719209975  -0.2179450636
23 12  -0.0429540314  -0.0321280102   0.1748354980  -0.1501402838   0.0462499553
23 13   0.0176989478  -0.0458409885   0.0396596005  -0.0599409618   0.0374173068
23 14   0.0261747129   0.0541098597  -0.0504450114   0.0004675413  -0.0064920684
23 15  -0.0364411450   0.0327963792
24  1  -0.0332476783  -0.1284652533   0.0282242519  -0.1038417043  -0.0914292569
24  2  -0.1462144511  -0.1105092750  -0.0178448464  -0.0006284141  -0.0018613027
24  3   0.0037442871  -0.0040772219  -0.0032318054  -0.0058596148   0.0065750408
24  4   0.0010830156   0.0496044810   0.1581673590  -0.2375087751  -0.1997234836
24  5   0.0061474807   0.0057330424   0.0057136738  -0.0021679307   0.0078194384
24  6  -0.0028845582   0.0034752239   0.0070061719  -0.0000073702   0.0011978119
24  7  -0.0032156483  -0.0120632899   0.0023985792   0.0043293454   0.2111585892
24  8  -0.1948000204  -0.2036864148  -0.1957719355  -0.0588485301   0.0814475987
24  9   0.0637043073   0.1203303122  -0.0435440121  -0.0689101374   0.0620706115
24 10   0.0676678380  -0.0752120757  -0.0063830188   0.0440641498   0.0373502040
24 11  -0.0534516073  -0.0614880024  -0.1138868839  -0.0196108517   0.0814843831
24 12  -0.0626689710   0.1332452245  -0.0294213389   0.0815740902   0.0931231034
24 13   0.1305010083  -0.3400785326   0.2924175574  -0.4454607376   0.2704949874
24 14   0.1876170439   0.3927438627  -0.3677444029   0.0137100837  -0.0321005211
24 15  -0.2727615335   0.2453101104
25  1  -0.0958927805   0.1708473762   0.0514847188   0.1877439246  -0.0098302058
25  2  -0.1505519297   0.0169102945  -0.0873932138   0.0424086439  -0.0757599755
25  3   0.0806811585  -0.0181794530  -0.0601730113   0.0760977924  -0.0325096729
25  4  -0.0922060054   0.1114261128   0.0173832866  -0.1852353166  -0.0911184557
25  5  -0.0138390224  -0.0131555169  -0.1141474002   0.0484455601  -0.0312019387
25  6  -0.0198493967   0.0238384725  -0.0245851165  -0.0191849746   0.0409565870
25  7  -0.0183442287  -0.0430515890   0.0095125780   0.0153260260  -0.1226769024
25  8   0.1196849595  -0.1278432844  -0.1199333419   0.0633966284   0.0190355743
25  9  -0.0539534483   0.0038767730  -0.0092375472  -0.0146053797  -0.0011641006
25 10   0.0254934033   0.0008484433  -0.0220390503  -0.1220958324  -0.1118317290
25 11  -0.0215127279  -0.0251226029   0.0648935631  -0.0306448876  -0.0088067249
25 12   0.0648548333  -0.1096208873   0.0998910102  -0.1256670851  -0.0455182075
25 13  -0.0089304815   0.0244534275  -0.0101887860   0.0199757088   0.0127866628
25 14   0.0123378149   0.0159578019  -0.0158530587  -0.0128280064  -0.0214566229
25 15  -0.0111852868   0.0099300103
26  1   0.1483113921   0.0786933004  -0.0388265710  -0.1068076579  -0.0247684970
26  2  -0.0697260456   0.1183190031   0.0226723799  -0.2508178476   0.0717831650
26  3  -0.1185081548   0.0053261524   0.0853705379  -0.1100257365   0.0468353415
26  4   0.1313617739   0.0752268099   0.0138216724  -0.1274060936  -0.0641328720
26  5   0.0195698854   0.0193334235   0.1631225316  -0.0690638588   0.0436057827
26  6   0.0273889604  -0.0342653223   0.0352852449   0.0250872487  -0.0523373235
26  7   0.0261623802   0.0596454220  -0.0176491679  -0.0299909848  -0.0846544998
26  8   0.0818186200  -0.0875094412  -0.0838355210   0.0449333941   0.0127913233
26  9  -0.0380088273   0.0019240478  -0.0069789819  -0.0111274610  -0.0002368799
26 10   0.0186593910   0.0003881065  -0.0160169236  -0.0888973311  -0.0811539303
26 11  -0.0156502432  -0.0183251590   0.0455544050  -0.0228557893  -0.0049686057
26 12   0.0464058037  -0.0798323166   0.0701713955  -0.0892238018  -0.0342808964
26 13  -0.0061145951   0.0167762037  -0.0069595630   0.0136834102   0.0087770983
26 14   0.0085208006   0.0109507490  -0.0109149536  -0.0087482215  -0.0147124367
26 15  -0.0077004807   0.0067875500
27  1  -0.0520588362  -0.0723641772   0.0373527173  -0.1198266169   0.0363777116
27  2  -0.2385281071   0.0275435806  -0.1147706866  -0.0010137846  -0.0018950675
27  3   0.0001224799  -0.0006818791  -0.0015123815   0.0019473418  -0.0008689704
27  4  -0.0022286918  -0.1817961157   0.1270049866   0.1427219842  -0.0148270419
27  5  -0.0000164636  -0.0002566916  -0.0024133847   0.0012782943  -0.0006244733
27  6   0.0002095317   0.0007300088  -0.0002374583   0.0004417458  -0.0018817446
27  7  -0.0002146353  -0.0012491808   0.0022932543   0.0041169033   0.1350976036
27  8  -0.1329073065   0.1379092206   0.1295092119  -0.0155526082  -0.0636627846
27  9   0.0051510644  -0.0761000717  -0.0126632781  -0.0203726033   0.0032691116
27 10   0.0363199048  -0.0039282185  -0.0282887201  -0.1675847716  -0.1540866283
27 11  -0.0295356018  -0.0344925180  -0.0039183993  -0.0834582793   0.0774536888
27 12   0.0556619095  -0.1932366393  -0.0261125442  -0.0644379370  -0.1632757992
27 13   0.0095956298  -0.0262178166   0.0120925403  -0.0230178881  -0.0119409744
27 14  -0.0119406575  -0.0151626953   0.0154144528   0.0155666866   0.0255526218
27 15   0.0115714807  -0.0101987044
28  1  -0.0962791051   0.2069480473   0.0834367770   0.2272160783   0.0545830373
28  2  -0.1919705862   0.0276543179  -0.1570770270   0.1000972320  -0.1309513527
28  3   0.1453869786   0.0312006497  -0.1294331378   0.1657433029  -0.0717275179
28  4  -0.1994261868   0.1757563068  -0.1322391240  -0.1254970893   0.0269595691
28  5   0.1641589950   0.1668853055  -0.1745244972   0.0767777781   0.2047529709
28  6   0.1278053728  -0.1608349091   0.1634460560   0.1105325125  -0.2251869553
28  7   0.1033436239   0.2286333677  -0.0964158997  -0.1579242330  -0.1318039529
28  8   0.1245650872  -0.1229622387  -0.1227424379   0.1866036255  -0.0717652550
28  9  -0.1760877151  -0.1505180416  -0.1229476226  -0.1955431673   0.0107992454
28 10   0.2333725765  -0.0121322369  -0.1905683355   0.1079083799   0.0952079233
28 11   0.1429080210   0.1650281782  -0.0536871312   0.1935026944  -0.1435202222
28 12  -0.1694044570   0.1797727585   0.0317190994   0.0539601144   0.1548373284
28 13   0.1067725753  -0.2921731915   0.1237617340  -0.2396970800  -0.1404943035
28 14  -0.1376862809  -0.1696348215   0.1700838121   0.1493152387   0.2483123028
28 15   0.1192956000  -0.1051260897
29  1   0.1335481772   0.0739429712  -0.0753954835  -0.1765761033  -0.0111910195
29  2  -0.0847375610   0.2132083069   0.0413751550  -0.3355438918   0.1526066154
29  3  -0.2100203744  -0.0646556528   0.1846175729  -0.2374241138   0.1025702056
29  4   0.2839797945   0.1171762588  -0.0947921331  -0.0832608748   0.0196969375
29  5  -0.2343668487  -0.2375575228   0.2489881425  -0.1098221038  -0.2932087266
29  6  -0.1832188807   0.2284182822  -0.2320195574  -0.1603527725   0.3297782898
29  7  -0.1462580359  -0.3294094460   0.1318268334   0.2139786514  -0.0899925842
29  8   0.0890041495  -0.0925835356  -0.0779494036   0.1307414996  -0.0546940515
29  9  -0.1250462236  -0.1131453586  -0.0871944263  -0.1395594771   0.0061129872
29 10   0.1675385448  -0.0089455479  -0.1365358322   0.0806190947   0.0707392661
29 11   0.1034274011   0.1195428954  -0.0403205772   0.1387933061  -0.1021319950
29 12  -0.1230994811   0.1292572420   0.0191894104   0.0417573354   0.1091771856
29 13   0.0732479653  -0.2005416004   0.0848755529  -0.1644824604  -0.0962780839
29 14  -0.0945557217  -0.1163133868   0.1167733692   0.1022732513   0.1703819062
29 15   0.0818758949  -0.0720284952
30  1  -0.0617714493  -0.0420236696   0.0436966039  -0.1275745830   0.1044888785
30  2  -0.2863049647   0.0976017699  -0.1672947493  -0.0014116654  -0.0016370823
30  3   0.0018172732   0.0006219108  -0.0025881690   0.0040687214  -0.0016976301
30  4  -0.0044573316  -0.0939804550  -0.0803996330   0.2239353939   0.1468503087
30  5   0.0034335463   0.0032536113  -0.0037521620   0.0014805050   0.0040189092
30  6   0.0033340433  -0.0033030755   0.0039983892   0.0024854862  -0.0056981454
30  7   0.0029623615   0.0031038777  -0.0010956559  -0.0011395279   0.1498329522
30  8  -0.1496024107   0.1349343390   0.1266584507   0.1453242826  -0.1965705683
30  9  -0.1571507397  -0.2973377302  -0.1684536534  -0.2688711001   0.0182446695
30 10   0.3226265055  -0.0219148853  -0.2603066205   0.1527246466   0.1336959243
30 11   0.1978559295   0.2285962960  -0.1882001876   0.2170502961  -0.0890983335
30 12  -0.2756685949   0.2026142720  -0.1380006538   0.1958652376   0.1024585385
30 13  -0.1155117200   0.3160659158  -0.1352979232   0.2613515565   0.1494781055
30 14   0.1471583992   0.1805718155  -0.1816047780  -0.1640850164  -0.2722458406
30 15  -0.1283484758   0.1130274061
31  1  -0.0858078356   0.0969635964  -0.0091163554   0.1905570531  -0.1429685654
31  2  -0.1115274579  -0.0046131587   0.0426645934   0.0706547226  -0.1013601889
31  3  -0.0292971469   0.0039765140   0.0996494800   0.0065820723  -0.0661905995
31  4   0.0675994279  -0.1428628673   0.2064251867   0.0024878777  -0.1248549769
31  5  -0.0135898290  -0.0143756703   0.1144902320  -0.0481569737   0.0019060200
31  6  -0.0333212011   0.0369861874   0.0120152749   0.0323045561  -0.0559042727
31  7   0.0009901993  -0.0087671921  -0.0078022986  -0.0119531711  -0.1556976897
31  8   0.1460989863   0.1623040131   0.1557031681  -0.0279293562   0.0464529771
31  9   0.0312142082   0.0687586132  -0.0046774601  -0.0074898900  -0.0070390425
31 10   0.0064433873   0.0087073103  -0.0106768737  -0.0597159948  -0.0552594426
31 11   0.0104855138   0.0119159333  -0.0269126543   0.0490070699  -0.0289307904
31 12  -0.0515234042   0.0154608289  -0.1069751131   0.0895687872  -0.0323952634
31 13   0.0113527857  -0.0320649142  -0.0087572929   0.0094414832  -0.0256668616
31 14  -0.0202347708  -0.0044054419   0.0014275651  -0.0233969996  -0.0353957109
31 15  -0.0130380589   0.0115003355
32  1   0.1628416295   0.0958330211   0.0306097647  -0.0853648690  -0.0339523447
32  2   0.0144655185  -0.0591755008  -0.0103748990  -0.2868935299   0.1044145151
32  3   0.0370583078  -0.0271776057  -0.1432892162  -0.0099681725   0.0944853203
32  4  -0.0961028912  -0.1017017034   0.1458625495   0.0037663014  -0.0864865944
32  5   0.0192081931   0.0212268989  -0.1634742775   0.0694415658  -0.0025546851
32  6   0.0457786866  -0.0528904391  -0.0172798198  -0.0421673940   0.0734920464
32  7  -0.0036279271   0.0142989036   0.0172670422   0.0247674068  -0.1097861923
32  8   0.1037117905   0.1172646822   0.1127781041  -0.0190043033   0.0335542606
32  9   0.0215012931   0.0489768792  -0.0030934989  -0.0050604687  -0.0046951707
32 10   0.0039959732   0.0055100184  -0.0072225591  -0.0386528560  -0.0365899924
32 11   0.0068618057   0.0078174793  -0.0173799274   0.0345667398  -0.0212231982
32 12  -0.0352500761   0.0135792907  -0.0732698939   0.0625189664  -0.0198022768
32 13   0.0080446993  -0.0227285249  -0.0062092443   0.0067261036  -0.0181853743
32 14  -0.0143484564  -0.0030756951   0.0009864641  -0.0165709097  -0.0251141818
32 15  -0.0092511076   0.0081283301
33  1  -0.0555838976  -0.0624782050   0.0383194466  -0.1230526128   0.0593598790
33  2  -0.2557752697   0.0543003855  -0.1316323671  -0.0012393763  -0.0017400041
33  3  -0.0019092134  -0.0006303695   0.0018545539   0.0005754064  -0.0015120838
33  4   0.0009759696  -0.1199138950   0.0520162507   0.1261844661   0.0231561943
33  5  -0.0003700606  -0.0003911717   0.0024077628  -0.0007064530  -0.0001714409
33  6  -0.0009449544   0.0006007838   0.0004666939   0.0018137630  -0.0015626084
33  7  -0.0003013231   0.0003397701   0.0013017489   0.0005773595  -0.0638608815
33  8   0.0606078242   0.0658649115   0.0631330420   0.0543152112   0.0422621768
33  9  -0.0427874146   0.0354663266   0.0161354406   0.0271458904   0.0303168075
33 10  -0.0106910451  -0.0358079115   0.0332933350   0.2148641113   0.1964876056
33 11  -0.0377816445  -0.0429717250   0.1069766214   0.0134576512  -0.0726507081
33 12   0.0610819031   0.1860363736   0.1425815443  -0.0288975654   0.2059162359
33 13   0.0045457970  -0.0129159097  -0.0045662272   0.0056353869  -0.0096762833
33 14  -0.0075068286   0.0005710564  -0.0015508321  -0.0096231322  -0.0147840606
33 15  -0.0050909581   0.0044778252
34  1  -0.0783290722   0.0755116525  -0.0243653992   0.2323042174  -0.1822662812
34  2  -0.1225933512  -0.0098310356   0.0744047115   0.1500265275  -0.1765204634
34  3  -0.0515188852   0.0712072892   0.2156425923   0.0138645351  -0.1426530803
34  4   0.1461803379  -0.1823399966   0.1864374061   0.0813452615  -0.0772195993
34  5   0.1647227227   0.1655861329   0.1748276554  -0.0724164341  -0.0117659789
34  6   0.2176494416  -0.2483115935  -0.0798431914  -0.1770141833   0.3078389824
34  7  -0.0157644855   0.0517512902   0.0930306928   0.1377535915  -0.1677135395
34  8   0.1617995321   0.1642425528   0.1607965366  -0.1180671140   0.0198557284
34  9   0.1084450378   0.0643050845  -0.0590411589  -0.0981257287  -0.0726495567
34 10   0.0306570657   0.0863411522  -0.0859217092   0.0547307610   0.0459728400
34 11  -0.0696443077  -0.0801732173   0.1095158119   0.0523368863  -0.1083568794
34 12   0.0368660650   0.1233592254  -0.0085582354   0.0610785712   0.0938467943
34 13  -0.1361627074   0.3847441592   0.1050280720  -0.1154230585   0.2963636650
34 14   0.2333649521   0.0432786234  -0.0108246506   0.2607891623   0.3955206517
34 15   0.1410955187  -0.1239323301
35  1   0.1594039973   0.1044273393   0.0481229857  -0.1383633141  -0.0275382049
35  2   0.0649941007  -0.1035261045  -0.0175850747  -0.3986011847   0.2103436174
35  3   0.0683528658  -0.1228661576  -0.3082822058  -0.0196641778   0.2028992066
35  4  -0.2079360189  -0.1247713325   0.1312904696   0.0555386313  -0.0566754592
35  5  -0.2343729472  -0.2349339740  -0.2492786273   0.1036023929   0.0171530799
35  6  -0.3112755803   0.3526758805   0.1132062434   0.2549904816  -0.4447068210
35  7   0.0196219009  -0.0716933506  -0.1271399417  -0.1866600277  -0.1214125069
35  8   0.1088377786   0.1096411979   0.1034872865  -0.0771308082   0.0136855579
35  9   0.0709396454   0.0455339087  -0.0392029812  -0.0627382666  -0.0469031906
35 10   0.0218355780   0.0567945584  -0.0542323291   0.0345329120   0.0321216818
35 11  -0.0453640485  -0.0521986287   0.0712553585   0.0369334193  -0.0739628055
35 12   0.0216269657   0.0836905549  -0.0084996707   0.0426607526   0.0617166092
35 13  -0.0965643453   0.2729058226   0.0744584725  -0.0819240325   0.2100940071
35 14   0.1654695846   0.0306123155  -0.0076625577   0.1848649982   0.2805659527
35 15   0.1000735884  -0.0878148699
36  1  -0.0680500295  -0.0245003118   0.0453178412  -0.1333516780   0.1452920974
36  2  -0.3170173512   0.1449721969  -0.1974984966  -0.0015714825  -0.0016427434
36  3  -0.0019054565   0.0008990445   0.0043751866  -0.0004209781  -0.0026568014
36  4   0.0028722772   0.0215348453   0.1228809380  -0.1601465144  -0.1448136696
36  5   0.0035761031   0.0036430274   0.0038107710  -0.0007490624  -0.0008823598
36  6   0.0042434064  -0.0050755737  -0.0012154795  -0.0016767581   0.0078986614
36  7  -0.0000051586   0.0017055169   0.0049940822   0.0008719901  -0.0704278878
36  8   0.0680945533   0.0665909387   0.0601721652   0.3756884458   0.1581184258
36  9  -0.3152225709   0.0732759298   0.2139875028   0.3522025473   0.2664675920
36 10  -0.1020536681  -0.3178231886   0.3014989660  -0.1964887493  -0.1754395649
36 11   0.2520160879   0.2900167028  -0.3836307404   0.0441697597   0.1767684590
36 12  -0.2854115076  -0.1788711536  -0.2402065228   0.1077734258  -0.2399563534
36 13  -0.0550386295   0.1555543373   0.0437950195  -0.0490808420   0.1189430177
36 14   0.0933928368   0.0140635526  -0.0012555437   0.1057062019   0.1606719732
36 15   0.0568034851  -0.0498788062
37  1  -0.1161038580   0.0165939451  -0.0963141754  -0.1775501065  -0.2819782993
37  2   0.1340203361   0.2132688410  -0.1011204893   0.0116318827  -0.0059518739
37  3   0.2062161953   0.0695333543  -0.1737236629  -0.1251742305  -0.1967987554
37  4   0.0795656368  -0.1330784827  -0.1150601889  -0.0727230075  -0.0384743805
37  5   0.1636824804  -0.1647745929  -0.0787495268  -0.1782177926  -0.2220803792
37  6   0.0188602169  -0.0439690105   0.2327116599   0.2016480545   0.0976058136
37  7  -0.2308362630   0.1006023549  -0.1837578753   0.1153023749  -0.0193634585
37  8  -0.0176364789  -0.0097949022   0.0077543340  -0.0405807568   0.3407365563
37  9   0.0608698338  -0.2778476258  -0.2813441096   0.1783783201  -0.3756528226
37 10   0.0782265279  -0.2497862570   0.0886465273  -0.1423388480   0.1644150484
37 11   0.2470957276  -0.2145945478   0.1167346845   0.3028760591   0.2857075152
37 12   0.0662514314   0.0329320750   0.2215317573   0.2036338335  -0.1545513693
37 13   0.0414810474   0.0155729701  -0.0528120906  -0.0326553633  -0.0082304169
37 14   0.0161444349   0.0360130586   0.0379104665  -0.0203665340   0.0114626393
37 15  -0.0242602332  -0.0251841500
38  1   0.1935023536   0.1150998468   0.1317826532   0.0239135167  -0.0589982230
38  2   0.0979993566  -0.1316914329  -0.2860824863   0.1717538795   0.0504244357
38  3  -0.2929538625  -0.0776752690   0.2496149830   0.1783925997   0.2804836795
38  4  -0.1153213199  -0.0969150793  -0.0745706655  -0.0577434380  -0.0150644102
38  5  -0.2340954039   0.2351497381   0.1126081240   0.2552033770   0.3195038454
38  6  -0.0291208561   0.0628775526  -0.3315226919  -0.2935325333  -0.1411327013
38  7   0.3349904027  -0.1416624080   0.2626399937  -0.1650899668  -0.0094404039
38  8  -0.0001727614  -0.0259883946   0.0334126003  -0.0227193629   0.2366368751
38  9   0.0464351919  -0.1944004416  -0.1953334498   0.1223509099  -0.2633276891
38 10   0.0519256771  -0.1731893809   0.0624320457  -0.1026677488   0.1214385735
38 11   0.1740573856  -0.1512629182   0.0831484996   0.2124109455   0.2013343310
38 12   0.0449804988   0.0255197007   0.1563006753   0.1414661826  -0.1105227796
38 13   0.0210553208   0.0078686119  -0.0267250853  -0.0164471081  -0.0038213995
38 14   0.0080887922   0.0179353171   0.0193597273  -0.0096731251   0.0054583148
38 15  -0.0124090637  -0.0127257966
39  1   0.0065159784  -0.0456836852   0.2478626148   0.0040013003  -0.0507177333
39  2   0.0323206929   0.0772630709   0.0215410606   0.0001612441   0.0017421408
39  3   0.0063085652   0.0023523806  -0.0052802830  -0.0035241244  -0.0054586996
39  4   0.0025504033  -0.0482272848   0.1390717694  -0.1554908746   0.2828274675
39  5   0.0054937227  -0.0052036719  -0.0015676413  -0.0051271921  -0.0071578689
39  6   0.0000695603  -0.0005499213   0.0067265928   0.0083164378   0.0047193069
39  7  -0.0053670363   0.0028353043  -0.0018105732   0.0003944031   0.2060557443
39  8   0.2192472629   0.1964151058  -0.2013072973   0.0798556764   0.0327006615
39  9   0.1040346514  -0.0390471310  -0.0398691819   0.0248778361  -0.0530490703
39 10   0.0129562718  -0.0332368506   0.0157166531  -0.0189296550   0.0221758811
39 11   0.0353819768  -0.0307668982   0.0838457411   0.0087471438   0.0648616053
39 12  -0.0715117555   0.1132208202   0.0067910595  -0.0521958651  -0.1146980636
39 13  -0.3941891463  -0.1476264190   0.5035116063   0.3117498144   0.0896975172
39 14  -0.1694053280  -0.3396834989  -0.3562007892   0.2238971902  -0.1297210069
39 15   0.2248872446   0.2320982375
40  1  -0.1357463381   0.1019476914  -0.0304258184  -0.2526827937  -0.1270446971
40  2   0.1282708674   0.0908597528  -0.0369417045  -0.0396775717  -0.1963858906
40  3   0.0906370073  -0.0665808244  -0.0089882819   0.2162324866   0.1491322795
40  4   0.1366823209   0.1907923955   0.1691390232   0.0974988646   0.0641165607
40  5   0.1638279635  -0.1663225019   0.0707702417   0.1745927583  -0.1105621797
40  6  -0.2110595291  -0.2176395688   0.1036915112  -0.3074376131  -0.1747840388
40  7  -0.0328234255  -0.0242129898   0.1414843607  -0.0946224164  -0.1554077569
40  8  -0.1640751301   0.1498273163  -0.1632378050  -0.1320504236   0.0229667719
40  9  -0.1468985720  -0.0023774945   0.1174674093  -0.0729003637   0.0653789617
40 10   0.0761798388   0.1138233106   0.0900210640   0.0593295972  -0.0613148441
40 11   0.0973693927  -0.0843581448   0.1080301655   0.0775975741   0.1275959108
40 12  -0.0540631831   0.1204469317   0.0015901433  -0.0611109979  -0.1190323331
40 13  -0.3694969759  -0.1336785652   0.1982757001   0.0906826940  -0.2272091519
40 14   0.2462111423   0.0927552006   0.0696974683  -0.3769536417   0.2464992426
40 15  -0.1287565738  -0.1319132205
41  1   0.1901269945   0.0889674905   0.0562173172   0.1028568456  -0.0642921103
41  2  -0.0449213897  -0.0613361820  -0.1205085093   0.2448754421   0.3192367095
41  3  -0.1258035060   0.1164505692   0.0130508463  -0.3101696197  -0.2128921059
41  4  -0.1950061304   0.1295632229   0.1150408062   0.0704110944   0.0423913797
41  5  -0.2342263511   0.2370074400  -0.1010723152  -0.2502731505   0.1588115198
41  6   0.3026275591   0.3100050748  -0.1474125326   0.4448848216   0.2546994198
41  7   0.0496024609   0.0303095356  -0.1922462840   0.1286910598  -0.1096935549
41  8  -0.1115211618   0.0978593879  -0.1049167957  -0.0957183254   0.0233775164
41  9  -0.1055306667  -0.0047209208   0.0873256392  -0.0524522301   0.0473149283
41 10   0.0582085055   0.0849900745   0.0647471133   0.0429485842  -0.0485119749
41 11   0.0724618443  -0.0627789489   0.0803370475   0.0539969752   0.0933248845
41 12  -0.0421014333   0.0867295017  -0.0028863347  -0.0476372961  -0.0821550066
41 13  -0.2560367034  -0.0926495079   0.1373180765   0.0628710743  -0.1573753789
41 14   0.1705634543   0.0642527454   0.0483708758  -0.2610744686   0.1708455755
41 15  -0.0892270503  -0.0913175580
42  1   0.0306592730  -0.1185481088   0.2351248281   0.0242005433  -0.2160818133
42  2   0.1508722058   0.1558074473  -0.1788750850  -0.0005900172  -0.0008583423
42  3   0.0018070362  -0.0013257536   0.0004001800   0.0048768756   0.0035433441
42  4   0.0031408643   0.0098653276  -0.1183435301   0.0974996105  -0.2071335967
42  5   0.0033021134  -0.0032215524   0.0007848261   0.0042336793  -0.0019410381
42  6  -0.0050966042  -0.0046669275   0.0027644326  -0.0069738110  -0.0013557728
42  7  -0.0018474661   0.0003259922   0.0009976893  -0.0053473097   0.0857439469
42  8   0.0922760653  -0.0778901158   0.0800344463  -0.2894847549   0.2653353229
42  9  -0.2570274077  -0.1838029214   0.3376733112  -0.2075008833   0.1949125286
42 10   0.2158572966   0.3308838000   0.2504553645   0.1703468707  -0.1857037770
42 11   0.2810092096  -0.2434980877   0.3252663508   0.0061755676   0.2323825385
42 12  -0.2922819060   0.1606303921  -0.2037926674  -0.2852614535  -0.0443132597
42 13   0.1941843054   0.0702725489  -0.1063646587  -0.0491342090   0.1183743917
42 14  -0.1278444941  -0.0457693117  -0.0333302540   0.1994655651  -0.1306663390
42 15   0.0673146927   0.0689456169
43  1  -0.1223115839   0.0738868461  -0.0484898384  -0.1652270307  -0.1789639396
43  2   0.0958222908   0.1185960424  -0.0582520437   0.0199437417  -0.0011586314
43  3   0.1157458062   0.0741069556  -0.0787112642  -0.0584929337  -0.0906710022
43  4   0.0359371207   0.0920714988   0.0478130562   0.0729541406  -0.0254598916
43  5  -0.0139223076   0.0141601164  -0.0477799570  -0.1129283452   0.0338451526
43  6  -0.0030221330   0.0064666516  -0.0349025771  -0.0342381406  -0.0159806450
43  7   0.0447749763  -0.0185300790   0.0249807802  -0.0156728477  -0.0193231962
43  8  -0.0186912199  -0.0228419237   0.0236416813  -0.0119921081   0.0536176510
43  9   0.0022187232  -0.0427485906  -0.0200868165   0.0130602228  -0.0412919685
43 10   0.0072004829  -0.0278696764   0.0087172182   0.1664861948  -0.1835624672
43 11  -0.0369611417   0.0324869695  -0.0388656766  -0.0790917075  -0.0806545254
43 12  -0.0091121503  -0.0460577357  -0.1701145557  -0.1453636225   0.1384868220
43 13  -0.0037604808  -0.0014054211   0.0047144166   0.0028271605  -0.0001053613
43 14  -0.0004190144  -0.0035506205  -0.0038633363   0.0000344322   0.0001788511
43 15   0.0027180889   0.0028860659
44  1   0.1794258601   0.1031496906   0.0770032086  -0.0144938872  -0.0485405422
44  2   0.0423579691  -0.0725850740  -0.1594481627   0.1589208644   0.0407983882
44  3  -0.1620719691  -0.0847010505   0.1129238005   0.0826951813   0.1289631541
44  4  -0.0513249853   0.0651652309   0.0362651323   0.0477016976  -0.0122663715
44  5   0.0197004315  -0.0197440703   0.0681536262   0.1610997861  -0.0481979878
44  6   0.0036332718  -0.0092537744   0.0500025765   0.0477325831   0.0221943959
44  7  -0.0627122490   0.0261316305  -0.0357481369   0.0222618981  -0.0111557583
44  8  -0.0116974042  -0.0086954551   0.0080981389  -0.0082020990   0.0377455292
44  9   0.0026390662  -0.0301875327  -0.0149388546   0.0097778074  -0.0292572884
44 10   0.0058576197  -0.0196643524   0.0065904863   0.1180533865  -0.1305590698
44 11  -0.0261640406   0.0230301246  -0.0266153617  -0.0562560420  -0.0565945050
44 12  -0.0075946692  -0.0311516453  -0.1201738284  -0.1035742121   0.0962182407
44 13  -0.0019684092  -0.0007216054   0.0024455906   0.0014242732  -0.0002637113
44 14  -0.0000184323  -0.0018409809  -0.0020912557  -0.0003805230   0.0003404923
44 15   0.0014961774   0.0015643745
45  1   0.0051280964  -0.0403388630   0.2499667280   0.0032653329  -0.0394268145
45  2   0.0254104214   0.0704394295   0.0325940442   0.0003825623   0.0017856157
45  3   0.0038160293   0.0025304345  -0.0024297430  -0.0016575926  -0.0023668587
45  4   0.0014191008  -0.0165235757   0.1626900748  -0.1354499830   0.2857937364
45  5   0.0002476492   0.0000077038  -0.0007490715  -0.0032138799   0.0004540598
45  6  -0.0003829788   0.0008583148  -0.0009718761   0.0016804392   0.0016469228
45  7   0.0025105779  -0.0009707934   0.0043109368  -0.0035769994   0.1890023921
45  8   0.2005585648   0.1982491080  -0.2039754631   0.0778821649  -0.0066438453
45  9   0.0893716673  -0.0059126040  -0.0031060964   0.0017901424  -0.0058792483
45 10   0.0033063090  -0.0020925190   0.0044120374   0.0246553309  -0.0272858319
45 11  -0.0048159523   0.0042248685   0.0497658024  -0.0390207822   0.0087952721
45 12  -0.0675306381   0.0919666537  -0.0462349825  -0.0936829427  -0.0646900874
45 13   0.0327861410   0.0122996621  -0.0428811132  -0.0266217264  -0.0079144075
45 14   0.0147240883   0.0303892085   0.0317674040  -0.0203166251   0.0117888612
45 15  -0.0206527895  -0.0213750491
46  1  -0.1333291573   0.1218328322  -0.0114698191  -0.2072853639  -0.0919349669
46  2   0.0925126551   0.0499874449  -0.0217888656  -0.0086660749  -0.1077961986
46  3   0.0511584086  -0.0013365229  -0.0036152291   0.1000620449   0.0694923248
46  4   0.0632291857   0.1368655157   0.1838333690   0.0260263478   0.1490822304
46  5  -0.0138877357   0.0138066728   0.0486372300   0.1138716510   0.0169014144
46  6   0.0321192921   0.0323371399  -0.0156607345   0.0559622681   0.0320787013
46  7   0.0062097690   0.0022368972  -0.0118474440   0.0090337790  -0.1444814745
46  8  -0.1507678659   0.1483456354  -0.1591590229  -0.0407185496  -0.0404841727
46  9  -0.0599898148   0.0399006682   0.0090540750  -0.0055052958   0.0047076078
46 10   0.0104050472   0.0120657613   0.0114426251  -0.0660938885   0.0731504664
46 11  -0.0147100235   0.0126182939  -0.0342143017   0.0483360935   0.0085492744
46 12   0.0585609940  -0.0018653786   0.1017432591   0.1020692490  -0.0539499310
46 13   0.0308151900   0.0111423171  -0.0165137499  -0.0074394593   0.0197773349
46 14  -0.0214958901  -0.0088557359  -0.0068285660   0.0336278843  -0.0219301686
46 15   0.0119308239   0.0122791736
47  1   0.1775454563   0.0884568812   0.0345449524   0.0299949843  -0.0515348655
47  2  -0.0380121017  -0.0334454904  -0.0672242692   0.2005709019   0.1922468136
47  3  -0.0691495789   0.0233602095   0.0046916214  -0.1444092228  -0.0995287232
47  4  -0.0900444250   0.0931077924   0.1275233018   0.0166526037   0.1041567545
47  5   0.0196457965  -0.0205069320  -0.0691013927  -0.1638129061  -0.0234622808
47  6  -0.0444920359  -0.0465549995   0.0226701486  -0.0743515622  -0.0422288154
47  7  -0.0058726737  -0.0069639608   0.0263162256  -0.0167578101  -0.0996045114
47  8  -0.1042126049   0.1047564406  -0.1122847204  -0.0292718347  -0.0277773530
47  9  -0.0426531817   0.0271920085   0.0069421883  -0.0043183648   0.0040360584
47 10   0.0073823476   0.0089801529   0.0086430306  -0.0488698885   0.0551529984
47 11  -0.0110020606   0.0094415927  -0.0253042845   0.0331903494   0.0045315518
47 12   0.0417830328  -0.0039329889   0.0730674762   0.0744687980  -0.0360899580
47 13   0.0213417196   0.0077161164  -0.0114036966  -0.0051496061   0.0137137870
47 14  -0.0149124895  -0.0061483386  -0.0047645097   0.0232677039  -0.0151984944
47 15   0.0082781910   0.0084878157
48  1   0.0186791107  -0.0813993357   0.2426232938   0.0145425125  -0.1324939097
48  2   0.0919638375   0.1148061859  -0.0798435867  -0.0000048472   0.0003054242
48  3   0.0014466156   0.0001246184  -0.0003960349   0.0023517690   0.0015456157
48  4   0.0017908899  -0.1434197569  -0.0769648009  -0.1100487731   0.0339399671
48  5  -0.0000441661   0.0001708087   0.0008467789   0.0027834447   0.0004568363
48  6   0.0002841578   0.0009486526  -0.0001220343  -0.0000157852   0.0007051529
48  7  -0.0007613980   0.0012084680  -0.0026513823   0.0004049955   0.0772852479
48  8   0.0815957884  -0.0781122604   0.0838409260  -0.0341015646   0.0646808791
48  9  -0.0197024393  -0.0498817647   0.0255866104  -0.0161203617   0.0226865774
48 10   0.0237033131   0.0371150354   0.0273622157  -0.1892560837   0.2077099115
48 11  -0.0422080499   0.0361606665  -0.0869475918  -0.0385271907  -0.0873064601
48 12   0.0566515891  -0.1749874518   0.1058112795   0.1962142367   0.1129582247
48 13  -0.0160879546  -0.0058476575   0.0103056352   0.0050021922  -0.0095538319
48 14   0.0101592702   0.0026009862   0.0013181730  -0.0185321747   0.0122311591
48 15  -0.0060071058  -0.0061575916
49  1  -0.1191865727   0.0994077139  -0.0241497050  -0.1067585530  -0.1339068298
49  2   0.0498176476   0.0662481923  -0.0384917417   0.0582460135   0.1110298655
49  3   0.0658895898   0.1562250251   0.0845919864  -0.0439470216   0.0212743319
49  4  -0.0994803154   0.1328621685   0.0057083275   0.1496783725  -0.1405907614
49  5  -0.0141640885   0.0141395139   0.0479282178   0.1115203287   0.0170802830
49  6  -0.0339192662  -0.0236978853  -0.0195018139  -0.0194431981  -0.0156015690
49  7  -0.0498199703   0.0178828849  -0.0391283020   0.0249354137   0.1250208971
49  8   0.1283106014  -0.1228323842   0.1314360643   0.0526793023  -0.0446634769
49  9   0.0469584640   0.0294927794   0.0107490894  -0.0068850368   0.0125288182
49 10  -0.0183218404  -0.0050845936  -0.0216426999  -0.1013048419   0.1103054342
49 11  -0.0222234561   0.0190126452   0.0595380526  -0.0172992958   0.0301551678
49 12  -0.0643562293   0.0830010604   0.0934951946   0.0496935695  -0.1326948499
49 13  -0.0119022942  -0.0045738490   0.0094316246   0.0074449149   0.0172111519
49 14  -0.0221385833   0.0186464772   0.0211770433   0.0124032365  -0.0092135226
49 15  -0.0215034346  -0.0236718846
50  1   0.1632887546   0.1024827456   0.0491738948  -0.1079010498  -0.0321821110
50  2   0.0511528015  -0.0371327609  -0.0916409163   0.1043607743  -0.1189706199
50  3  -0.0899148054  -0.2018390844  -0.1188514789   0.0626552573  -0.0297174507
50  4   0.1402279954   0.0975656471   0.0057414434   0.1080457048  -0.0997251897
50  5   0.0197634733  -0.0194836330  -0.0674626998  -0.1571185567  -0.0246639105
50  6   0.0468210734   0.0336653809   0.0268540428   0.0236032667   0.0196457883
50  7   0.0659620705  -0.0216720565   0.0467715732  -0.0310008458   0.0888460871
50  8   0.0931892895  -0.0994619548   0.1079978085   0.0371252875  -0.0324918577
50  9   0.0341600813   0.0216432750   0.0077300014  -0.0050201119   0.0080515860
50 10  -0.0128552456  -0.0037420895  -0.0151028419  -0.0689292094   0.0748520660
50 11  -0.0150478872   0.0128670667   0.0419955376  -0.0105979308   0.0224103837
50 12  -0.0445432228   0.0556844443   0.0660721310   0.0372573427  -0.0909314003
50 13  -0.0088246334  -0.0033937391   0.0070029508   0.0055373403   0.0127218756
50 14  -0.0163791398   0.0137513313   0.0155941789   0.0092372374  -0.0068418022
50 15  -0.0159089824  -0.0175081186
51  1  -0.0102710259   0.0072256138   0.2593844429  -0.0092173587   0.0677286816
51  2  -0.0502941849   0.0176700221   0.1593667609   0.0011171963   0.0035725242
51  3   0.0037374882   0.0045932717   0.0018883736  -0.0014287490   0.0004194546
51  4  -0.0019434767   0.1777281793   0.1263502767   0.1148501322   0.0076443168
51  5  -0.0002043058   0.0004211633   0.0015469954   0.0027569290   0.0008532857
51  6  -0.0009740530  -0.0000939197  -0.0006652278  -0.0023407868  -0.0013665781
51  7  -0.0022234246   0.0012605789  -0.0037268332   0.0020093686   0.1119765070
51  8   0.1139478781  -0.1177034256   0.1260107099  -0.0092646623  -0.0705999388
51  9  -0.0327775126   0.0591461142  -0.0192309675   0.0124409246  -0.0241384455
51 10   0.0299304765   0.0042423237   0.0355228321   0.1655892312  -0.1817745345
51 11   0.0364701354  -0.0312066516  -0.0144485173   0.0949007020   0.0536945161
51 12   0.0675261117  -0.1883327599   0.0044826283   0.1023824568   0.1819134879
51 13  -0.0114227242  -0.0044035764   0.0100840681   0.0077568295   0.0155690259
51 14  -0.0202141310   0.0148346436   0.0171555336   0.0137758431  -0.0098354809
51 15  -0.0204833611  -0.0225508317
52  1  -0.1412561055   0.1953876914   0.0499509817  -0.1910798068   0.0403128543
52  2   0.0432620068  -0.0704292210   0.0352458178   0.0010155859  -0.1007753170
52  3  -0.0651368296   0.0054188664   0.0816271471  -0.0435121734   0.0204629796
52  4  -0.0994054190  -0.1337658181  -0.0055625206  -0.1505152168   0.1408947154
52  5  -0.0132849260   0.0135632187  -0.0473121329  -0.1140521375  -0.0187130983
52  6   0.0338536370   0.0237359616   0.0221087266  -0.0292184565  -0.0212448517
52  7  -0.0527350910   0.0149270781   0.0145767208  -0.0097011017  -0.1240489697
52  8  -0.1319320589  -0.1301920534   0.1338498402   0.0526289905  -0.0410909031
52  9   0.0482911561   0.0281768640   0.0138686428  -0.0082030415  -0.0111052134
52 10   0.0189852554   0.0047462344   0.0211517810  -0.1026324660   0.1126414220
52 11   0.0226484224  -0.0199380753   0.0591789492  -0.0179969345   0.0291147087
52 12  -0.0644466222  -0.0830766540  -0.0938825153  -0.0494327231   0.1334290750
52 13  -0.0265875976  -0.0093084666  -0.0157602174  -0.0115876347  -0.0135232648
52 14   0.0183894278   0.0116873855   0.0144978559   0.0249977055  -0.0176901738
52 15   0.0105351216   0.0109399773
53  1   0.1594885073   0.0730955390  -0.0358105200  -0.0191517580  -0.0381307628
53  2  -0.1095656092   0.0408960013   0.0926758741   0.1863868883   0.1804989624
53  3   0.0981865668   0.0135808748  -0.1179568832   0.0618393617  -0.0296433560
53  4   0.1420206080  -0.0958278923  -0.0058678191  -0.1067279430   0.0982255637
53  5   0.0191213620  -0.0202479420   0.0679627658   0.1635507771   0.0262623624
53  6  -0.0470801478  -0.0342699433  -0.0318609951   0.0374305425   0.0258409339
53  7   0.0720096997  -0.0192542843  -0.0271552708   0.0208245043  -0.0887700112
53  8  -0.0941945885  -0.0941707775   0.0984188658   0.0370735523  -0.0301890785
53  9   0.0333930715   0.0209074439   0.0097968457  -0.0058020288  -0.0079000101
53 10   0.0127476396   0.0032943883   0.0143929784  -0.0699927665   0.0761920585
53 11   0.0153948587  -0.0135793753   0.0412512623  -0.0112020078   0.0211918260
53 12  -0.0441175929  -0.0553263586  -0.0661055552  -0.0362530401   0.0906557737
53 13  -0.0189669327  -0.0066513323  -0.0112679422  -0.0082860398  -0.0096040736
53 14   0.0131376039   0.0082884046   0.0103196924   0.0178547821  -0.0126848018
53 15   0.0075398817   0.0077680137
54  1   0.0168500249  -0.0747244010   0.2449584739   0.0134368870  -0.1181832874
54  2   0.0828872292   0.1067572866  -0.0649041020   0.0002609208   0.0005423289
54  3  -0.0010787595   0.0009211052   0.0015455696  -0.0006599470   0.0004708696
54  4  -0.0018847004  -0.1775431312  -0.1258231923  -0.1147910007  -0.0071523963
54  5  -0.0004102979   0.0003129471  -0.0011035054  -0.0022368096  -0.0001953669
54  6   0.0012108076   0.0002806884   0.0006892419  -0.0020887383  -0.0022677299
54  7  -0.0019307157   0.0002916937  -0.0019354099   0.0023786883  -0.1151947706
54  8  -0.1237122467  -0.1192855802   0.1225424555  -0.0089026200  -0.0695585547
54  9  -0.0322167638   0.0598327199  -0.0223682103   0.0133988434   0.0236509065
54 10  -0.0287236541  -0.0024389034  -0.0326751496   0.1647692615  -0.1816096225
54 11  -0.0365682409   0.0321758898  -0.0132258095   0.0967124342   0.0563315460
54 12   0.0676959381   0.1847370946  -0.0031597138  -0.0995651352  -0.1790229620
54 13  -0.0241334321  -0.0084236964  -0.0161751671  -0.0114688914  -0.0109810540
54 14   0.0153818240   0.0085311612   0.0110805707   0.0247214751  -0.0172531708
54 15   0.0092545438   0.0095403379
55  1  -0.1104925149   0.0620288323  -0.0529566690  -0.0730278666  -0.2017697219
55  2   0.0518824897   0.1206141986  -0.0654174161   0.0814243560   0.1949632471
55  3   0.1175404244   0.2185739936   0.1839323540  -0.0988376802   0.0489539467
55  4  -0.2191604749   0.1865476146   0.1237752797   0.1285335479  -0.0070748634
55  5   0.1691081294  -0.1673946939   0.0789090569   0.1943579118  -0.1206175100
55  6   0.2211433174   0.1598666024   0.1302773425   0.0775036022   0.0671798784
55  7   0.2524248005  -0.0882372991   0.2328607265  -0.1534996920   0.1325772802
55  8   0.1475439562  -0.1558820424   0.1711650868   0.1777581716   0.0167510513
55  9   0.2177252710  -0.0363528824   0.1617333762  -0.1020560925   0.1226064462
55 10  -0.1712985966  -0.0364780914  -0.2008235083   0.0892055965  -0.0967624885
55 11   0.1511763589  -0.1310222242  -0.0613291351   0.1935275271   0.0878523229
55 12   0.1653650914  -0.1553317916   0.0279203608   0.1089654937   0.1377485111
55 13   0.1477147218   0.0566052965  -0.1188867651  -0.0925930150  -0.2027261462
55 14   0.2611626786  -0.2030415704  -0.2317638574  -0.1497272534   0.1098253809
55 15   0.2392467368   0.2636969404
56  1   0.1648286193   0.1138673853   0.0822061154  -0.1418804932  -0.0299471054
56  2   0.1133628735  -0.0688523901  -0.1652155287   0.0723022242  -0.2343947695
56  3  -0.1636157968  -0.2878443437  -0.2571777936   0.1400423529  -0.0664106698
56  4   0.3071826535   0.1365704526   0.0889349329   0.0909701034  -0.0042929731
56  5  -0.2351133490   0.2333424505  -0.1110067287  -0.2733485392   0.1644604476
56  6  -0.3105609422  -0.2227171044  -0.1824534133  -0.1098914944  -0.0978800602
56  7  -0.3587367977   0.1258769831  -0.3358591338   0.2190994752   0.1031558117
56  8   0.0995846790  -0.0520532139   0.0512400611   0.1209278651   0.0080436027
56  9   0.1359592239  -0.0228045538   0.1066999417  -0.0666076316   0.0825088883
56 10  -0.1137100735  -0.0253962029  -0.1331749763   0.0629416851  -0.0667548705
56 11   0.1010920290  -0.0876679164  -0.0379729185   0.1319279384   0.0625188724
56 12   0.1115351808  -0.1074038083   0.0214197452   0.0767548351   0.0932134255
56 13   0.1097201574   0.0421475366  -0.0882620216  -0.0690070385  -0.1506203331
56 14   0.1939315966  -0.1508840220  -0.1719256818  -0.1114480019   0.0815879102
56 15   0.1778357784   0.1958536523
57  1  -0.0209254094   0.0385578936   0.2640295104  -0.0184337630   0.1394335144
57  2  -0.1025428942  -0.0155252832   0.2479630827   0.0016565863   0.0058868151
57  3   0.0075203629   0.0069469274   0.0059261519  -0.0044789883   0.0000450123
57  4  -0.0071322463   0.0862951270  -0.0691659052   0.1498967147  -0.2126551428
57  5   0.0065340546  -0.0063520804   0.0031355882   0.0068085880  -0.0025652294
57  6   0.0104113402   0.0069985021   0.0051702716   0.0002412865   0.0035359982
57  7   0.0116746525  -0.0026125795   0.0091393028  -0.0059818086   0.1210739600
57  8   0.1172571796  -0.1162395276   0.1253888120  -0.2062062957  -0.1803321379
57  9  -0.2964455241   0.1738290395  -0.2624298295   0.1650268654  -0.2030212866
57 10   0.2765963785   0.0557605202   0.3246816411  -0.1465090545   0.1559576650
57 11  -0.2444508752   0.2119037450   0.1992230045  -0.2331408023  -0.0180348416
57 12  -0.3143503361   0.1950556298   0.1284152641   0.0265087056  -0.2621516706
57 13   0.1370228400   0.0526766606  -0.1113447254  -0.0868209962  -0.1869619889
57 14   0.2411949140  -0.1843306775  -0.2105537335  -0.1416387300   0.1033760489
57 15   0.2218274118   0.2446338113
58  1  -0.1498411377   0.2327803031   0.0788263874  -0.2238135331   0.1081848576
58  2   0.0406441039  -0.1239065706   0.0637496070  -0.0225861889  -0.1841437952
58  3  -0.1175419010  -0.0542437588   0.1771534672  -0.0941597541   0.0449981515
58  4  -0.2154799125  -0.1896258922  -0.1257248552  -0.1273418061   0.0035062595
58  5   0.1641234598  -0.1660809753  -0.0763252126  -0.1764978586   0.1234480438
58  6  -0.2194246489  -0.1602323228  -0.1466615972   0.1655828452   0.1121583644
58  7   0.2838418405  -0.0736745252  -0.1470182443   0.1076123670  -0.1336448349
58  8  -0.1410535538  -0.1299051988   0.1397827503   0.1790283348   0.0220170357
58  9   0.2145716392  -0.0400248713   0.1834882829  -0.1085294915  -0.1212564010
58 10   0.1618978126   0.0243494529   0.1849200046   0.0910178728  -0.0967314226
58 11  -0.1509472249   0.1312546210  -0.0579396776   0.1951222611   0.0910225307
58 12   0.1640866084   0.1524854152  -0.0264407132  -0.1059219983  -0.1340995296
58 13   0.3182740844   0.1113341070   0.1918513615   0.1392050474   0.1512761022
58 14  -0.2079923060  -0.1220109478  -0.1534007818  -0.2855061450   0.2014794913
58 15  -0.1129704604  -0.1164818795
59  1   0.1580122785   0.0616409536  -0.0689277333   0.0154710047  -0.0404546121
59  2  -0.1722145545   0.0715926823   0.1648615009   0.2200089397   0.2989868451
59  3   0.1734870571   0.0989003028  -0.2542213021   0.1349807926  -0.0644870443
59  4   0.3076859665  -0.1308924902  -0.0875703732  -0.0909890540   0.0069064031
59  5  -0.2347321570   0.2369950864   0.1087220839   0.2530072468  -0.1772227209
59  6   0.3150976088   0.2281627412   0.2088074656  -0.2426307990  -0.1665034002
59  7  -0.4097527147   0.1089034093   0.2016608975  -0.1454179153  -0.0959880505
59  8  -0.1007208636  -0.0927473931   0.0868704249   0.1205122963   0.0139487858
59  9   0.1461596040  -0.0276290068   0.1219982150  -0.0730310153  -0.0799618044
59 10   0.1093801562   0.0157392464   0.1242719517   0.0635765788  -0.0661447045
59 11  -0.1019641269   0.0888067255  -0.0374947103   0.1326939663   0.0633962739
59 12   0.1102855343   0.1037146266  -0.0196503053  -0.0728434185  -0.0902092742
59 13   0.2272869838   0.0795334085   0.1370206194   0.0994290693   0.1078442304
59 14  -0.1485029422  -0.0869960659  -0.1094982228  -0.2037968804   0.1439985943
59 15  -0.0806792410  -0.0830559540
60  1   0.0274015250  -0.1067063605   0.2392283881   0.0222141091  -0.1906657686
60  2   0.1347099026   0.1413037137  -0.1525086459  -0.0001734108  -0.0008226392
60  3  -0.0026334284  -0.0004096578   0.0034301996  -0.0023845085   0.0009122014
60  4  -0.0043949776  -0.0868621756   0.0700734143  -0.1506686130   0.2134903569
60  5   0.0038556001  -0.0040508557  -0.0011213180  -0.0039197187   0.0031678034
60  6  -0.0043660457  -0.0035247555  -0.0026787384   0.0036953978   0.0017852223
60  7   0.0062040695  -0.0029923831  -0.0035793818   0.0041968636  -0.1272947553
60  8  -0.1388544987  -0.1166212662   0.1204902060  -0.2068865053  -0.1828566160
60  9  -0.2989331082   0.1800320002  -0.2955904156   0.1757696515   0.2004001486
60 10  -0.2606387168  -0.0335060429  -0.2977864550  -0.1521226926   0.1591173909
60 11   0.2451985537  -0.2133967047   0.1948601811  -0.2339837304  -0.0214691694
60 12  -0.3114957696  -0.1925034785  -0.1293139227  -0.0279836863   0.2593419190
60 13   0.2906487366   0.1016527377   0.1775715461   0.1283922646   0.1363028603
60 14  -0.1881146067  -0.1083479210  -0.1370076372  -0.2636185584   0.1857052949
60 15  -0.1026573949  -0.1057889955
61  1  -0.1270999194   0.1728620196   0.0371885559  -0.0905502800  -0.0018401882
61  2   0.0006207192  -0.0546112005   0.0177282875   0.0681299175   0.1171534757
61  3  -0.0475894289   0.1631949355  -0.0031422647   0.1026977711   0.0698751265
61  4   0.0634309495  -0.1364514112  -0.1828960268  -0.0262336637  -0.1486520888
61  5  -0.0137550759   0.0145034388  -0.0471886440  -0.1117304771  -0.0153241117
61  6  -0.0319091319  -0.0305124996   0.0133170740   0.0501003000   0.0290077053
61  7  -0.0006234604   0.0026199219   0.0398936522  -0.0281065436   0.1437903890
61  8   0.1489685145   0.1444984225  -0.1489197000  -0.0408012655  -0.0442668725
61  9  -0.0601586456   0.0408901278   0.0066981876  -0.0041480632  -0.0057987373
61 10  -0.0094144888  -0.0122525416  -0.0115855489  -0.0639837816   0.0711626607
61 11   0.0141204231  -0.0124229761  -0.0341280379   0.0484050120   0.0087689504
61 12   0.0587140046   0.0013523862  -0.1014869647  -0.1011329036   0.0548972649
61 13   0.0132180582   0.0047115308   0.0098462829   0.0043629589  -0.0215619047
61 14   0.0246511011  -0.0168343270  -0.0162773727   0.0236230899  -0.0137157632
61 15  -0.0261857461  -0.0290900329
62  1   0.1452576873   0.0871410187  -0.0210871817  -0.1569682449  -0.0187980265
62  2  -0.0203115272   0.0382085582   0.0693868559   0.0899976297  -0.1293136203
62  3   0.0721630967  -0.2115900225   0.0048396610  -0.1447158014  -0.0982368457
62  4  -0.0896414181  -0.0943499048  -0.1292323380  -0.0161401957  -0.1054224240
62  5   0.0191269987  -0.0199288161   0.0657055573   0.1577854652   0.0216758806
62  6   0.0436699675   0.0431869639  -0.0182532298  -0.0649856207  -0.0358955310
62  7   0.0028091104  -0.0045841644  -0.0479400151   0.0322806050   0.0986116353
62  8   0.1063906753   0.1130218181  -0.1160667717  -0.0295272048  -0.0295874260
62  9  -0.0443211803   0.0280586944   0.0054337435  -0.0033848810  -0.0039969322
62 10  -0.0074540840  -0.0095318616  -0.0089326262  -0.0480643660   0.0532438037
62 11   0.0105589966  -0.0093118723  -0.0254783526   0.0338829008   0.0050636745
62 12   0.0425560837   0.0037499191  -0.0733857160  -0.0746700791   0.0376319581
62 13   0.0094729223   0.0033728480   0.0070363074   0.0031174266  -0.0154483029
62 14   0.0176505264  -0.0120853596  -0.0116689051   0.0169049680  -0.0098065306
62 15  -0.0187318597  -0.0207988215
63  1  -0.0121005095   0.0138779880   0.2616916392  -0.0103320552   0.0820053464
63  2  -0.0593707880   0.0095418189   0.1741703604   0.0015637211   0.0035470161
63  3   0.0013044344   0.0038226738   0.0003381553   0.0021047203   0.0017189308
63  4   0.0016694172   0.1437186972   0.0771705241   0.1105049381  -0.0344555403
63  5  -0.0003409459   0.0002847288  -0.0010282387  -0.0021836326   0.0003161773
63  6  -0.0006981906  -0.0008106473   0.0000689920  -0.0001318316  -0.0001528850
63  7  -0.0013062195   0.0005145006  -0.0010616371   0.0005632885  -0.0737803618
63  8  -0.0763304049  -0.0794239585   0.0819847992  -0.0342093281   0.0648486906
63  9  -0.0196697897  -0.0489682100   0.0220015601  -0.0133310360  -0.0224686630
63 10  -0.0245879653  -0.0397023565  -0.0303048688  -0.1875928059   0.2084886519
63 11   0.0411836224  -0.0361888079  -0.0861917526  -0.0364673704  -0.0847776942
63 12   0.0575807825   0.1789513821  -0.1060134831  -0.1983709041  -0.1162610946
63 13  -0.0073485306  -0.0025802459  -0.0064386630  -0.0030569341   0.0114217352
63 14  -0.0128704317   0.0066239587   0.0060355604  -0.0136274047   0.0081580302
63 15   0.0143502076   0.0159278426
64  1  -0.1381453496   0.2208589302   0.0742395656  -0.1327985876   0.0852834969
64  2  -0.0026129239  -0.1231024001   0.0543820082   0.0393934789   0.0117056776
64  3  -0.1138758731   0.0882612780  -0.0798346121  -0.0568119363  -0.0901493128
64  4   0.0360986240  -0.0921722583  -0.0481399039  -0.0723666365   0.0247581329
64  5  -0.0143861911   0.0141235027   0.0467736165   0.1121916809  -0.0340667719
64  6   0.0009351965  -0.0081495168   0.0347791866  -0.0228406067  -0.0079479884
64  7   0.0517767290  -0.0189878645  -0.0281360128   0.0196035919   0.0192468911
64  8   0.0222585754  -0.0171426519   0.0189269696  -0.0131719241   0.0533097218
64  9   0.0012634577  -0.0424224344  -0.0202285329   0.0118950442   0.0409438656
64 10  -0.0083197640   0.0286656489  -0.0079390139   0.1674433320  -0.1831876239
64 11   0.0371290637  -0.0317593179  -0.0393164133  -0.0785995220  -0.0803642756
64 12  -0.0089420962   0.0476351590   0.1700737206   0.1433110099  -0.1412853910
64 13  -0.0027715054  -0.0009218356  -0.0038928697  -0.0021214870   0.0025091962
64 14  -0.0025778018  -0.0031666242  -0.0037213011  -0.0029073067   0.0022322215
64 15  -0.0015896488  -0.0016023283
65  1   0.1433499645   0.0724519203  -0.0635795638  -0.1126558435  -0.0217630333
65  2  -0.1006397529   0.0771870574   0.1614553214   0.1306490121   0.0192442180
65  3   0.1678919269  -0.1045537878   0.1131577700   0.0814469284   0.1279456376
65  4  -0.0511362357  -0.0651653863  -0.0351761148  -0.0490895420   0.0144919881
65  5   0.0206623647  -0.0198480163  -0.0670072964  -0.1594519637   0.0485079829
65  6  -0.0021441641   0.0118764907  -0.0494789928   0.0312417178   0.0110253318
65  7  -0.0728716729   0.0267427393   0.0378384140  -0.0275758034   0.0104864641
65  8   0.0104741281  -0.0150120991   0.0141640421  -0.0071382254   0.0372595709
65  9   0.0028900820  -0.0303963094  -0.0151940847   0.0087863436   0.0289845420
65 10  -0.0054258861   0.0208460499  -0.0053893439   0.1179753319  -0.1310025005
65 11   0.0262533730  -0.0224443325  -0.0269079749  -0.0559218375  -0.0566118602
65 12  -0.0070984615   0.0318563593   0.1203024335   0.1020720670  -0.0984271211
65 13  -0.0016765986  -0.0005519036  -0.0023624404  -0.0012619258   0.0016181422
65 14  -0.0016705055  -0.0019568383  -0.0022766631  -0.0019759395   0.0014723668
65 15  -0.0009144230  -0.0009392546
66  1   0.0014691259  -0.0270386479   0.2545757315   0.0010342663  -0.0108804763
66  2   0.0072575736   0.0542086115   0.0623514471   0.0010260976   0.0021138137
66  3  -0.0009832849   0.0020747773  -0.0013185018  -0.0006062943  -0.0013411242
66  4   0.0008814230   0.0161670853  -0.1627576549   0.1356666493  -0.2856126634
66  5  -0.0008435450   0.0006692628   0.0004867373   0.0019738158  -0.0007205770
66  6   0.0003350644  -0.0009228778   0.0002478855   0.0019489884   0.0008026016
66  7   0.0029004790  -0.0021078241   0.0040543960  -0.0009451738  -0.1892190496
66  8  -0.1960754185   0.1955554927  -0.2099978309   0.0779753303  -0.0022510474
66  9   0.0902871210  -0.0069208617  -0.0029981897   0.0016719636   0.0061684626
66 10  -0.0035049734   0.0024363576  -0.0040539139   0.0222603342  -0.0252392214
66 11   0.0057353687  -0.0049365054   0.0490368997  -0.0404223413   0.0068942748
66 12  -0.0679213610  -0.0921375686   0.0452666092   0.0929706096   0.0648008608
66 13   0.0315501766   0.0104254033   0.0423910683   0.0240731249  -0.0167975184
66 14   0.0154499201   0.0319280016   0.0357255480   0.0072221622  -0.0079525651
66 15   0.0219584563   0.0229465422
67  1  -0.1245522774   0.1926169893   0.0560958906  -0.0441342819   0.0330190908
67  2  -0.0356233728  -0.0969944864   0.0308400949   0.0997407027   0.2064071359
67  3  -0.0867300674   0.2319913241  -0.0103594707   0.2263161298   0.1555516528
67  4   0.1398935760  -0.1868051365  -0.1682246213  -0.0969883691  -0.0678122711
67  5   0.1708699477  -0.1679221264  -0.0844131942  -0.1929683427   0.1066629175
67  6   0.2089764549   0.2088265785  -0.0892719547  -0.2420277453  -0.1349700676
67  7   0.0168750204  -0.0169775060  -0.2381972622   0.1611927517   0.1505415799
67  8   0.1728544780   0.1819813054  -0.1849791984  -0.1314228151   0.0214529261
67  9  -0.1516663500   0.0014508577   0.1047434976  -0.0632249959  -0.0649088066
67 10  -0.0823769627  -0.1225960196  -0.0995890899   0.0559865713  -0.0632335307
67 11  -0.0975585918   0.0845300804   0.1088066484   0.0748676632   0.1262100097
67 12  -0.0556722392  -0.1239710066  -0.0017039263   0.0634139182   0.1227912087
67 13  -0.1634375984  -0.0580234965  -0.1221865434  -0.0544431750   0.2560202404
67 14  -0.2921058225   0.1854487384   0.1781863275  -0.2719570359   0.1585955025
67 15   0.2902203674   0.3228793976
68  1   0.1327804943   0.0865858224  -0.0427108050  -0.2290408509  -0.0061629544
68  2  -0.0137314405   0.0677164454   0.1246564730   0.0460486650  -0.2526687951
68  3   0.1274950632  -0.3058836764   0.0153587224  -0.3158218310  -0.2156291685
68  4  -0.1962822063  -0.1357891013  -0.1179409787  -0.0699528024  -0.0390036514
68  5  -0.2360804556   0.2325821329   0.1177429214   0.2703970969  -0.1452497358
68  6  -0.2914653519  -0.2882376826   0.1243180325   0.3417222377   0.1912400759
68  7  -0.0227171393   0.0225074820   0.3388800224  -0.2320467975   0.1166528271
68  8   0.1050344986   0.0591001774  -0.0632908275  -0.0955932022   0.0132241319
68  9  -0.0984775291  -0.0028402457   0.0756095104  -0.0456252426  -0.0484838671
68 10  -0.0604025231  -0.0882145737  -0.0730257965   0.0421552759  -0.0484620862
68 11  -0.0716634928   0.0623331599   0.0798226948   0.0535296420   0.0934348132
68 12  -0.0429579272  -0.0900130136   0.0024572729   0.0497396706   0.0861890065
68 13  -0.1175248992  -0.0416552404  -0.0878768589  -0.0390789017   0.1841462109
68 14  -0.2099109070   0.1334542398   0.1279794153  -0.1955905279   0.1139749257
68 15   0.2087508508   0.2319966274
69  1  -0.0241842368   0.0503184740   0.2680334651  -0.0204521477   0.1647266164
69  2  -0.1187035380  -0.0301026896   0.2739000538   0.0018267075   0.0038984562
69  3   0.0031126987   0.0045382542   0.0010115108   0.0025477575   0.0035564655
69  4   0.0007105537  -0.0096972018   0.1174381078  -0.0963654565   0.2058440986
69  5   0.0015955572  -0.0013961514  -0.0006623778  -0.0022454533   0.0034062208
69  6  -0.0008273579   0.0017182452  -0.0004847546  -0.0001770775  -0.0014639695
69  7  -0.0026550709  -0.0000328079  -0.0014930347  -0.0003313061  -0.0799900346
69  8  -0.0769780932  -0.0770417569   0.0793292513  -0.2877325563   0.2604333706
69  9  -0.2542142559  -0.1766215839   0.3015828447  -0.1817434070  -0.1935123737
69 10  -0.2335223236  -0.3538358937  -0.2828746146   0.1604197267  -0.1809930091
69 11  -0.2799651790   0.2429468424   0.3281827489   0.0020315183   0.2313321880
69 12  -0.2969208346  -0.1651419805   0.2042118274   0.2889052253   0.0477814665
69 13   0.0873337789   0.0309278174   0.0663298805   0.0298466703  -0.1362934807
69 14   0.1550013437  -0.0953650398  -0.0908923254   0.1460715570  -0.0855702712
69 15  -0.1548195071  -0.1723151705
70  1  -0.1442688596   0.2780970956   0.1220585767  -0.1197831525   0.1881884064
70  2  -0.0411597675  -0.2186989033   0.0967267940   0.0467451279   0.0170402331
70  3  -0.2049656864   0.0954503472  -0.1750101023  -0.1262713694  -0.1967141223
70  4   0.0790295524   0.1347480184   0.1103351858   0.0754455417   0.0330279966
70  5   0.1640277556  -0.1651675686   0.0773969904   0.1903785879   0.2241475577
70  6  -0.0105772603   0.0529387914  -0.2307206950   0.1008381934   0.0327590478
70  7  -0.2852960269   0.1020857663   0.1900600618  -0.1386285254   0.0231816198
70  8   0.0254345578  -0.0356680551   0.0294016087  -0.0360304919   0.3387107963
70  9   0.0617099126  -0.2789769923  -0.2840209177   0.1660655626   0.3744249163
70 10  -0.0687021295   0.2666882201  -0.0684016306  -0.1526897993   0.1550508597
70 11  -0.2472086824   0.2142236225   0.1171218097   0.3028880729   0.2857285729
70 12   0.0657266711  -0.0386068617  -0.2202028078  -0.1985831957   0.1610479421
70 13   0.0372392025   0.0123754713   0.0489863849   0.0278721803  -0.0205882634
70 14   0.0193458996   0.0354684868   0.0401213789   0.0114410558  -0.0111739496
70 15   0.0228250272   0.0236445783
71  1   0.1293200687   0.0604744322  -0.1183571528  -0.1506826730  -0.0113623994
71  2  -0.1564694797   0.1375564478   0.2887591876   0.1206958525   0.0119637310
71  3   0.2995465478  -0.1137398146   0.2495230751   0.1815724675   0.2804950419
71  4  -0.1106914522   0.0943748085   0.0828096992   0.0521443502   0.0240613393
71  5  -0.2336759322   0.2347221818  -0.1112270656  -0.2714930212  -0.3217328900
71  6   0.0129209152  -0.0755925462   0.3275840143  -0.1470338300  -0.0443022724
71  7   0.4125149530  -0.1471353621  -0.2760214733   0.1947994377   0.0133322370
71  8   0.0271289285   0.0112460957  -0.0028686982  -0.0282130400   0.2384539421
71  9   0.0404174021  -0.1916228205  -0.1965828720   0.1146208735   0.2628437208
71 10  -0.0486285194   0.1841536686  -0.0468917063  -0.1091268765   0.1164166725
71 11  -0.1739247803   0.1505674780   0.0831175855   0.2126473754   0.2016025326
71 12   0.0451523311  -0.0286499067  -0.1558969501  -0.1391709276   0.1146113207
71 13   0.0229189159   0.0074920949   0.0302766710   0.0169419343  -0.0126433750
71 14   0.0120003625   0.0221644288   0.0246651362   0.0073164197  -0.0069676764
71 15   0.0140025024   0.0146332073
72  1   0.0000000000  -0.0220749477   0.2559795563   0.0000000000   0.0000000000
72  2   0.0000000000   0.0484681251   0.0744756271   0.0011694196   0.0022692155
72  3  -0.0020009836   0.0022780990  -0.0023998946  -0.0012303757  -0.0026290075
72  4   0.0014966747   0.0484583850  -0.1388489907   0.1558192169  -0.2828016308
72  5   0.0012420584  -0.0015999573   0.0007425560   0.0028834622   0.0020333172
72  6   0.0002453126  -0.0002654256  -0.0032213983   0.0031856555   0.0013326301
72  7  -0.0008433848  -0.0005291546   0.0063742042  -0.0029964619  -0.2056288810
72  8  -0.2126871834   0.1926440174  -0.2076910968   0.0801557484   0.0378480808
72  9   0.1049339090  -0.0404752760  -0.0403639675   0.0235813861   0.0536868056
72 10  -0.0120845803   0.0363201952  -0.0126988016  -0.0239343021   0.0236020486
72 11  -0.0347757921   0.0301094415   0.0834100787   0.0077110713   0.0633101718
72 12  -0.0718855155  -0.1146177033  -0.0084394737   0.0514460375   0.1169496869
72 13  -0.3786474696  -0.1254189776  -0.4971784494  -0.2827786647   0.1964341848
72 14  -0.1807610514  -0.3568939786  -0.4003714024  -0.0836643709   0.0909512193
72 15  -0.2377059426  -0.2477904293
$end
