$dipgrad          cartesian dipole gradients
  -.45853606325365D+00  0.00000000000000D+00  0.65069071008075D-17
  0.00000000000000D+00  -.62093452999915D+00  0.00000000000000D+00
  -.37032280453958D-17  0.00000000000000D+00  -.34186094611079D+00
  0.22926803172685D+00  0.00000000000000D+00  -.80872620364392D-01
  0.00000000000000D+00  0.31046726509960D+00  0.00000000000000D+00
  -.10607183033950D+00  0.00000000000000D+00  0.17093047315543D+00
  0.22926803172685D+00  0.00000000000000D+00  0.80872620364392D-01
  0.00000000000000D+00  0.31046726509960D+00  0.00000000000000D+00
  0.10607183033950D+00  0.00000000000000D+00  0.17093047315543D+00
$end
