$hessian (projected)
 1  1   0.6646051287   0.0000000000   0.0000000000  -0.3323025643   0.0000000000
 1  2  -0.2564259154  -0.3323025643   0.0000000000   0.2564259154
 2  1   0.0000000000   0.0000000000   0.0000000000   0.0000000000   0.0000000000
 2  2   0.0000000000   0.0000000000   0.0000000000   0.0000000000
 3  1   0.0000000000   0.0000000000   0.4409805174  -0.1953295935   0.0000000000
 3  2  -0.2204902587   0.1953295935   0.0000000000  -0.2204902587
 4  1  -0.3323025643   0.0000000000  -0.1953295935   0.3634005289   0.0000000000
 4  2   0.2258777545  -0.0310979646   0.0000000000  -0.0305481609
 5  1   0.0000000000   0.0000000000   0.0000000000   0.0000000000   0.0000000000
 5  2   0.0000000000   0.0000000000   0.0000000000   0.0000000000
 6  1  -0.2564259154   0.0000000000  -0.2204902587   0.2258777545   0.0000000000
 6  2   0.2091824490   0.0305481609   0.0000000000   0.0113078097
 7  1  -0.3323025643   0.0000000000   0.1953295935  -0.0310979646   0.0000000000
 7  2   0.0305481609   0.3634005289   0.0000000000  -0.2258777545
 8  1   0.0000000000   0.0000000000   0.0000000000   0.0000000000   0.0000000000
 8  2   0.0000000000   0.0000000000   0.0000000000   0.0000000000
 9  1   0.2564259154   0.0000000000  -0.2204902587  -0.0305481609   0.0000000000
 9  2   0.0113078097  -0.2258777545   0.0000000000   0.2091824490
$end
