$vibrational normal modes
 1  1  -0.0495695309   0.0000000000   0.0000000000   0.4228415192   0.0493191980
 1  2   0.0990402263   0.0000000000  -0.0000000000   0.0703618918
 2  1   0.0000000000   1.0000000000   0.0000000000   0.0000000000   0.0000000000
 2  2   0.0000000000   0.0000000000   0.0000000000   0.0000000000
 3  1   0.0982078796   0.0000000000   0.0000000000   0.0613652336   0.2744736196
 3  2  -0.1282675402   0.0710657345   0.0493723061   0.0000000000
 4  1   0.3934059311   0.0000000000   0.0000000000   0.3754881795  -0.1624822044
 4  2   0.1980196653   0.4235188608  -0.5875730415  -0.5584233913
 5  1   0.0000000000   0.0000000000   1.0000000000   0.0000000000   0.0000000000
 5  2   0.0000000000   0.0000000000   0.0000000000   0.0000000000
 6  1  -0.4758444026   0.0000000000   0.0000000000   0.1227304673   0.5489472392
 6  2  -0.2565350803  -0.5640094017  -0.3918406673  -0.4309152100
 7  1   0.3934059311   0.0000000000   0.0000000000   0.3754881795  -0.1624822044
 7  2   0.1980196653  -0.4235188608   0.5875730415  -0.5584233913
 8  1   0.0000000000   0.0000000000   0.0000000000  -0.7213832853   0.7537160234
 8  2   0.9107714579   0.0000000000  -0.0000000000  -0.0000000000
 9  1   0.6722601619   0.0000000000   0.0000000000   0.0000000000   0.0000000000
 9  2   0.0000000000  -0.5640094017  -0.3918406673   0.4309152100
$end
