$dipgrad          cartesian dipole gradients
  -.45098611322679D+00  0.00000000000000D+00  0.18629642641911D-16
  0.00000000000000D+00  -.60314772940091D+00  0.00000000000000D+00
  0.23371333080641D-16  0.00000000000000D+00  -.32893873411615D+00
  0.22549305661341D+00  0.00000000000000D+00  -.85545549806456D-01
  0.00000000000000D+00  0.30157386470047D+00  0.00000000000000D+00
  -.10433771916381D+00  0.00000000000000D+00  0.16446936705808D+00
  0.22549305661341D+00  0.00000000000000D+00  0.85545549806456D-01
  0.00000000000000D+00  0.30157386470047D+00  0.00000000000000D+00
  0.10433771916380D+00  0.00000000000000D+00  0.16446936705808D+00
$end
