$hessian (projected)
 1  1   0.6364266728   0.0000000000   0.0000000000  -0.3182133364   0.0000000000
 1  2  -0.2474141377  -0.3182133364   0.0000000000   0.2474141377
 2  1   0.0000000000   0.0000000000   0.0000000000   0.0000000000   0.0000000000
 2  2   0.0000000000   0.0000000000   0.0000000000   0.0000000000
 3  1   0.0000000000   0.0000000000   0.4220584750  -0.1885899346   0.0000000000
 3  2  -0.2110292375   0.1885899346   0.0000000000  -0.2110292375
 4  1  -0.3182133364   0.0000000000  -0.1885899346   0.3480603467   0.0000000000
 4  2   0.2180020362  -0.0298470103   0.0000000000  -0.0294121016
 5  1   0.0000000000   0.0000000000   0.0000000000   0.0000000000   0.0000000000
 5  2   0.0000000000   0.0000000000   0.0000000000   0.0000000000
 6  1  -0.2474141377   0.0000000000  -0.2110292375   0.2180020362   0.0000000000
 6  2   0.2016981355   0.0294121016   0.0000000000   0.0093311020
 7  1  -0.3182133364   0.0000000000   0.1885899346  -0.0298470103   0.0000000000
 7  2   0.0294121016   0.3480603467   0.0000000000  -0.2180020362
 8  1   0.0000000000   0.0000000000   0.0000000000   0.0000000000   0.0000000000
 8  2   0.0000000000   0.0000000000   0.0000000000   0.0000000000
 9  1   0.2474141377   0.0000000000  -0.2110292375  -0.0294121016   0.0000000000
 9  2   0.0093311020  -0.2180020362   0.0000000000   0.2016981355
$end
