$vibrational normal modes
 1  1   0.4228841244   0.0000000000   0.0496747926   0.0000000000  -0.0498194296
 1  2   0.0990995237   0.0000000000  -0.0000000000   0.0701640075
 2  1   0.0000000000   1.0000000000   0.0000000000   0.0000000000   0.0000000000
 2  2   0.0000000000   0.0000000000   0.0000000000   0.0000000000
 3  1   0.0616925316   0.0000000000   0.2728608327   0.0000000000   0.0984761983
 3  2  -0.1293228914   0.0710120446   0.0494440368   0.0000000000
 4  1   0.3749175474   0.0000000000  -0.1624773076   0.0000000000   0.3953892387
 4  2   0.1996494002   0.4240902207  -0.5871899791  -0.5568528934
 5  1   0.0000000000   0.0000000000   0.0000000000   1.0000000000   0.0000000000
 5  2   0.0000000000   0.0000000000   0.0000000000   0.0000000000
 6  1   0.1233850631   0.0000000000   0.5457216653   0.0000000000  -0.4741318872
 6  2  -0.2586457828  -0.5635832942  -0.3924099541  -0.4329588446
 7  1   0.3749175474   0.0000000000  -0.1624773076   0.0000000000   0.3953892387
 7  2   0.1996494002  -0.4240902207   0.5871899791  -0.5568528934
 8  1  -0.7218121920   0.0000000000   0.7566171384   0.0000000000  -0.0000000000
 8  2   0.9093060361  -0.0000000000  -0.0000000000  -0.0000000000
 9  1   0.0000000000   0.0000000000   0.0000000000   0.0000000000   0.6710842839
 9  2   0.0000000000  -0.5635832942  -0.3924099541   0.4329588446
$end
