$coord
   -1.34047751551706     -3.30908476780416      4.58149304894123  h
   -0.84882110054897     -3.86469600503163      2.67275347116592  c
   -2.71296316917302     -4.00448783368119      0.82257213138129  c
   -4.65732955312491     -3.56543302231664      1.29435621102076  h
   -2.07873029728320     -4.69368209016600     -1.63569795246828  c
   -3.52897492459660     -4.79480651607937     -3.07888072784466  h
    0.42126864238463     -5.24700510875095     -2.24307353157405  c
    0.91658414069753     -5.77807745639874     -4.15839391405172  h
    2.28511486726812     -5.11213053101116     -0.39050656098726  c
    4.23178993222224     -5.53942057832329     -0.86398913587739  h
    1.64955111764313     -4.41972815460145      2.06690128252093  c
    3.10205736594735     -4.30186598422923      3.50614880518689  h
    3.95211802591410      7.21291405371333      0.71618579381517  h
    2.31537867726622      6.05004170210337      0.30756774046673  c
    2.62126926939882      3.50189214805362     -0.27271403959411  c
    4.49672876147658      2.67772635754501     -0.31383099291552  h
    0.52187207661949      2.00670342057955     -0.79629329478729  c
    0.75579228182481      0.02219254214033     -1.23575170640651  h
   -1.88582324320310      3.06379622689612     -0.73814149041029  c
   -3.51838334967713      1.89365169341882     -1.13979132180353  h
   -2.19531169004584      5.61123907006288     -0.15966947918360  c
   -4.07182165788871      6.43291076600730     -0.11460317823324  h
   -0.09372531539256      7.10544745621841      0.36402457192877  c
   -0.33328271206835      9.08938441943876      0.81593465945826  h
$user-defined bonds
$redundant
     number_of_atoms            24
     degrees_of_freedom         66
     internal_coordinates       78
     frozen_coordinates          0
# definitions of redundant internals
   1 k  1.0000000000000 stre   2    1           val=   2.04786
   2 k -0.7071066908454 bend   3    1    2      val=   0.00381
        0.7071068715277 bend  11    1    2
   3 k  1.0000000000000 outp   1   11    3    2 val=   0.42507
   4 k  1.0000000000000 stre   5    6           val=   2.04847
   5 k -0.7071067598717 bend   7    6    5      val=   0.03348
        0.7071068025014 bend   3    6    5
   6 k  1.0000000000000 outp   6    3    7    5 val=   0.14936
   7 k  1.0000000000000 stre   7    8           val=   2.04837
   8 k -0.7070613723405 bend   9    8    7      val=   0.90260
        0.7070611468801 bend   5    8    7
        0.0113468196695 bend  18    8    7
   9 k  0.0084617725009 bend   9    8    7      val= 112.77368
       -0.0075850505421 bend   5    8    7
        0.9999354306226 bend  18    8    7
  10 k  1.0000000000000 stre   9   10           val=   2.04849
  11 k -0.7071067701103 bend   7   10    9      val=   0.02141
        0.7071067922628 bend  11   10    9
  12 k  1.0000000000000 outp  10   11    7    9 val=  -0.20188
  13 k  1.0000000000000 stre  11   12           val=   2.04819
  14 k -0.7071067625309 bend   2   12   11      val=   0.01679
        0.7071067998422 bend   9   12   11
  15 k  1.0000000000000 outp  12    9    2   11 val=   0.31761
  16 k  1.0000000000000 stre  14   13           val=   2.04894
  17 k -0.7071067766118 bend  15   13   14      val=  -0.03946
        0.7071067857613 bend  23   13   14
  18 k  1.0000000000000 outp  13   23   15   14 val=   0.01862
  19 k  1.0000000000000 stre  15   16           val=   2.04897
  20 k -0.7071067778940 bend  17   16   15      val=   0.07925
        0.7071067844791 bend  14   16   15
  21 k  1.0000000000000 outp  16   14   17   15 val=   0.10422
  22 k  1.0000000000000 stre  21   22           val=   2.04902
  23 k -0.7071067810529 bend  23   22   21      val=   0.05163
        0.7071067813202 bend  19   22   21
  24 k  1.0000000000000 outp  22   19   23   21 val=   0.05346
  25 k  1.0000000000000 stre  23   24           val=   2.04881
  26 k -0.7071067809995 bend  21   24   23      val=  -0.00371
        0.7071067813736 bend  14   24   23
  27 k  1.0000000000000 outp  24   14   21   23 val=  -0.01350
  28 k  1.0000000000000 stre  17   15           val=   2.63006
  29 k  1.0000000000000 stre  15   14           val=   2.63123
  30 k  1.0000000000000 stre  14   23           val=   2.63075
  31 k  1.0000000000000 stre  23   21           val=   2.63127
  32 k  1.0000000000000 stre  21   19           val=   2.63057
  33 k -0.2886751345948 bend  19   15   17      val=   0.03665
       -0.2886751345948 bend  17   14   15
        0.5773502691896 bend  15   23   14
       -0.2886751345948 bend  14   21   23
       -0.2886751345948 bend  23   19   21
        0.5773502691896 bend  21   17   19
  34 k  0.5000000000000 bend  19   15   17      val=  -0.07005
       -0.5000000000000 bend  17   14   15
        0.5000000000000 bend  14   21   23
       -0.5000000000000 bend  23   19   21
  35 k -0.4082482904639 bend  19   15   17      val=   0.06056
        0.4082482904639 bend  17   14   15
       -0.4082482904639 bend  15   23   14
        0.4082482904639 bend  14   21   23
       -0.4082482904639 bend  23   19   21
        0.4082482904639 bend  21   17   19
  36 k -0.2886751345948 tors  17   15   14   23 val=   0.00315
       -0.2886751345948 tors  15   14   23   21
        0.5773502691896 tors  14   23   21   19
       -0.2886751345948 tors  23   21   19   17
       -0.2886751345948 tors  21   19   17   15
        0.5773502691896 tors  19   17   15   14
  37 k  0.5000000000000 tors  17   15   14   23 val=  -0.03094
       -0.5000000000000 tors  15   14   23   21
        0.5000000000000 tors  23   21   19   17
       -0.5000000000000 tors  21   19   17   15
  38 k -0.4082482904639 tors  17   15   14   23 val=  -0.02035
        0.4082482904639 tors  15   14   23   21
       -0.4082482904639 tors  14   23   21   19
        0.4082482904639 tors  23   21   19   17
       -0.4082482904639 tors  21   19   17   15
        0.4082482904639 tors  19   17   15   14
  39 k  0.7071067811865 tors  20   19   17   21 val= 180.29786
        0.7071067811865 tors  18   19   17   15
  40 k  1.0000000000000 stre   2    3           val=   2.63016
  41 k  1.0000000000000 stre   2   11           val=   2.63002
  42 k  1.0000000000000 stre   3    5           val=   2.63065
  43 k  1.0000000000000 stre   3    4           val=   2.04839
  44 k  1.0000000000000 stre   5    7           val=   2.63155
  45 k  1.0000000000000 stre   7    9           val=   2.63137
  46 k  1.0000000000000 stre   9   11           val=   2.63101
  47 k  1.0000000000000 stre  17   18           val=   2.04600
  48 k  1.0000000000000 stre  17   19           val=   2.63018
  49 k  1.0000000000000 stre  19   20           val=   2.04837
  50 k  1.0000000000000 bend  11    3    2      val= 120.00110
  51 k  0.0065847323866 bend   5    2    3      val=   0.02913
       -0.7103759204815 bend   4    2    3
        0.7037916544684 bend   4    5    3
  52 k -0.8164682790066 bend   5    2    3      val=  -0.01954
        0.4025343552098 bend   4    2    3
        0.4139391769956 bend   4    5    3
  53 k  1.0000000000000 outp   5    2    4    3 val=  -0.31773
  54 k  1.0000000000000 bend   3    7    5      val= 119.98731
  55 k  1.0000000000000 bend   5    9    7      val= 119.97597
  56 k  1.0000000000000 bend  11    7    9      val= 119.99736
  57 k  1.0000000000000 bend   9    2   11      val= 120.01154
  58 k  1.0000000000000 bend  19   18   17      val= 119.94965
  59 k  1.0000000000000 bend  17   20   19      val= 119.71324
  60 k  0.7071067811865 tors   4    3    2   11 val=  90.03450
        0.7071067811865 tors   5    3    2   11
  61 k  1.0000000000000 tors   9   11    2    3 val=   0.07173
  62 k  0.7071067811865 tors   7    5    3    2 val=  89.90886
        0.7071067811865 tors   7    5    3    4
  63 k  0.7071067811865 tors   9    7    5    3 val= -33.85845
        0.7071067811865 tors  18    7    5    3
  64 k  0.7071067811865 tors  11    9    7    5 val=  34.34781
        0.7071067811865 tors  11    9    7   18
  65 k  1.0000000000000 tors   2   11    9    7 val=   0.06199
  66 k  1.0000000000000 tors  20   19   17   18 val=  -0.19072
  67 k  1.0000000000000 stre   4   20           val=   6.08473
  68 k  1.0000000000000 stre   7   18           val=   5.37504
  69 k  1.0000000000000 bend  20    3    4      val=  85.55452
  70 k  0.7268624917618 bend  18    9    7      val=  77.94748
        0.6867830210990 bend  18    5    7
  71 k -0.6867830210990 bend  18    9    7      val=   3.26581
        0.7268624917618 bend  18    5    7
  72 k  1.0000000000000 bend   7   17   18      val= 169.73160
  73 k  1.0000000000000 bend   4   19   20      val= 125.68033
  74 k  0.7071067811865 tors  20    4    3    2 val=   9.49500
        0.7071067811865 tors  20    4    3    5
  75 k  1.0000000000000 tors  19   20    4    3 val= -47.82586
  76 k  0.7071067811865 tors  17   18    7    5 val= 116.02895
        0.7071067811865 tors  17   18    7    9
  77 k  1.0000000000000 tors   7   18   17   19 val= -13.67710
  78 k  1.0000000000000 tors   4   20   19   17 val=  48.28007
        66 non zero eigenvalues  of BmBt
           1           8.488679606    1    0
         1
           2           4.239742708    2    0
         2
           3           4.022430162    3    0
         3
           4           3.748883120    4    0
         4
           5           3.171553431    5    0
         5
           6           3.148193574    6    0
         6
           7           3.148071344    7    0
         7
           8           3.090522368    8    0
         8
           9           2.694517489    9    0
         9
          10           2.410735411   10    0
        10
          11           2.205744124   11    0
        11
          12           2.201215292   12    0
        12
          13           2.082868690   13    0
        13
          14           2.076908852   14    0
        14
          15           2.000005644   15    0
        15
          16           1.925843790   16    0
        16
          17           1.714224235   17    0
        17
          18           1.685190676   18    0
        18
          19           1.660568872   19    0
        19
          20           1.644021046   20    0
        20
          21           1.469241239   21    0
        21
          22           1.224884470   22    0
        22
          23           1.115205070   23    0
        23
          24           1.064902857   24    0
        24
          25           0.900332571   25    0
        25
          26           0.862657815   26    0
        26
          27           0.802726857   27    0
        27
          28           0.733131369   28    0
        28
          29           0.706148895   29    0
        29
          30           0.561786527   30    0
        30
          31           0.478137416   31    0
        31
          32           0.421662391   32    0
        32
          33           0.397785983   33    0
        33
          34           0.349730369   34    0
        34
          35           0.316839190   35    0
        35
          36           0.266470904   36    0
        36
          37           0.265721142   37    0
        37
          38           0.113627498   38    0
        38
          39           0.085762803   39    0
        39
          40           2.254827209   40    0
        40
          41           2.103641576   41    0
        41
          42           1.781660668   42    0
        42
          43           1.201521683   43    0
        43
          44           1.062862251   44    0
        44
          45           0.929628374   45    0
        45
          46           0.618201627   46    0
        46
          47           0.480365648   47    0
        47
          48           0.476698722   48    0
        48
          49           0.389059442   49    0
        49
          50           1.061615273    0    0
         0.000000000         0.000000000         0.000000000         0.000000000
         0.000000000         0.000000000         0.000000000         0.000000000
         0.000000000         0.000000000         0.000000000         0.000000000
         0.000000000         0.000000000         0.000000000         0.000000000
         0.000000000         0.000000000         0.000000000         0.000000000
         0.000000000         0.000000000         0.000000000         0.000000000
         0.000000000         0.000000000         0.000000000         0.000000000
         0.000000000         0.000000000         0.000000000         0.000000000
         0.000000000         0.000000000         0.000000000         0.000000000
         0.000000000         0.000000000         0.000000000         0.000000000
         0.000000000         0.000000000         0.000000000         0.000000000
         0.000000000         0.000000000         0.000000000         0.000000000
         0.000000000         0.003352160         0.008657813         0.008794612
         0.999692711         0.008884539        -0.012813842         0.011762249
        -0.006704653        -0.004950094        -0.000092935         0.000000000
         0.000000000         0.000000000         0.000000000         0.000000000
         0.000000000         0.000000000         0.000000000         0.000000000
         0.000000000         0.000000000         0.000000000         0.000000000
         0.000000000         0.000000000         0.000000000         0.000000000
         0.000000000         0.000000000
          51           0.839126746    0    0
         0.000000000         0.000000000         0.000000000         0.000000000
         0.000000000         0.000000000         0.000000000         0.000000000
         0.000000000         0.000000000         0.000000000         0.000000000
         0.000000000         0.000000000         0.000000000         0.000000000
         0.000000000         0.000000000         0.000000000         0.000000000
         0.000000000         0.000000000         0.000000000         0.000000000
         0.000000000         0.000000000         0.000000000         0.000000000
         0.000000000         0.000000000         0.000000000         0.000000000
         0.000000000         0.000000000         0.000000000         0.000000000
         0.000000000         0.000000000         0.000000000         0.000000000
         0.000000000         0.000000000         0.000000000         0.000000000
         0.000000000         0.000000000         0.000000000         0.000000000
         0.000000000         0.412596254         0.012556896         0.531600713
        -0.020863725         0.408349180        -0.361185077         0.340026174
        -0.365702576         0.003486631        -0.000027729         0.000000000
         0.000000000         0.000000000         0.000000000         0.000000000
         0.000000000         0.000000000         0.000000000         0.000000000
         0.000000000         0.000000000         0.000000000         0.000000000
         0.000000000         0.000000000         0.000000000         0.000000000
         0.000000000         0.000000000
          52           0.542574258    0    0
         0.000000000         0.000000000         0.000000000         0.000000000
         0.000000000         0.000000000         0.000000000         0.000000000
         0.000000000         0.000000000         0.000000000         0.000000000
         0.000000000         0.000000000         0.000000000         0.000000000
         0.000000000         0.000000000         0.000000000         0.000000000
         0.000000000         0.000000000         0.000000000         0.000000000
         0.000000000         0.000000000         0.000000000         0.000000000
         0.000000000         0.000000000         0.000000000         0.000000000
         0.000000000         0.000000000         0.000000000         0.000000000
         0.000000000         0.000000000         0.000000000         0.000000000
         0.000000000         0.000000000         0.000000000         0.000000000
         0.000000000         0.000000000         0.000000000         0.000000000
         0.000000000        -0.079745779         0.988506467         0.004482005
        -0.009089015         0.069998009        -0.065783343        -0.011091271
         0.083854610         0.003308631        -0.000386353         0.000000000
         0.000000000         0.000000000         0.000000000         0.000000000
         0.000000000         0.000000000         0.000000000         0.000000000
         0.000000000         0.000000000         0.000000000         0.000000000
         0.000000000         0.000000000         0.000000000         0.000000000
         0.000000000         0.000000000
          53           0.364728103    0    0
         0.000000000         0.000000000         0.000000000         0.000000000
         0.000000000         0.000000000         0.000000000         0.000000000
         0.000000000         0.000000000         0.000000000         0.000000000
         0.000000000         0.000000000         0.000000000         0.000000000
         0.000000000         0.000000000         0.000000000         0.000000000
         0.000000000         0.000000000         0.000000000         0.000000000
         0.000000000         0.000000000         0.000000000         0.000000000
         0.000000000         0.000000000         0.000000000         0.000000000
         0.000000000         0.000000000         0.000000000         0.000000000
         0.000000000         0.000000000         0.000000000         0.000000000
         0.000000000         0.000000000         0.000000000         0.000000000
         0.000000000         0.000000000         0.000000000         0.000000000
         0.000000000         0.216927784        -0.006016146         0.562571948
         0.006805108         0.166646897         0.367804877        -0.609745994
         0.317600306        -0.022082657         0.013162248         0.000000000
         0.000000000         0.000000000         0.000000000         0.000000000
         0.000000000         0.000000000         0.000000000         0.000000000
         0.000000000         0.000000000         0.000000000         0.000000000
         0.000000000         0.000000000         0.000000000         0.000000000
         0.000000000         0.000000000
          54           0.332966304    0    0
         0.000000000         0.000000000         0.000000000         0.000000000
         0.000000000         0.000000000         0.000000000         0.000000000
         0.000000000         0.000000000         0.000000000         0.000000000
         0.000000000         0.000000000         0.000000000         0.000000000
         0.000000000         0.000000000         0.000000000         0.000000000
         0.000000000         0.000000000         0.000000000         0.000000000
         0.000000000         0.000000000         0.000000000         0.000000000
         0.000000000         0.000000000         0.000000000         0.000000000
         0.000000000         0.000000000         0.000000000         0.000000000
         0.000000000         0.000000000         0.000000000         0.000000000
         0.000000000         0.000000000         0.000000000         0.000000000
         0.000000000         0.000000000         0.000000000         0.000000000
         0.000000000        -0.016544373        -0.009214742         0.013924125
         0.003313862         0.025153108        -0.010999645        -0.016965630
         0.030710277         0.672243981        -0.738606738         0.000000000
         0.000000000         0.000000000         0.000000000         0.000000000
         0.000000000         0.000000000         0.000000000         0.000000000
         0.000000000         0.000000000         0.000000000         0.000000000
         0.000000000         0.000000000         0.000000000         0.000000000
         0.000000000         0.000000000
          55           0.313506412    0    0
         0.000000000         0.000000000         0.000000000         0.000000000
         0.000000000         0.000000000         0.000000000         0.000000000
         0.000000000         0.000000000         0.000000000         0.000000000
         0.000000000         0.000000000         0.000000000         0.000000000
         0.000000000         0.000000000         0.000000000         0.000000000
         0.000000000         0.000000000         0.000000000         0.000000000
         0.000000000         0.000000000         0.000000000         0.000000000
         0.000000000         0.000000000         0.000000000         0.000000000
         0.000000000         0.000000000         0.000000000         0.000000000
         0.000000000         0.000000000         0.000000000         0.000000000
         0.000000000         0.000000000         0.000000000         0.000000000
         0.000000000         0.000000000         0.000000000         0.000000000
         0.000000000        -0.481227893        -0.149917630         0.029701505
        -0.004352054         0.505521931        -0.478899612        -0.027260528
         0.507259380        -0.019840677         0.041196723         0.000000000
         0.000000000         0.000000000         0.000000000         0.000000000
         0.000000000         0.000000000         0.000000000         0.000000000
         0.000000000         0.000000000         0.000000000         0.000000000
         0.000000000         0.000000000         0.000000000         0.000000000
         0.000000000         0.000000000
          56           0.228223515    0    0
         0.000000000         0.000000000         0.000000000         0.000000000
         0.000000000         0.000000000         0.000000000         0.000000000
         0.000000000         0.000000000         0.000000000         0.000000000
         0.000000000         0.000000000         0.000000000         0.000000000
         0.000000000         0.000000000         0.000000000         0.000000000
         0.000000000         0.000000000         0.000000000         0.000000000
         0.000000000         0.000000000         0.000000000         0.000000000
         0.000000000         0.000000000         0.000000000         0.000000000
         0.000000000         0.000000000         0.000000000         0.000000000
         0.000000000         0.000000000         0.000000000         0.000000000
         0.000000000         0.000000000         0.000000000         0.000000000
         0.000000000         0.000000000         0.000000000         0.000000000
         0.000000000        -0.007029819         0.000249338        -0.002494382
        -0.003903633         0.006559044        -0.009981830         0.005029505
         0.003531561        -0.739702049        -0.672747733         0.000000000
         0.000000000         0.000000000         0.000000000         0.000000000
         0.000000000         0.000000000         0.000000000         0.000000000
         0.000000000         0.000000000         0.000000000         0.000000000
         0.000000000         0.000000000         0.000000000         0.000000000
         0.000000000         0.000000000
          57           0.706353150    0    0
         0.000000000         0.000000000         0.000000000         0.000000000
         0.000000000         0.000000000         0.000000000         0.000000000
         0.000000000         0.000000000         0.000000000         0.000000000
         0.000000000         0.000000000         0.000000000         0.000000000
         0.000000000         0.000000000         0.000000000         0.000000000
         0.000000000         0.000000000         0.000000000         0.000000000
         0.000000000         0.000000000         0.000000000         0.000000000
         0.000000000         0.000000000         0.000000000         0.000000000
         0.000000000         0.000000000         0.000000000         0.000000000
         0.000000000         0.000000000         0.000000000         0.000000000
         0.000000000         0.000000000         0.000000000         0.000000000
         0.000000000         0.000000000         0.000000000         0.000000000
         0.000000000         0.000000000         0.000000000         0.000000000
         0.000000000         0.000000000         0.000000000         0.000000000
         0.000000000         0.000000000         0.000000000         0.007376100
        -0.003065271        -0.060676714        -0.027775685        -0.002262161
         0.038376197         0.996998092         0.000000000         0.000000000
         0.000000000         0.000000000         0.000000000         0.000000000
         0.000000000         0.000000000         0.000000000         0.000000000
         0.000000000         0.000000000
          58           0.641523040    0    0
         0.000000000         0.000000000         0.000000000         0.000000000
         0.000000000         0.000000000         0.000000000         0.000000000
         0.000000000         0.000000000         0.000000000         0.000000000
         0.000000000         0.000000000         0.000000000         0.000000000
         0.000000000         0.000000000         0.000000000         0.000000000
         0.000000000         0.000000000         0.000000000         0.000000000
         0.000000000         0.000000000         0.000000000         0.000000000
         0.000000000         0.000000000         0.000000000         0.000000000
         0.000000000         0.000000000         0.000000000         0.000000000
         0.000000000         0.000000000         0.000000000         0.000000000
         0.000000000         0.000000000         0.000000000         0.000000000
         0.000000000         0.000000000         0.000000000         0.000000000
         0.000000000         0.000000000         0.000000000         0.000000000
         0.000000000         0.000000000         0.000000000         0.000000000
         0.000000000         0.000000000         0.000000000        -0.366056275
         0.188882558         0.588648521        -0.511155344         0.387019937
        -0.267312456         0.036040740         0.000000000         0.000000000
         0.000000000         0.000000000         0.000000000         0.000000000
         0.000000000         0.000000000         0.000000000         0.000000000
         0.000000000         0.000000000
          59           0.302050067    0    0
         0.000000000         0.000000000         0.000000000         0.000000000
         0.000000000         0.000000000         0.000000000         0.000000000
         0.000000000         0.000000000         0.000000000         0.000000000
         0.000000000         0.000000000         0.000000000         0.000000000
         0.000000000         0.000000000         0.000000000         0.000000000
         0.000000000         0.000000000         0.000000000         0.000000000
         0.000000000         0.000000000         0.000000000         0.000000000
         0.000000000         0.000000000         0.000000000         0.000000000
         0.000000000         0.000000000         0.000000000         0.000000000
         0.000000000         0.000000000         0.000000000         0.000000000
         0.000000000         0.000000000         0.000000000         0.000000000
         0.000000000         0.000000000         0.000000000         0.000000000
         0.000000000         0.000000000         0.000000000         0.000000000
         0.000000000         0.000000000         0.000000000         0.000000000
         0.000000000         0.000000000         0.000000000         0.625187403
        -0.198177511        -0.263414344        -0.206915829         0.596772329
        -0.318351589        -0.013422433         0.000000000         0.000000000
         0.000000000         0.000000000         0.000000000         0.000000000
         0.000000000         0.000000000         0.000000000         0.000000000
         0.000000000         0.000000000
          60           0.239331610    0    0
         0.000000000         0.000000000         0.000000000         0.000000000
         0.000000000         0.000000000         0.000000000         0.000000000
         0.000000000         0.000000000         0.000000000         0.000000000
         0.000000000         0.000000000         0.000000000         0.000000000
         0.000000000         0.000000000         0.000000000         0.000000000
         0.000000000         0.000000000         0.000000000         0.000000000
         0.000000000         0.000000000         0.000000000         0.000000000
         0.000000000         0.000000000         0.000000000         0.000000000
         0.000000000         0.000000000         0.000000000         0.000000000
         0.000000000         0.000000000         0.000000000         0.000000000
         0.000000000         0.000000000         0.000000000         0.000000000
         0.000000000         0.000000000         0.000000000         0.000000000
         0.000000000         0.000000000         0.000000000         0.000000000
         0.000000000         0.000000000         0.000000000         0.000000000
         0.000000000         0.000000000         0.000000000        -0.279039306
         0.577451712        -0.364658473         0.405326681         0.195635166
        -0.502976693         0.012743362         0.000000000         0.000000000
         0.000000000         0.000000000         0.000000000         0.000000000
         0.000000000         0.000000000         0.000000000         0.000000000
         0.000000000         0.000000000
          61           0.759745962    0    0
         0.000000000         0.000000000         0.000000000         0.000000000
         0.000000000         0.000000000         0.000000000         0.000000000
         0.000000000         0.000000000         0.000000000         0.000000000
         0.000000000         0.000000000         0.000000000         0.000000000
         0.000000000         0.000000000         0.000000000         0.000000000
         0.000000000         0.000000000         0.000000000         0.000000000
         0.000000000         0.000000000         0.000000000         0.000000000
         0.000000000         0.000000000         0.000000000         0.000000000
         0.000000000         0.000000000         0.000000000         0.000000000
         0.000000000         0.000000000         0.000000000         0.000000000
         0.000000000         0.000000000         0.000000000         0.000000000
         0.000000000         0.000000000         0.000000000         0.000000000
         0.000000000         0.000000000         0.000000000         0.000000000
         0.000000000         0.000000000         0.000000000         0.000000000
         0.000000000         0.000000000         0.000000000         0.000000000
         0.000000000         0.000000000         0.000000000         0.000000000
         0.000000000         0.000000000         0.686040181        -0.042780636
        -0.051966554         0.111410980        -0.019478862        -0.006613902
        -0.113872705         0.086406740        -0.058865338         0.527823632
        -0.438348326         0.131671185
          62           0.436892244    0    0
         0.000000000         0.000000000         0.000000000         0.000000000
         0.000000000         0.000000000         0.000000000         0.000000000
         0.000000000         0.000000000         0.000000000         0.000000000
         0.000000000         0.000000000         0.000000000         0.000000000
         0.000000000         0.000000000         0.000000000         0.000000000
         0.000000000         0.000000000         0.000000000         0.000000000
         0.000000000         0.000000000         0.000000000         0.000000000
         0.000000000         0.000000000         0.000000000         0.000000000
         0.000000000         0.000000000         0.000000000         0.000000000
         0.000000000         0.000000000         0.000000000         0.000000000
         0.000000000         0.000000000         0.000000000         0.000000000
         0.000000000         0.000000000         0.000000000         0.000000000
         0.000000000         0.000000000         0.000000000         0.000000000
         0.000000000         0.000000000         0.000000000         0.000000000
         0.000000000         0.000000000         0.000000000         0.000000000
         0.000000000         0.000000000         0.000000000         0.000000000
         0.000000000         0.000000000         0.699618033         0.174017848
        -0.105831426        -0.035240995         0.142423947         0.017530568
         0.048842885        -0.078451624         0.033758659        -0.557773019
         0.334072304        -0.121750977
          63           0.321108973    0    0
         0.000000000         0.000000000         0.000000000         0.000000000
         0.000000000         0.000000000         0.000000000         0.000000000
         0.000000000         0.000000000         0.000000000         0.000000000
         0.000000000         0.000000000         0.000000000         0.000000000
         0.000000000         0.000000000         0.000000000         0.000000000
         0.000000000         0.000000000         0.000000000         0.000000000
         0.000000000         0.000000000         0.000000000         0.000000000
         0.000000000         0.000000000         0.000000000         0.000000000
         0.000000000         0.000000000         0.000000000         0.000000000
         0.000000000         0.000000000         0.000000000         0.000000000
         0.000000000         0.000000000         0.000000000         0.000000000
         0.000000000         0.000000000         0.000000000         0.000000000
         0.000000000         0.000000000         0.000000000         0.000000000
         0.000000000         0.000000000         0.000000000         0.000000000
         0.000000000         0.000000000         0.000000000         0.000000000
         0.000000000         0.000000000         0.000000000         0.000000000
         0.000000000         0.000000000        -0.073205104         0.939637766
         0.092543804        -0.089153024         0.000321389        -0.050331527
         0.046986501        -0.226575442         0.011905173         0.168998941
        -0.100143695        -0.020015043
          64           0.113480341    0    0
         0.000000000         0.000000000         0.000000000         0.000000000
         0.000000000         0.000000000         0.000000000         0.000000000
         0.000000000         0.000000000         0.000000000         0.000000000
         0.000000000         0.000000000         0.000000000         0.000000000
         0.000000000         0.000000000         0.000000000         0.000000000
         0.000000000         0.000000000         0.000000000         0.000000000
         0.000000000         0.000000000         0.000000000         0.000000000
         0.000000000         0.000000000         0.000000000         0.000000000
         0.000000000         0.000000000         0.000000000         0.000000000
         0.000000000         0.000000000         0.000000000         0.000000000
         0.000000000         0.000000000         0.000000000         0.000000000
         0.000000000         0.000000000         0.000000000         0.000000000
         0.000000000         0.000000000         0.000000000         0.000000000
         0.000000000         0.000000000         0.000000000         0.000000000
         0.000000000         0.000000000         0.000000000         0.000000000
         0.000000000         0.000000000         0.000000000         0.000000000
         0.000000000         0.000000000         0.074718890        -0.146592994
         0.192447881        -0.086458369        -0.139655793         0.369136022
         0.055965151        -0.369713307         0.580312153         0.205688201
         0.018203926        -0.503418275
          65           0.064745357    0    0
         0.000000000         0.000000000         0.000000000         0.000000000
         0.000000000         0.000000000         0.000000000         0.000000000
         0.000000000         0.000000000         0.000000000         0.000000000
         0.000000000         0.000000000         0.000000000         0.000000000
         0.000000000         0.000000000         0.000000000         0.000000000
         0.000000000         0.000000000         0.000000000         0.000000000
         0.000000000         0.000000000         0.000000000         0.000000000
         0.000000000         0.000000000         0.000000000         0.000000000
         0.000000000         0.000000000         0.000000000         0.000000000
         0.000000000         0.000000000         0.000000000         0.000000000
         0.000000000         0.000000000         0.000000000         0.000000000
         0.000000000         0.000000000         0.000000000         0.000000000
         0.000000000         0.000000000         0.000000000         0.000000000
         0.000000000         0.000000000         0.000000000         0.000000000
         0.000000000         0.000000000         0.000000000         0.000000000
         0.000000000         0.000000000         0.000000000         0.000000000
         0.000000000         0.000000000         0.039410123         0.132098274
         0.402282724        -0.097120149        -0.443881104         0.284638015
        -0.480909040         0.458512952        -0.130211525        -0.207389920
        -0.072530532        -0.157955724
          66           0.018354848    0    0
         0.000000000         0.000000000         0.000000000         0.000000000
         0.000000000         0.000000000         0.000000000         0.000000000
         0.000000000         0.000000000         0.000000000         0.000000000
         0.000000000         0.000000000         0.000000000         0.000000000
         0.000000000         0.000000000         0.000000000         0.000000000
         0.000000000         0.000000000         0.000000000         0.000000000
         0.000000000         0.000000000         0.000000000         0.000000000
         0.000000000         0.000000000         0.000000000         0.000000000
         0.000000000         0.000000000         0.000000000         0.000000000
         0.000000000         0.000000000         0.000000000         0.000000000
         0.000000000         0.000000000         0.000000000         0.000000000
         0.000000000         0.000000000         0.000000000         0.000000000
         0.000000000         0.000000000         0.000000000         0.000000000
         0.000000000         0.000000000         0.000000000         0.000000000
         0.000000000         0.000000000         0.000000000         0.000000000
         0.000000000         0.000000000         0.000000000         0.000000000
         0.000000000         0.000000000         0.046824790         0.126163590
         0.028647744         0.483406317        -0.329129669        -0.140341650
         0.472017998         0.462191842         0.209491464         0.172152456
         0.321710221        -0.076959810
$end
