$dipgrad          cartesian dipole gradients
  0.51281221293511D-01  0.22216838301285D-01  0.31488270313654D-01
  0.24481940714249D-01  0.12102192502148D+00  -.66790131391320D-01
  0.31449664305300D-01  -.56102450826649D-01  -.70498853836845D-01
  -.65171154347668D-01  -.16325085724349D-02  -.40107746993691D-01
  -.23584694234509D-01  -.13689940024896D+00  0.73656420729829D-01
  -.38378648202950D-01  0.23382803155145D-01  0.78657049947708D-01
  0.86107641223345D-01  -.16260583815883D-01  -.37966859174060D-01
  -.58875158373028D-01  -.14137559550718D+00  0.23114936806059D-01
  -.29337981722915D-01  0.14797718179459D-01  -.64250560109948D-01
  -.77986586742243D-01  0.50358598973666D-01  0.32911914095243D-01
  0.60939094182989D-01  0.12806421972560D+00  -.24884040363683D-01
  0.25907225449022D-01  -.26868041940364D-01  0.54221565009726D-01
  0.27742838651696D-01  0.21201490810723D-01  0.91896605383623D-01
  -.11942485650460D-01  -.14920294310062D+00  0.18148638344386D-01
  0.92297827365268D-01  0.45158179704262D-01  0.16009427329143D-01
  -.19130813057052D-01  0.38363756684954D-02  -.83709130612654D-01
  0.13818814771754D-01  0.13586653446748D+00  -.13321592805583D-01
  -.84156665199270D-01  -.24377789070228D-01  -.17744451322001D-01
  -.48728420560148D-01  -.34381001450086D-01  -.36101387943917D-01
  -.22885409898332D-01  -.12797274350191D+00  0.54515648143237D-01
  -.31601660115367D-01  0.83680724393033D-01  0.86022367235615D-01
  0.54317801686201D-01  0.23868239281892D-01  0.36490621019346D-01
  0.18259336060876D-01  0.12236282898204D+00  -.48278516115600D-01
  0.34644531738736D-01  -.64432476582866D-01  -.81422228225358D-01
  0.98231275264364D-01  -.74221005041622D-01  -.32927463539455D-01
  -.39185379013548D-01  -.13606590381603D+00  0.24206868414490D-01
  -.33220899038449D-01  0.17968357358916D-01  -.55676514125049D-01
  -.86601772178631D-01  0.50438478967139D-01  0.34470602456167D-01
  0.32696700400823D-01  0.12713476058405D+00  -.20661006955424D-01
  0.35835297860978D-01  -.28832061157591D-01  0.56222683791107D-01
  0.22794780794555D-01  -.12243558985937D-01  0.97670748354853D-01
  0.57215270443439D-02  -.14536804978228D+00  0.27181355277985D-01
  0.90726169855824D-01  -.13937740819759D-01  0.15728714983848D-01
  -.18734658840359D-01  0.94229293528477D-02  -.85186369311818D-01
  -.59023245973857D-02  0.13299646473486D+00  -.28358022133627D-01
  -.77947320747929D-01  -.23089429603288D-01  -.14561755732545D-01
  -.55207407623195D-01  -.87594252845991D-01  -.34108985626104D-01
  -.80823808302111D-01  -.18268939132325D-02  -.32703627379926D-01
  -.34452780747166D-01  -.38763547974272D-01  0.11871974603684D+00
  0.63121904325663D-01  0.68432044553493D-01  0.36300982193926D-01
  0.80464553822820D-01  -.71758929390658D-02  0.41285217644800D-01
  0.36539597215253D-01  0.45224237785029D-01  -.11297555924087D+00
  0.72103117754718D-01  -.53272952184182D-01  -.45090363263751D-02
  -.63953425108020D-01  -.49936723854488D-01  0.30450675511817D-01
  0.85078058585408D-02  0.26498009290632D-01  -.10593684901057D+00
  -.77173077644398D-01  0.68790828166817D-01  0.42386481861678D-03
  0.79056557337794D-01  0.42804699850946D-01  -.17154202342307D-01
  -.33110619535615D-02  -.20719465630430D-01  0.11495421236870D+00
  -.45468797569994D-01  -.33767455866470D-01  0.11726848269917D-01
  0.71408089057215D-02  0.10389935731435D+00  0.81272873107166D-02
  0.11325717358644D-01  0.53833553962805D-01  -.10549597418031D+00
  0.21439090360997D-01  0.36908466193475D-01  -.11328918930477D-01
  0.26841267458494D-01  0.23077455517219D-01  -.59590695854046D-01
  -.11173705785097D-01  -.65974320944907D-01  0.87555194234961D-01
  0.97280694908095D-02  0.85992544375494D-01  0.20128762472089D-01
  0.48508777993886D-01  -.35766848391148D-01  0.39390389443042D-01
  0.10935452078200D-01  0.61164705912571D-01  -.10236014834434D+00
  -.36227276589640D-01  -.10259862196925D+00  -.25692699371948D-01
  -.89887847930977D-01  0.25320801120650D-01  -.40648828147366D-01
  -.21998660408189D-01  -.45295650214964D-01  0.10143689237754D+00
  0.11042646784812D+00  -.85163503161784D-01  0.22376635402623D-02
  -.64976069334952D-01  -.23347449620738D-01  0.21647594575858D-01
  -.79357885876157D-02  0.43328138021021D-01  -.12383636989314D+00
  -.92097061339758D-01  0.74517749031912D-01  -.27164611811826D-02
  0.62767507046575D-01  0.29541195488206D-01  -.14276226402361D-01
  -.21680155819006D-02  -.16739477272026D-01  0.12397782056746D+00
  -.57469659857103D-01  -.35210741906778D-01  -.12145540778099D-02
  -.21197073554488D-01  0.76943443761913D-01  0.58156283253080D-01
  -.20588075371045D-02  0.65378534429191D-01  -.11719958460389D+00
  0.62702477655802D-01  0.20361602123039D-01  -.17726982823660D-03
  0.22516790257422D-01  -.11409524189489D+00  -.53214425564042D-01
  -.42729345824031D-03  -.55282510154712D-01  0.11845317474213D+00
$end
