$energy      SCF               SCFKIN            SCFPOT
     1 -464.5273308595      458.7889059422     -923.3162368017
     2 -464.5747941960      459.2467865452     -923.8215807412
     3 -464.6530827502      460.2319721175     -924.8850548676
     4 -464.7060376105      461.2744344322     -925.9804720427
     5 -464.7284348511      462.3417492779     -927.0701841290
     6 -464.7290875513      462.5353996720     -927.2644872233
     7 -464.7279576020      462.5803150474     -927.3082726494
     8 -464.7286484457      462.5337992066     -927.2624476524
     9 -464.7292962313      462.4888979608     -927.2181941921
    10 -464.7290131150      462.5085743833     -927.2375874983
    11 -464.7292181935      462.5069204161     -927.2361386097
    12 -464.7294166628      462.5051183504     -927.2345350132
    13 -464.7290744327      462.5029310791     -927.2320055118
    14 -464.7292568392      462.5030689932     -927.2323258324
    15 -464.7294490839      462.5059795936     -927.2354286775
    16 -464.7293130930      462.4961512881     -927.2254643811
    17 -464.7294177725      462.5011283153     -927.2305460878
    18 -464.7294796209      462.5026099626     -927.2320895835
    19 -464.7294638014      462.5045324779     -927.2339962793
    20 -464.7294893673      462.5040520177     -927.2335413850
    21 -464.7295126042      462.5050603146     -927.2345729188
    22 -464.7295222091      462.5024715907     -927.2319937998
    23 -464.7295332780      462.5031902212     -927.2327234992
    24 -464.7295459627      462.5050701992     -927.2346161619
    25 -464.7295502519      462.5027792889     -927.2323295408
    26 -464.7295511667      462.5012794136     -927.2308305803
    27 -464.7295568217      462.5044768822     -927.2340337040
    28 -464.7295557545      462.5045868742     -927.2341426287
    29 -464.7295577841      462.5040553781     -927.2336131622
    30 -464.7295588941      462.5037604388     -927.2333193329
    31 -464.7295596668      462.5041092305     -927.2336688973
    32 -464.7295603447      462.5040196792     -927.2335800239
    33 -464.7295616316      462.5035135460     -927.2330751776
    34 -464.7295636954      462.5037105655     -927.2332742609
    35 -464.7295648249      462.5038349197     -927.2333997445
    36 -464.7295658361      462.5035828646     -927.2331487007
    37 -464.7295665157      462.5037953945     -927.2333619101
    38 -464.7295670165      462.5041747523     -927.2337417688
    39 -464.7295675930      462.5030570298     -927.2326246227
    40 -464.7295675386      462.5034951686     -927.2330627071
    41 -464.7295675709      462.5038206112     -927.2333881821
    42 -464.7295679136      462.5036993143     -927.2332672280
    43 -464.7295678323      462.5037149181     -927.2332827505
    44 -464.7295678125      462.5037130286     -927.2332808411
    45 -464.7295644569      462.5036604212     -927.2332248781
    46 -464.7295645226      462.5031631750     -927.2327276976
    47 -464.7295645059      462.5033225033     -927.2328870092
    48 -464.7295645068      462.5035710677     -927.2331355745
    49 -464.7295645241      462.5032887140     -927.2328532382
    50 -464.7295645604      462.5032468877     -927.2328114481
    51 -464.7295645403      462.5032740798     -927.2328386201
    52 -464.7295645347      462.5032761338     -927.2328406685
    53 -464.7295645330      462.5032983434     -927.2328628764
    54 -464.7295645656      462.5033117454     -927.2328763111
    55 -464.7295645883      462.5031414852     -927.2327060734
    56 -464.7295645941      462.5032028235     -927.2327674177
$end
