$hessian (projected)
 1  1   0.0748112340  -0.0244056992  -0.0653388310  -0.0746187011   0.0213620304
 1  2   0.0607705471   0.0097882654  -0.0066493934  -0.0223568949   0.0008938345
 1  3  -0.0006069161   0.0008323651  -0.0029206020   0.0008453717  -0.0035960293
 1  4   0.0003146865  -0.0002922739  -0.0012381286  -0.0011744923  -0.0000422804
 1  5  -0.0004929585   0.0001008571  -0.0002161458   0.0001044840  -0.0055953482
 1  6   0.0021792709   0.0001935742  -0.0003095543   0.0004513353   0.0015667395
 1  7  -0.0023362107   0.0082341585   0.0299573081   0.0010695903  -0.0009118157
 1  8  -0.0003587902  -0.0000032128  -0.0000045229   0.0000063400  -0.0000088554
 1  9  -0.0000103095  -0.0000161225  -0.0000269432  -0.0000013998  -0.0000360498
 1 10  -0.0000058989   0.0000063906   0.0000191423   0.0000179920   0.0000469450
 1 11  -0.0000045414  -0.0000284257   0.0000379006  -0.0000012130   0.0000312699
 1 12  -0.0000091443   0.0000082620  -0.0000058968  -0.0000093191  -0.0000198891
 1 13   0.0000059430  -0.0000089228   0.0000006698  -0.0000042916   0.0000060706
 1 14  -0.0000024887   0.0000050155  -0.0000011040   0.0000006932  -0.0000002551
 1 15  -0.0000002267   0.0000018118
 2  1  -0.0244056992   0.0499418530   0.0827561601   0.0214519257  -0.0587525471
 2  2  -0.0751318329   0.0009114989   0.0024555111  -0.0008775968  -0.0008142662
 2  3  -0.0035354605   0.0009930348   0.0006228124   0.0069291010  -0.0013655850
 2  4   0.0001020213   0.0001981196  -0.0000774176  -0.0000475756  -0.0006202705
 2  5   0.0003591098  -0.0002125828  -0.0012420156   0.0002709898   0.0023695152
 2  6   0.0067007112  -0.0012917806   0.0000507752   0.0001233964  -0.0003692736
 2  7   0.0006002302   0.0011868789  -0.0063118345  -0.0006803699  -0.0035230961
 2  8   0.0011529151   0.0000060022   0.0000046784   0.0000059270  -0.0000185920
 2  9  -0.0000002971  -0.0000060914  -0.0000427053  -0.0000123982  -0.0000399210
 2 10   0.0000027549  -0.0000026151   0.0000080645  -0.0000054017   0.0000753104
 2 11  -0.0000344407   0.0000213469   0.0000699223  -0.0000033018   0.0000477567
 2 12   0.0000337690  -0.0000487068   0.0000129123  -0.0000014746   0.0000292374
 2 13   0.0000217588  -0.0000362568  -0.0000327179  -0.0000050708   0.0000010657
 2 14   0.0000094761   0.0000113368  -0.0000017013  -0.0000008345  -0.0000003840
 2 15   0.0000078160   0.0000064205
 3  1  -0.0653388310   0.0827561601   0.3151392650   0.0608062316  -0.0747520163
 3  2  -0.2974097214   0.0081583087  -0.0061215701  -0.0164951713  -0.0000465814
 3  3   0.0011778138   0.0007431207  -0.0046006777  -0.0012685785  -0.0008364179
 3  4   0.0004544289  -0.0003526337  -0.0009507868  -0.0004849848   0.0003746906
 3  5   0.0005413043   0.0001068698   0.0002904408  -0.0001244307   0.0011791372
 3  6  -0.0015238770   0.0021035228  -0.0001262965  -0.0001003301  -0.0002679105
 3  7  -0.0005881404  -0.0013681405  -0.0030744993   0.0005249926   0.0010377954
 3  8   0.0005504205  -0.0000023858   0.0000029477  -0.0000045238   0.0000160475
 3  9   0.0000012471   0.0000063428   0.0000423858   0.0000465997   0.0000440015
 3 10  -0.0000115452  -0.0000079229  -0.0000134936   0.0000330507  -0.0001507403
 3 11   0.0000267642  -0.0000276486  -0.0000811411  -0.0000127653  -0.0000704549
 3 12  -0.0000051215   0.0000613174   0.0000066794  -0.0000266277  -0.0000550338
 3 13  -0.0000149828   0.0000428112   0.0000430163  -0.0000015190   0.0000094758
 3 14  -0.0000126188  -0.0000142255   0.0000187265   0.0000040800   0.0000001415
 3 15  -0.0000000089  -0.0000057822
 4  1  -0.0746187011   0.0214519257   0.0608062316   0.6520086096  -0.0847755730
 4  2   0.0026003459  -0.2294737505   0.0093935631  -0.0749571816  -0.0170937573
 4  3  -0.0020317825  -0.0225470269   0.0526160059  -0.0189052259  -0.0499245695
 4  4   0.0010515893   0.0017007671   0.0028829933  -0.0602796300   0.0043707576
 4  5  -0.0169979081  -0.0011811740  -0.0000291822  -0.0004962960   0.0040707627
 4  6   0.0189396224   0.0788461062   0.0019499543   0.0009895535   0.0002595131
 4  7  -0.3123421659   0.0441259546   0.0123890607  -0.0164792497   0.0047938843
 4  8   0.0069646772   0.0000046873   0.0000084844  -0.0000041399  -0.0000275538
 4  9  -0.0000155314  -0.0000293499   0.0000278461   0.0000017900   0.0000124908
 4 10  -0.0000478965  -0.0000410245   0.0000354985  -0.0001368453  -0.0000778261
 4 11  -0.0001283832   0.0000495546  -0.0000020379   0.0002657462   0.0002059104
 4 12   0.0000472194   0.0000188435  -0.0001658500   0.0000791046  -0.0000442265
 4 13  -0.0001260911  -0.0000375597   0.0000544321  -0.0000025061   0.0000042864
 4 14   0.0000000196   0.0000034688   0.0000079487   0.0000014416  -0.0000132176
 4 15   0.0000008816  -0.0000083189
 5  1   0.0213620304  -0.0587525471  -0.0747520163  -0.0847755730   0.1812138479
 5  2   0.1372028489  -0.0053289460  -0.0671097154  -0.0277080221   0.0052877230
 5  3   0.0032314246   0.0053734944  -0.0091601113   0.0077760170  -0.0053770284
 5  4   0.0014738552   0.0063720649  -0.0032416201   0.0043480340  -0.0082514880
 5  5   0.0038014611  -0.0000387598  -0.0006320772   0.0003797119   0.0094162542
 5  6   0.0026221490  -0.0136567228   0.0012128728   0.0065109917  -0.0030724031
 5  7   0.0590719024  -0.0756541496  -0.0199048758  -0.0026433047   0.0033029263
 5  8   0.0003376614  -0.0000143987  -0.0000099965  -0.0000108807   0.0000890274
 5  9  -0.0000421715  -0.0000182355   0.0001199962   0.0001119316   0.0001270328
 5 10   0.0000070504   0.0000127351  -0.0000330930  -0.0001033818  -0.0004466301
 5 11   0.0004548092  -0.0000727447  -0.0002421947   0.0000956140  -0.0000988576
 5 12  -0.0001060304   0.0001367756  -0.0000389418   0.0000803349  -0.0001391068
 5 13  -0.0000558541   0.0001190836   0.0000740125   0.0000180524  -0.0000095592
 5 14  -0.0000016220  -0.0000742883  -0.0000795741  -0.0000493812  -0.0000016364
 5 15  -0.0000173729  -0.0000184143
 6  1   0.0607705471  -0.0751318329  -0.2974097214   0.0026003459   0.1372028489
 6  2   0.6971183920  -0.1359240612  -0.0172480271  -0.2262171962   0.0080546808
 6  3   0.0002239780   0.0095165737  -0.0079015228  -0.0119260264  -0.0482552935
 6  4   0.0018491508  -0.0030938552  -0.0042372069  -0.0170369676   0.0038200234
 6  5  -0.0045670137  -0.0004933873   0.0003876648   0.0005339727   0.0369237792
 6  6  -0.0066416903   0.0052601389   0.0012767134  -0.0032517849  -0.0052119135
 6  7   0.0734380681  -0.0296277399  -0.1349442835  -0.0236315026   0.0052389200
 6  8   0.0088569934  -0.0000129620  -0.0000306137  -0.0000022832  -0.0000246718
 6  9  -0.0000302166  -0.0000531923   0.0000352239  -0.0000912477   0.0000249461
 6 10   0.0000000303   0.0000146632  -0.0000083099  -0.0001566687   0.0002754439
 6 11   0.0001302035   0.0002046862   0.0000100645  -0.0004750478   0.0002054732
 6 12  -0.0000403966   0.0000583056  -0.0001191387   0.0000939139  -0.0000607255
 6 13  -0.0000661946  -0.0000088632  -0.0000286831   0.0000258346  -0.0000245526
 6 14   0.0000147962  -0.0000086613  -0.0000888200  -0.0000430520  -0.0000087949
 6 15  -0.0000318533  -0.0000003997
 7  1   0.0097882654   0.0009114989   0.0081583087  -0.2294737505  -0.0053289460
 7  2  -0.1359240612   0.7136703606  -0.0949117132   0.0031679567  -0.3060536486
 7  3   0.0594131092   0.0592193253  -0.1376411394   0.0301017601   0.0745167788
 7  4   0.0091541265  -0.0065510186  -0.0234692128   0.0040827166   0.0094583250
 7  5   0.0367985865  -0.0056145056   0.0024094355   0.0012099566  -0.0042286474
 7  6  -0.0047472974  -0.0163339771   0.0005861864  -0.0003370416  -0.0004778226
 7  7  -0.0493617488   0.0070007169  -0.0086741642  -0.0046070587   0.0024405388
 7  8   0.0017956662  -0.0000017463   0.0000269777   0.0000158207  -0.0000120771
 7  9   0.0000476567   0.0000176894  -0.0002430024   0.0000807146  -0.0000697376
 7 10   0.0000233494   0.0000149250   0.0000055384   0.0000785191  -0.0002940861
 7 11  -0.0001924340  -0.0004567531  -0.0000252751   0.0002443436   0.0001559996
 7 12   0.0002583036   0.0001452954   0.0001282369  -0.0000285378  -0.0001629716
 7 13  -0.0000133031  -0.0000779101  -0.0000152807  -0.0000211843   0.0000587778
 7 14  -0.0000012816   0.0000598138   0.0000712375   0.0000211661   0.0000009911
 7 15   0.0000078485   0.0000045109
 8  1  -0.0066493934   0.0024555111  -0.0061215701   0.0093935631  -0.0671097154
 8  2  -0.0172480271  -0.0949117132   0.1783614011   0.1201330051   0.0593230295
 8  3  -0.0508928320  -0.0185472717   0.0159032861  -0.0809035728  -0.0702539931
 8  4   0.0006383092   0.0025538164  -0.0005775769   0.0194366984   0.0030346263
 8  5  -0.0067014915   0.0021519739   0.0066369447  -0.0014380130  -0.0046452663
 8  6  -0.0098813509  -0.0091936922  -0.0003272162  -0.0006743112  -0.0000187927
 8  7  -0.0023818717   0.0105600809   0.0114875777   0.0026282258   0.0065513413
 8  8  -0.0017941576  -0.0000091461  -0.0000268053  -0.0000159287  -0.0000033733
 8  9  -0.0000869306  -0.0000701463   0.0001340728  -0.0000426814   0.0000779560
 8 10  -0.0000216003  -0.0000088380   0.0000183204  -0.0004141174  -0.0001669275
 8 11   0.0001234527   0.0000991196  -0.0001958133   0.0000384808   0.0000917100
 8 12  -0.0001892408   0.0002085314  -0.0002534229   0.0000283564  -0.0001157122
 8 13  -0.0001263673   0.0000820329   0.0000354021   0.0000181256  -0.0000062607
 8 14   0.0000114534  -0.0000611325  -0.0000564955  -0.0000165148  -0.0000134937
 8 15  -0.0000223359  -0.0000212916
 9  1  -0.0223568949  -0.0008775968  -0.0164951713  -0.0749571816  -0.0277080221
 9  2  -0.2262171962   0.0031679567   0.1201330051   0.6365257885   0.0591323894
 9  3  -0.0186546041  -0.0726547902   0.0138777196  -0.0599407044  -0.3040276377
 9  4   0.0071521740  -0.0056254623  -0.0159580806   0.0787659492  -0.0132288662
 9  5   0.0047357318   0.0001821555  -0.0013140179   0.0021244742  -0.0167705804
 9  6  -0.0091776279  -0.0588444422  -0.0004697466  -0.0000335469  -0.0011937360
 9  7  -0.0506674935   0.0181862313   0.0509607847   0.0028026162  -0.0018865688
 9  8   0.0012640490   0.0000043720  -0.0000120708  -0.0000053193  -0.0000278096
 9  9  -0.0000667893   0.0000110619   0.0000186308  -0.0001314355  -0.0000563736
 9 10   0.0000204123   0.0000130864  -0.0000149811  -0.0002192106   0.0001521516
 9 11  -0.0001571601   0.0004262224   0.0001174663   0.0000177621  -0.0001013818
 9 12  -0.0000098479  -0.0001034296  -0.0000154210   0.0000326369   0.0000987107
 9 13   0.0000602873   0.0000188172  -0.0000069007   0.0000008389  -0.0000168795
 9 14  -0.0000121189  -0.0000303727   0.0000296992   0.0000017832   0.0000043683
 9 15   0.0000009460   0.0000071915
10  1   0.0008938345  -0.0008142662  -0.0000465814  -0.0170937573   0.0052877230
10  2   0.0080546808  -0.3060536486   0.0593230295   0.0591323894   0.3249914818
10  3  -0.0654879463  -0.0636886830  -0.0035914064   0.0009100853  -0.0006212795
10  4   0.0007043725  -0.0006560856   0.0005464762   0.0019598502   0.0011812138
10  5   0.0012935227  -0.0003027239   0.0000719564  -0.0001274134   0.0005745232
10  6  -0.0003224333  -0.0005038272  -0.0000913910  -0.0001873145   0.0001065464
10  7  -0.0010680085   0.0002843926  -0.0046054673  -0.0009960953   0.0003097841
10  8   0.0004496269   0.0000071551   0.0000016226  -0.0000012459   0.0000125574
10  9   0.0000399573   0.0000129174   0.0000020260  -0.0000521235   0.0000013135
10 10   0.0000397910   0.0000166033  -0.0000013985  -0.0000110694   0.0001670756
10 11   0.0000332018  -0.0000055225   0.0000630045  -0.0000332279  -0.0002486997
10 12  -0.0000621840  -0.0001573646   0.0001200891  -0.0000393481   0.0001723154
10 13   0.0001248869  -0.0000298880  -0.0000393704   0.0000002130  -0.0000191907
10 14   0.0000013421   0.0000173311   0.0000036993   0.0000120725   0.0000142108
10 15   0.0000106330   0.0000094540
11  1  -0.0006069161  -0.0035354605   0.0011778138  -0.0020317825   0.0032314246
11  2   0.0002239780   0.0594131092  -0.0508928320  -0.0186546041  -0.0654879463
11  3   0.0416873872   0.0218252806   0.0081993506   0.0012283150  -0.0009342649
11  4  -0.0008650001  -0.0035617472   0.0010695989   0.0009990429   0.0064304785
11  5  -0.0031812155   0.0004665984   0.0001647491  -0.0001056343  -0.0003234789
11  6  -0.0006694455  -0.0000727578  -0.0001835530  -0.0012485617   0.0003179141
11  7   0.0004719706   0.0069047217  -0.0016389137  -0.0000984285   0.0002198258
11  8  -0.0000540957   0.0000104624   0.0000072798   0.0000043256   0.0000067666
11  9   0.0000335022   0.0000054428  -0.0000090789  -0.0000294603  -0.0000053167
11 10   0.0000231749   0.0000046860   0.0000009256   0.0000058662   0.0001014186
11 11   0.0000139139  -0.0000145459   0.0000521914  -0.0000249157  -0.0001469145
11 12  -0.0000214178  -0.0001298291   0.0000560623  -0.0001017299   0.0001628810
11 13   0.0000949831  -0.0000248313  -0.0000169112  -0.0000057458  -0.0000109022
11 14   0.0000001468   0.0000158344   0.0000131169   0.0000054562   0.0000101690
11 15   0.0000172915   0.0000107814
12  1   0.0008323651   0.0009930348   0.0007431207  -0.0225470269   0.0053734944
12  2   0.0095165737   0.0592193253  -0.0185472717  -0.0726547902  -0.0636886830
12  3   0.0218252806   0.0724202260   0.0299674951  -0.0061328666  -0.0019636043
12  4  -0.0003847715   0.0012339754   0.0009283245   0.0002339513  -0.0030464334
12  5  -0.0052176313   0.0015640404  -0.0003764919  -0.0002763150  -0.0004786880
12  6  -0.0000277869  -0.0011630102   0.0001046076   0.0003229044   0.0000617487
12  7  -0.0035851775  -0.0018369868  -0.0026622831  -0.0012380520   0.0002242270
12  8   0.0003031080  -0.0000049869  -0.0000014180   0.0000006107  -0.0000027766
12  9  -0.0000173010  -0.0000049851  -0.0000179319   0.0000323577   0.0000055860
12 10  -0.0000134100  -0.0000050748  -0.0000053384  -0.0000147201  -0.0000766721
12 11  -0.0000193257  -0.0000035299  -0.0000469521  -0.0000092274   0.0001793435
12 12   0.0000667940   0.0000544749  -0.0000347343   0.0000728301  -0.0000379657
12 13  -0.0000806391  -0.0000060017  -0.0000168372   0.0000056191   0.0000060100
12 14   0.0000120392  -0.0000025442  -0.0000185694  -0.0000126884  -0.0000090756
12 15  -0.0000110819  -0.0000018105
13  1  -0.0029206020   0.0006228124  -0.0046006777   0.0526160059  -0.0091601113
13  2  -0.0079015228  -0.1376411394   0.0159032861   0.0138777196  -0.0035914064
13  3   0.0081993506   0.0299674951   0.6832473698  -0.0768455927   0.0558923999
13  4  -0.1963230678  -0.0061411570  -0.1377513045  -0.3110888168   0.0582237254
13  5   0.0729277535  -0.0023004957   0.0006928388  -0.0005972580  -0.0496281170
13  6  -0.0027936573  -0.0503331379  -0.0010184979   0.0005275380  -0.0035952742
13  7  -0.0307564709   0.0109440647   0.0312049170  -0.0002633719   0.0001967515
13  8   0.0010055667   0.0000066887   0.0000330964  -0.0000002140   0.0000784067
13  9  -0.0000092762  -0.0000117000  -0.0001639166   0.0001490239   0.0000653900
13 10   0.0000452894   0.0000010722  -0.0000213917  -0.0000604536  -0.0001466492
13 11   0.0001379298  -0.0002423358  -0.0005667141  -0.0003461124   0.0000687205
13 12   0.0001029808   0.0000056550  -0.0000033928  -0.0000331870   0.0000503529
13 13  -0.0000101602   0.0000385788   0.0000050185  -0.0000124502   0.0000239160
13 14   0.0000145457  -0.0000398946   0.0000264436   0.0000038182   0.0000021085
13 15   0.0000108654   0.0000000313
14  1   0.0008453717   0.0069291010  -0.0012685785  -0.0189052259   0.0077760170
14  2  -0.0119260264   0.0301017601  -0.0809035728  -0.0599407044   0.0009100853
14  3   0.0012283150  -0.0061328666  -0.0768455927   0.1746361808   0.1180928954
14  4  -0.0061337129  -0.0388967362  -0.0145909424   0.0437388980  -0.0759681004
14  5  -0.0294069487   0.0079242081   0.0012230357  -0.0013115335   0.0073995987
14  6   0.0110832307   0.0186578180   0.0002933400   0.0068743683  -0.0018318634
14  7   0.0110086853  -0.0127030972  -0.0100154860   0.0001644486  -0.0007532462
14  8  -0.0000553989  -0.0000061257  -0.0000280869  -0.0000161854  -0.0000678163
14  9  -0.0000396797   0.0000341808   0.0001198174  -0.0001740045  -0.0000249894
14 10  -0.0000219585  -0.0000111471  -0.0000036481  -0.0003306654  -0.0001475864
14 11  -0.0003315601  -0.0000297146  -0.0002276703   0.0001063955   0.0000123608
14 12   0.0001190343  -0.0000980772  -0.0001048250   0.0000216107   0.0000702082
14 13  -0.0000757284   0.0000118062   0.0000087148   0.0000110897  -0.0000096508
14 14   0.0000044072  -0.0000005197  -0.0000210962  -0.0000231583  -0.0000077786
14 15  -0.0000190250   0.0000033474
15  1  -0.0035960293  -0.0013655850  -0.0008364179  -0.0499245695  -0.0053770284
15  2  -0.0482552935   0.0745167788  -0.0702539931  -0.3040276377  -0.0006212795
15  3  -0.0009342649  -0.0019636043   0.0558923999   0.1180928954   0.6692819537
15  4  -0.1377079477  -0.0145902138  -0.1943670208   0.0126087235  -0.0196088584
15  5  -0.1343393771   0.0300221577  -0.0062844415  -0.0031830350  -0.0085822833
15  6   0.0117638222   0.0500767254  -0.0046189585  -0.0016233027  -0.0026754601
15  7   0.0307955006  -0.0099842562  -0.0295653221   0.0010216228  -0.0000994394
15  8  -0.0002316445   0.0000093454   0.0000335380   0.0000107910   0.0000027269
15  9   0.0001267331   0.0000728884  -0.0001073354   0.0000859340   0.0000010045
15 10   0.0000230660   0.0000027977  -0.0000318703   0.0003565146  -0.0001543783
15 11  -0.0001830332  -0.0003593540   0.0001578826   0.0001717886  -0.0000669904
15 12   0.0001184225  -0.0001061375   0.0001910086  -0.0001088841   0.0001665343
15 13   0.0000637940  -0.0000901768  -0.0000707821  -0.0000179194   0.0000199745
15 14   0.0000082844   0.0000888094   0.0000500101   0.0000360369   0.0000102187
15 15   0.0000228125   0.0000106289
16  1   0.0003146865   0.0001020213   0.0004544289   0.0010515893   0.0014738552
16  2   0.0018491508   0.0091541265   0.0006383092   0.0071521740   0.0007043725
16  3  -0.0008650001  -0.0003847715  -0.1963230678  -0.0061337129  -0.1377079477
16  4   0.2063287929   0.0053860957   0.1492370654  -0.0164477879  -0.0024548878
16  5  -0.0236622084   0.0010645835  -0.0006937232   0.0005309198  -0.0046175181
16  6   0.0026352657   0.0028472525  -0.0009908836  -0.0000874790  -0.0012435183
16  7  -0.0002513197   0.0001632995   0.0010239570   0.0000033806  -0.0002358674
16  8  -0.0000564424   0.0000007553   0.0000025052  -0.0000025414   0.0000054863
16  9   0.0000173067   0.0000031158  -0.0000276100  -0.0000112068   0.0000115830
16 10   0.0000164255   0.0000131911  -0.0000042828   0.0000240887   0.0000077833
16 11   0.0000493312  -0.0000475284   0.0001050749  -0.0000736502  -0.0000685313
16 12  -0.0000386076   0.0000307749   0.0000518273  -0.0000130704  -0.0000565763
16 13   0.0000382653  -0.0000189812   0.0000074602   0.0000002963  -0.0000007182
16 14  -0.0000048691   0.0000104554   0.0000058889   0.0000017634   0.0000051149
16 15   0.0000026578  -0.0000021687
17  1  -0.0002922739   0.0001981196  -0.0003526337   0.0017007671   0.0063720649
17  2  -0.0030938552  -0.0065510186   0.0025538164  -0.0056254623  -0.0006560856
17  3  -0.0035617472   0.0012339754  -0.0061411570  -0.0388967362  -0.0145902138
17  4   0.0053860957   0.0287433672   0.0175568000   0.0048064569   0.0033040643
17  5   0.0053715406  -0.0009131138  -0.0035801580   0.0009764704   0.0023644463
17  6   0.0064574698  -0.0019204227   0.0003108414   0.0002843847   0.0002142816
17  7   0.0001636152  -0.0007190016  -0.0000536126  -0.0002319961  -0.0012457283
17  8   0.0003315607   0.0000079780   0.0000099592  -0.0000006859   0.0000069474
17  9   0.0000269535   0.0000026462  -0.0000186859  -0.0000045813   0.0000194312
17 10   0.0000191358   0.0000038855  -0.0000019295   0.0000453038   0.0000161550
17 11   0.0000445591  -0.0000299298   0.0001133392  -0.0000867115  -0.0001618035
17 12  -0.0000590614   0.0000422684   0.0000889692  -0.0000412962  -0.0000819523
17 13   0.0000846320  -0.0000102060   0.0000123709  -0.0000071513  -0.0000031029
17 14  -0.0000043492   0.0000088619   0.0000223769   0.0000053256   0.0000091645
17 15   0.0000156631   0.0000005986
18  1  -0.0012381286  -0.0000774176  -0.0009507868   0.0028829933  -0.0032416201
18  2  -0.0042372069  -0.0234692128  -0.0005775769  -0.0159580806   0.0005464762
18  3   0.0010695989   0.0009283245  -0.1377513045  -0.0145909424  -0.1943670208
18  4   0.1492370654   0.0175568000   0.2039494844   0.0069485957   0.0003107805
18  5   0.0088050252  -0.0003812735   0.0011197141   0.0005802121   0.0018131326
18  6  -0.0017653638   0.0012860365   0.0004491853  -0.0000599917   0.0003031183
18  7   0.0010295582  -0.0000528083  -0.0002689688  -0.0000610897   0.0003204420
18  8  -0.0000397954   0.0000014160  -0.0000009439  -0.0000020431   0.0000099931
18  9   0.0000096662   0.0000013799   0.0000180190  -0.0000139314   0.0000108184
18 10   0.0000135474   0.0000058488  -0.0000020458   0.0000132501   0.0000453087
18 11   0.0000338904  -0.0000109446   0.0000151443  -0.0000441051  -0.0001133976
18 12  -0.0000571874  -0.0000059003   0.0000193679  -0.0000194024  -0.0000293334
18 13   0.0000372780   0.0000094740   0.0000131650   0.0000017040  -0.0000099484
18 14  -0.0000050575  -0.0000013565   0.0000022685  -0.0000003950   0.0000051257
18 15   0.0000020882  -0.0000007151
19  1  -0.0011744923  -0.0000475756  -0.0004849848  -0.0602796300   0.0043480340
19  2  -0.0170369676   0.0040827166   0.0194366984   0.0787659492   0.0019598502
19  3   0.0009990429   0.0002339513  -0.3110888168   0.0437388980   0.0126087235
19  4  -0.0164477879   0.0048064569   0.0069485957   0.6502201756  -0.0840117822
19  5   0.0019795343  -0.0748083338   0.0206756984   0.0613024451  -0.2286880343
19  6   0.0097016867  -0.0750418405  -0.0170704243  -0.0021323160  -0.0225420897
19  7   0.0522475769  -0.0192139305  -0.0496045246   0.0010377981   0.0016677928
19  8   0.0028877082  -0.0000016818  -0.0000145345  -0.0000194068  -0.0000789379
19  9   0.0000146436   0.0000343416   0.0000797953  -0.0002112383   0.0000039535
19 10  -0.0000357084  -0.0000326027  -0.0000049033  -0.0004389203   0.0000000149
19 11  -0.0002429148   0.0006018769   0.0000152910   0.0002409901   0.0000533487
19 12   0.0002086994  -0.0000497125  -0.0001023890   0.0001509904   0.0000775509
19 13  -0.0001162076  -0.0000385634  -0.0000760438   0.0000102655  -0.0000097504
19 14   0.0000200183   0.0000483688  -0.0000384636  -0.0000032555  -0.0000104082
19 15  -0.0000131904   0.0000028822
20  1  -0.0000422804  -0.0006202705   0.0003746906   0.0043707576  -0.0082514880
20  2   0.0038200234   0.0094583250   0.0030346263  -0.0132288662   0.0011812138
20  3   0.0064304785  -0.0030464334   0.0582237254  -0.0759681004  -0.0196088584
20  4  -0.0024548878   0.0033040643   0.0003107805  -0.0840117822   0.1793838696
20  5   0.1332221944   0.0206892883  -0.0567876215  -0.0716361411  -0.0046647689
20  6  -0.0672084034  -0.0268847340   0.0051404848   0.0032076802   0.0052967187
20  7  -0.0094084567   0.0078918432  -0.0049782471   0.0014933959   0.0063850646
20  8  -0.0032697855  -0.0000052588  -0.0000237366   0.0000097803  -0.0000188183
20  9  -0.0000212534   0.0000320212   0.0001066885  -0.0000195412  -0.0000696090
20 10  -0.0000004862   0.0000349105   0.0000152224   0.0000995588  -0.0000702098
20 11  -0.0004514633  -0.0000984280  -0.0006089951   0.0000499693  -0.0001515789
20 12  -0.0001026663   0.0000070230   0.0000260103   0.0000474452   0.0000105672
20 13   0.0000601413  -0.0000059672   0.0000392108   0.0000090805  -0.0000196293
20 14  -0.0000060725  -0.0000061462  -0.0000056397   0.0000000653   0.0000042222
20 15  -0.0000064602  -0.0000080567
21  1  -0.0004929585   0.0003591098   0.0005413043  -0.0169979081   0.0038014611
21  2  -0.0045670137   0.0367985865  -0.0067014915   0.0047357318   0.0012935227
21  3  -0.0031812155  -0.0052176313   0.0729277535  -0.0294069487  -0.1343393771
21  4  -0.0236622084   0.0053715406   0.0088050252   0.0019795343   0.1332221944
21  5   0.6971586787   0.0613036889  -0.0715218796  -0.2983417414  -0.1353093931
21  6  -0.0169669062  -0.2256232570   0.0080763185   0.0003472298   0.0094824726
21  7  -0.0077350524  -0.0121126357  -0.0484630643   0.0018547973  -0.0030791019
21  8  -0.0042101772   0.0000152975   0.0000472207   0.0000044051   0.0000309884
21  9   0.0000410806   0.0000086479  -0.0000718221   0.0001447903   0.0000642975
21 10  -0.0000145673  -0.0000733495  -0.0000145141  -0.0000526130  -0.0002489073
21 11   0.0000400105   0.0001028068  -0.0003797831  -0.0000771409   0.0000120899
21 12   0.0002325673   0.0000547217   0.0000239479  -0.0000441861  -0.0000639117
21 13  -0.0000557895   0.0000227591  -0.0000002993  -0.0000253212   0.0000436638
21 14   0.0000074371   0.0000016433   0.0000569028   0.0000083647  -0.0000033419
21 15   0.0000258848   0.0000070309
22  1   0.0001008571  -0.0002125828   0.0001068698  -0.0011811740  -0.0000387598
22  2  -0.0004933873  -0.0056145056   0.0021519739   0.0001821555  -0.0003027239
22  3   0.0004665984   0.0015640404  -0.0023004957   0.0079242081   0.0300221577
22  4   0.0010645835  -0.0009131138  -0.0003812735  -0.0748083338   0.0206892883
22  5   0.0613036889   0.0749231080  -0.0235736078  -0.0659781005   0.0098380171
22  6  -0.0064383861  -0.0223352947   0.0008968575  -0.0005863354   0.0008393934
22  7  -0.0029274588   0.0008411575  -0.0036055509   0.0003132005  -0.0003065299
22  8  -0.0012278963   0.0000013689   0.0000010891  -0.0000003826  -0.0000024931
22  9   0.0000022447   0.0000052879   0.0000103552   0.0000036775   0.0000048626
22 10  -0.0000022265  -0.0000020776  -0.0000100519   0.0000121284  -0.0000000387
22 11   0.0000036432  -0.0000193761   0.0000021312  -0.0000023124  -0.0000107379
22 12  -0.0000027078  -0.0000246961   0.0000042796  -0.0000155444   0.0000307012
22 13   0.0000069404   0.0000025058  -0.0000094135  -0.0000022860  -0.0000004319
22 14   0.0000032345   0.0000000839   0.0000027108   0.0000006135   0.0000000313
22 15   0.0000025309   0.0000017109
23  1  -0.0002161458  -0.0012420156   0.0002904408  -0.0000291822  -0.0006320772
23  2   0.0003876648   0.0024094355   0.0066369447  -0.0013140179   0.0000719564
23  3   0.0001647491  -0.0003764919   0.0006928388   0.0012230357  -0.0062844415
23  4  -0.0006937232  -0.0035801580   0.0011197141   0.0206756984  -0.0567876215
23  5  -0.0715218796  -0.0235736078   0.0480584665   0.0791946379   0.0007603580
23  6   0.0024714462  -0.0009208728  -0.0008067207  -0.0036113880   0.0009743573
23  7   0.0005958443   0.0069505288  -0.0014058314   0.0000861611   0.0002264706
23  8  -0.0000801828   0.0000039995   0.0000083105  -0.0000033189  -0.0000042160
23  9  -0.0000034706  -0.0000067945  -0.0000232759   0.0000120973   0.0000362506
23 10  -0.0000094528  -0.0000036833  -0.0000232936  -0.0000094738  -0.0001145034
23 11   0.0000814866   0.0000514318   0.0001624209  -0.0001596311   0.0000352607
23 12   0.0000342189   0.0000289504   0.0000006482   0.0000001666  -0.0000163119
23 13  -0.0000072740   0.0000006889   0.0000017781  -0.0000054009   0.0000101449
23 14  -0.0000042825  -0.0000034380   0.0000085402   0.0000025795  -0.0000017218
23 15   0.0000066880  -0.0000005097
24  1   0.0001044840   0.0002709898  -0.0001244307  -0.0004962960   0.0003797119
24  2   0.0005339727   0.0012099566  -0.0014380130   0.0021244742  -0.0001274134
24  3  -0.0001056343  -0.0002763150  -0.0005972580  -0.0013115335  -0.0031830350
24  4   0.0005309198   0.0009764704   0.0005802121   0.0613024451  -0.0716361411
24  5  -0.2983417414  -0.0659781005   0.0791946379   0.3163232377   0.0082874353
24  6  -0.0059206922  -0.0165620371  -0.0000793297   0.0011230375   0.0007669946
24  7  -0.0046296505  -0.0011994705  -0.0008345048   0.0004655238  -0.0003612014
24  8  -0.0009554848  -0.0000022539  -0.0000023154  -0.0000054822  -0.0000022222
24  9  -0.0000027832   0.0000031726   0.0000085802  -0.0000089429   0.0000202596
24 10  -0.0000008502   0.0000046712  -0.0000185372  -0.0000094723  -0.0000275654
24 11   0.0000553320   0.0000212197   0.0000564627  -0.0001069197   0.0000226085
24 12  -0.0000034219   0.0000267037  -0.0000153344   0.0000155560  -0.0000192162
24 13  -0.0000149337   0.0000033237   0.0000008901   0.0000025758   0.0000009309
24 14  -0.0000039134  -0.0000014829  -0.0000044103  -0.0000005339  -0.0000011510
24 15  -0.0000036670  -0.0000030978
25  1  -0.0055953482   0.0023695152   0.0011791372   0.0040707627   0.0094162542
25  2   0.0369237792  -0.0042286474  -0.0046452663  -0.0167705804   0.0005745232
25  3  -0.0003234789  -0.0004786880  -0.0496281170   0.0073995987  -0.0085822833
25  4  -0.0046175181   0.0023644463   0.0018131326  -0.2286880343  -0.0046647689
25  5  -0.1353093931   0.0098380171   0.0007603580   0.0082874353   0.7132333736
25  6  -0.0942625262   0.0026136245  -0.3065907536   0.0578630547   0.0594737857
25  7  -0.1375479469   0.0302654410   0.0743065945   0.0091587474  -0.0067019826
25  8  -0.0234008410  -0.0000058611  -0.0000443421  -0.0000115993  -0.0000409604
25  9   0.0000145347   0.0000209848   0.0002014104  -0.0001424027  -0.0000054470
25 10   0.0000287099   0.0000500666  -0.0000304222   0.0000804463   0.0002736795
25 11   0.0000692497  -0.0002173183   0.0004036759  -0.0000309129  -0.0003064940
25 12  -0.0002749389  -0.0001135020   0.0000956252  -0.0000223201   0.0000715814
25 13   0.0001484144  -0.0000102209  -0.0000034407   0.0000202066  -0.0000524022
25 14  -0.0000133550   0.0000061547  -0.0000247844  -0.0000067184   0.0000106077
25 15  -0.0000111906  -0.0000021215
26  1   0.0021792709   0.0067007112  -0.0015238770   0.0189396224   0.0026221490
26  2  -0.0066416903  -0.0047472974  -0.0098813509  -0.0091776279  -0.0003224333
26  3  -0.0006694455  -0.0000277869  -0.0027936573   0.0110832307   0.0117638222
26  4   0.0026352657   0.0064574698  -0.0017653638   0.0097016867  -0.0672084034
26  5  -0.0169669062  -0.0064383861   0.0024714462  -0.0059206922  -0.0942625262
26  6   0.1774926037   0.1194573393   0.0578852334  -0.0501183416  -0.0182911920
26  7   0.0159360257  -0.0805334192  -0.0702328400   0.0006915260   0.0024098373
26  8  -0.0007345956  -0.0000086328  -0.0000122404   0.0000110596   0.0000079146
26  9   0.0000402523   0.0000125996  -0.0000316831   0.0000511913  -0.0000228767
26 10   0.0000319427   0.0000770850   0.0000115347   0.0004339047   0.0001213876
26 11   0.0000014894   0.0000113039  -0.0006686970   0.0000941345   0.0000300553
26 12  -0.0002767901  -0.0000532634  -0.0000088971  -0.0000812689   0.0000164778
26 13   0.0000765113  -0.0000335694   0.0000224215   0.0000131732  -0.0000306097
26 14  -0.0000147882   0.0000332327  -0.0000002699  -0.0000217359   0.0000068441
26 15  -0.0000129578   0.0000043576
27  1   0.0001935742  -0.0012917806   0.0021035228   0.0788461062  -0.0136567228
27  2   0.0052601389  -0.0163339771  -0.0091936922  -0.0588444422  -0.0005038272
27  3  -0.0000727578  -0.0011630102  -0.0503331379   0.0186578180   0.0500767254
27  4   0.0028472525  -0.0019204227   0.0012860365  -0.0750418405  -0.0268847340
27  5  -0.2256232570  -0.0223352947  -0.0009208728  -0.0165620371   0.0026136245
27  6   0.1194573393   0.6358004731   0.0594441409  -0.0182998517  -0.0727567414
27  7   0.0136006881  -0.0607036456  -0.3035344153   0.0072276280  -0.0055162468
27  8  -0.0160045629   0.0000061203   0.0000038527   0.0000088850   0.0000185691
27  9  -0.0001183157  -0.0000179827   0.0000186588   0.0000252558  -0.0000655544
27 10  -0.0000401497  -0.0000099639   0.0000087522  -0.0002190444  -0.0002045370
27 11  -0.0005124477   0.0001147768   0.0004343266   0.0004547793  -0.0001109673
27 12   0.0000392175   0.0000287964   0.0000494468   0.0000015993  -0.0000869951
27 13   0.0000636722   0.0001135476   0.0001620477  -0.0000089610   0.0000169762
27 14  -0.0000014828  -0.0001177633   0.0000312473  -0.0000054483   0.0000007048
27 15   0.0000123631  -0.0000117802
28  1  -0.0003095543   0.0000507752  -0.0001262965   0.0019499543   0.0012128728
28  2   0.0012767134   0.0005861864  -0.0003272162  -0.0004697466  -0.0000913910
28  3  -0.0001835530   0.0001046076  -0.0010184979   0.0002933400  -0.0046189585
28  4  -0.0009908836   0.0003108414   0.0004491853  -0.0170704243   0.0051404848
28  5   0.0080763185   0.0008968575  -0.0008067207  -0.0000793297  -0.3065907536
28  6   0.0578852334   0.0594441409   0.3255796167  -0.0638044426  -0.0639962930
28  7  -0.0036235633   0.0008856872  -0.0006095775   0.0007127745  -0.0006258374
28  8   0.0005340557   0.0000014302   0.0000066875   0.0000042078   0.0000252548
28  9   0.0000196625   0.0000051216  -0.0000757384   0.0000215319  -0.0000128566
28 10   0.0000301403   0.0000217391   0.0000165356   0.0000546523   0.0000141014
28 11  -0.0000186824  -0.0001039492  -0.0000711256   0.0000280022  -0.0000347639
28 12  -0.0000118163  -0.0000133853   0.0000295119  -0.0000146760   0.0000058574
28 13   0.0000252910  -0.0000187815  -0.0000044185  -0.0000006366  -0.0000031800
28 14   0.0000016786   0.0000132212   0.0000021198   0.0000008983   0.0000052651
28 15   0.0000022725   0.0000022217
29  1   0.0004513353   0.0001233964  -0.0001003301   0.0009895535   0.0065109917
29  2  -0.0032517849  -0.0003370416  -0.0006743112  -0.0000335469  -0.0001873145
29  3  -0.0012485617   0.0003229044   0.0005275380   0.0068743683  -0.0016233027
29  4  -0.0000874790   0.0002843847  -0.0000599917  -0.0021323160   0.0032076802
29  5   0.0003472298  -0.0005863354  -0.0036113880   0.0011230375   0.0578630547
29  6  -0.0501183416  -0.0182998517  -0.0638044426   0.0409554407   0.0215298956
29  7   0.0081177032   0.0011146582  -0.0009990148  -0.0008209788  -0.0035116856
29  8   0.0010841735   0.0000062155  -0.0000008830  -0.0000016472  -0.0000541817
29  9  -0.0000285691  -0.0000121573   0.0001222828  -0.0000108812   0.0000066932
29 10  -0.0000641361  -0.0000548829  -0.0000168130  -0.0000865381  -0.0000653612
29 11   0.0000043068   0.0001349421   0.0001441419  -0.0000437420   0.0000333208
29 12   0.0000359255   0.0000324484  -0.0000217335   0.0000095916  -0.0000149971
29 13  -0.0000249073   0.0000288418   0.0000034901  -0.0000089432   0.0000120496
29 14  -0.0000014917  -0.0000194682   0.0000133205   0.0000043236  -0.0000101298
29 15   0.0000100745   0.0000001681
30  1   0.0015667395  -0.0003692736  -0.0002679105   0.0002595131  -0.0030724031
30  2  -0.0052119135  -0.0004778226  -0.0000187927  -0.0011937360   0.0001065464
30  3   0.0003179141   0.0000617487  -0.0035952742  -0.0018318634  -0.0026754601
30  4  -0.0012435183   0.0002142816   0.0003031183  -0.0225420897   0.0052967187
30  5   0.0094824726   0.0008393934   0.0009743573   0.0007669946   0.0594737857
30  6  -0.0182911920  -0.0727567414  -0.0639962930   0.0215298956   0.0724649130
30  7   0.0300096343  -0.0059358977  -0.0018947064  -0.0003945687   0.0012192677
30  8   0.0009181756  -0.0000012018  -0.0000053213   0.0000008398  -0.0000041753
30  9   0.0000031566  -0.0000068536   0.0000348672   0.0000003675  -0.0000052370
30 10  -0.0000063556  -0.0000052527   0.0000185826   0.0000101670   0.0000242377
30 11   0.0000052029  -0.0000156538  -0.0000309665  -0.0000064746  -0.0000197512
30 12  -0.0000186200   0.0000043362  -0.0000014980  -0.0000051035  -0.0000110885
30 13   0.0000004775   0.0000080200   0.0000050163   0.0000003637  -0.0000015867
30 14  -0.0000014345  -0.0000026243  -0.0000010960  -0.0000000125  -0.0000006613
30 15  -0.0000008475   0.0000001681
31  1  -0.0023362107   0.0006002302  -0.0005881404  -0.3123421659   0.0590719024
31  2   0.0734380681  -0.0493617488  -0.0023818717  -0.0506674935  -0.0010680085
31  3   0.0004719706  -0.0035851775  -0.0307564709   0.0110086853   0.0307955006
31  4  -0.0002513197   0.0001636152   0.0010295582   0.0522475769  -0.0094084567
31  5  -0.0077350524  -0.0029274588   0.0005958443  -0.0046296505  -0.1375479469
31  6   0.0159360257   0.0136006881  -0.0036235633   0.0081177032   0.0300096343
31  7   0.6850869489  -0.0761261196   0.0561552615  -0.1970378972  -0.0078465566
31  8  -0.1378655654  -0.0000116248  -0.0000321164   0.0000009310   0.0000562092
31  9  -0.0000388176  -0.0000407827   0.0001516769  -0.0000020795   0.0000390822
31 10  -0.0000008024   0.0000322588   0.0000255031  -0.0001213221   0.0000375415
31 11   0.0002606610   0.0000971845  -0.0000990017  -0.0002525545  -0.0003287324
31 12  -0.0001161395   0.0000624191   0.0000677214  -0.0000269703  -0.0000907033
31 13   0.0000619851   0.0001362749   0.0000828618   0.0000118987  -0.0000182828
31 14  -0.0000123293  -0.0000743826  -0.0000678055  -0.0000212963   0.0000084534
31 15  -0.0000078341  -0.0000114234
32  1   0.0082341585   0.0011868789  -0.0013681405   0.0441259546  -0.0756541496
32  2  -0.0296277399   0.0070007169   0.0105600809   0.0181862313   0.0002843926
32  3   0.0069047217  -0.0018369868   0.0109440647  -0.0127030972  -0.0099842562
32  4   0.0001632995  -0.0007190016  -0.0000528083  -0.0192139305   0.0078918432
32  5  -0.0121126357   0.0008411575   0.0069505288  -0.0011994705   0.0302654410
32  6  -0.0805334192  -0.0607036456   0.0008856872   0.0011146582  -0.0059358977
32  7  -0.0761261196   0.1747074469   0.1202144854  -0.0077998697  -0.0390829815
32  8  -0.0161915598  -0.0000096341  -0.0000096736  -0.0000054471   0.0000285567
32  9   0.0000877102   0.0000076121  -0.0000008937   0.0000254170   0.0000593509
32 10   0.0000697782   0.0000730514  -0.0000437088   0.0003458144  -0.0000806283
32 11   0.0005354931  -0.0000684857  -0.0004359822   0.0001161872  -0.0000743563
32 12  -0.0001455971   0.0000095740   0.0000005578  -0.0000203082   0.0000608793
32 13   0.0000216838  -0.0000409450  -0.0001228170   0.0000151510  -0.0000221633
32 14  -0.0000097842   0.0000589305  -0.0000389686   0.0000026147   0.0000079447
32 15  -0.0000154217   0.0000024701
33  1   0.0299573081  -0.0063118345  -0.0030744993   0.0123890607  -0.0199048758
33  2  -0.1349442835  -0.0086741642   0.0114875777   0.0509607847  -0.0046054673
33  3  -0.0016389137  -0.0026622831   0.0312049170  -0.0100154860  -0.0295653221
33  4   0.0010239570  -0.0000536126  -0.0002689688  -0.0496045246  -0.0049782471
33  5  -0.0484630643  -0.0036055509  -0.0014058314  -0.0008345048   0.0743065945
33  6  -0.0702328400  -0.3035344153  -0.0006095775  -0.0009990148  -0.0018947064
33  7   0.0561552615   0.1202144854   0.6684475871  -0.1378477837  -0.0163909045
33  8  -0.1938112907  -0.0000089643  -0.0000343524  -0.0000007818  -0.0000711038
33  9   0.0000616076  -0.0000076395   0.0000626081  -0.0001349263  -0.0000562740
33 10  -0.0000048320   0.0000250387   0.0000632147   0.0001957823   0.0003560671
33 11   0.0001039186  -0.0003780558   0.0003121162  -0.0003742877   0.0000522106
33 12  -0.0001886012  -0.0000291812  -0.0000438807  -0.0000051487   0.0000118476
33 13   0.0000018550  -0.0001185948  -0.0000580401   0.0000068856  -0.0000265829
33 14  -0.0000118506   0.0000989374  -0.0000053523  -0.0000028175  -0.0000014731
33 15  -0.0000117737   0.0000068579
34  1   0.0010695903  -0.0006803699   0.0005249926  -0.0164792497  -0.0026433047
34  2  -0.0236315026  -0.0046070587   0.0026282258   0.0028026162  -0.0009960953
34  3  -0.0000984285  -0.0012380520  -0.0002633719   0.0001644486   0.0010216228
34  4   0.0000033806  -0.0002319961  -0.0000610897   0.0010377981   0.0014933959
34  5   0.0018547973   0.0003132005   0.0000861611   0.0004655238   0.0091587474
34  6   0.0006915260   0.0072276280   0.0007127745  -0.0008209788  -0.0003945687
34  7  -0.1970378972  -0.0077998697  -0.1378477837   0.2070800489   0.0072561315
34  8   0.1492497903   0.0000038885   0.0000071297  -0.0000041904   0.0000056372
34  9   0.0000310513   0.0000241023  -0.0000060463  -0.0000004973   0.0000251332
34 10   0.0000204684   0.0000027685  -0.0000236962   0.0000175390  -0.0000415052
34 11   0.0000010796  -0.0000338974  -0.0000264981  -0.0000106830  -0.0000605961
34 12  -0.0000013906  -0.0000002510   0.0000281055  -0.0000160266   0.0000167707
34 13   0.0000157692  -0.0000163004  -0.0000068518  -0.0000012226  -0.0000014238
34 14  -0.0000025733   0.0000147760   0.0000125883   0.0000084758   0.0000037113
34 15   0.0000051630  -0.0000012903
35  1  -0.0009118157  -0.0035230961   0.0010377954   0.0047938843   0.0033029263
35  2   0.0052389200   0.0024405388   0.0065513413  -0.0018865688   0.0003097841
35  3   0.0002198258   0.0002242270   0.0001967515  -0.0007532462  -0.0000994394
35  4  -0.0002358674  -0.0012457283   0.0003204420   0.0016677928   0.0063850646
35  5  -0.0030791019  -0.0003065299   0.0002264706  -0.0003612014  -0.0067019826
35  6   0.0024098373  -0.0055162468  -0.0006258374  -0.0035116856   0.0012192677
35  7  -0.0078465566  -0.0390829815  -0.0163909045   0.0072561315   0.0288961697
35  8   0.0193612218   0.0000037273  -0.0000025457   0.0000061865  -0.0000255144
35  9  -0.0000526263  -0.0000379741   0.0000409924   0.0000117966  -0.0000533034
35 10  -0.0000587141  -0.0000225086   0.0000585178  -0.0000353374   0.0000460771
35 11  -0.0000524306   0.0000512016   0.0000986494   0.0000062455   0.0000580776
35 12  -0.0000031697  -0.0000107990  -0.0000209399  -0.0000023426  -0.0000071670
35 13  -0.0000029832   0.0000326566   0.0000153703  -0.0000091615   0.0000071471
35 14   0.0000030301  -0.0000297632   0.0000035206  -0.0000015595  -0.0000078786
35 15   0.0000084476   0.0000054726
36  1  -0.0003587902   0.0011529151   0.0005504205   0.0069646772   0.0003376614
36  2   0.0088569934   0.0017956662  -0.0017941576   0.0012640490   0.0004496269
36  3  -0.0000540957   0.0003031080   0.0010055667  -0.0000553989  -0.0002316445
36  4  -0.0000564424   0.0003315607  -0.0000397954   0.0028877082  -0.0032697855
36  5  -0.0042101772  -0.0012278963  -0.0000801828  -0.0009554848  -0.0234008410
36  6  -0.0007345956  -0.0160045629   0.0005340557   0.0010841735   0.0009181756
36  7  -0.1378655654  -0.0161915598  -0.1938112907   0.1492497903   0.0193612218
36  8   0.2033588655  -0.0000020447   0.0000095737  -0.0000010241   0.0000366918
36  9   0.0000399327   0.0000296439  -0.0001025728   0.0000163866   0.0000344837
36 10   0.0000572547   0.0000285852  -0.0000466135   0.0000352039  -0.0000586704
36 11   0.0000161972  -0.0000462077  -0.0001027974  -0.0000234069  -0.0000325826
36 12   0.0000244462   0.0000061161   0.0000273135  -0.0000046005   0.0000046010
36 13   0.0000103867  -0.0000322197  -0.0000145957   0.0000044215  -0.0000024670
36 14   0.0000003911   0.0000266497  -0.0000020070  -0.0000030032   0.0000079303
36 15  -0.0000039191  -0.0000014461
37  1  -0.0000032128   0.0000060022  -0.0000023858   0.0000046873  -0.0000143987
37  2  -0.0000129620  -0.0000017463  -0.0000091461   0.0000043720   0.0000071551
37  3   0.0000104624  -0.0000049869   0.0000066887  -0.0000061257   0.0000093454
37  4   0.0000007553   0.0000079780   0.0000014160  -0.0000016818  -0.0000052588
37  5   0.0000152975   0.0000013689   0.0000039995  -0.0000022539  -0.0000058611
37  6  -0.0000086328   0.0000061203   0.0000014302   0.0000062155  -0.0000012018
37  7  -0.0000116248  -0.0000096341  -0.0000089643   0.0000038885   0.0000037273
37  8  -0.0000020447   0.2470590978   0.1336607161   0.0497088997  -0.2336297633
37  9  -0.1234732833  -0.0454163080   0.0064454795   0.0039099608   0.0013107107
37 10   0.0007962383  -0.0006125521   0.0002184074   0.0015559368   0.0013445816
37 11  -0.0001829517   0.0001732072   0.0002971234   0.0000686124   0.0000317163
37 12   0.0009624243   0.0002890779  -0.0000017871  -0.0001275844   0.0000793616
37 13  -0.0040088112   0.0041656676   0.0000612498  -0.0011126568  -0.0010054249
37 14  -0.0003481611  -0.0184408886  -0.0193599956  -0.0062467997   0.0011303839
37 15   0.0002531782   0.0004561492
38  1  -0.0000045229   0.0000046784   0.0000029477   0.0000084844  -0.0000099965
38  2  -0.0000306137   0.0000269777  -0.0000268053  -0.0000120708   0.0000016226
38  3   0.0000072798  -0.0000014180   0.0000330964  -0.0000280869   0.0000335380
38  4   0.0000025052   0.0000099592  -0.0000009439  -0.0000145345  -0.0000237366
38  5   0.0000472207   0.0000010891   0.0000083105  -0.0000023154  -0.0000443421
38  6  -0.0000122404   0.0000038527   0.0000066875  -0.0000008830  -0.0000053213
38  7  -0.0000321164  -0.0000096736  -0.0000343524   0.0000071297  -0.0000025457
38  8   0.0000095737   0.1336607161   0.1518399298   0.0409631043  -0.1235263802
38  9  -0.1460735151  -0.0364765901  -0.0270363707  -0.0123749829  -0.0055495151
38 10   0.0003696314   0.0009602666   0.0011375404   0.0024598397  -0.0051389861
38 11  -0.0028376737  -0.0014137955  -0.0006469947  -0.0003392651   0.0009883017
38 12  -0.0006229186   0.0000862754  -0.0001459887  -0.0000030054   0.0003242011
38 13   0.0030457602   0.0002107683  -0.0014997633   0.0007045268   0.0003991050
38 14   0.0000859179   0.0116153569   0.0108890263   0.0031132535  -0.0007136745
38 15   0.0006450466   0.0009824176
39  1   0.0000063400   0.0000059270  -0.0000045238  -0.0000041399  -0.0000108807
39  2  -0.0000022832   0.0000158207  -0.0000159287  -0.0000053193  -0.0000012459
39  3   0.0000043256   0.0000006107  -0.0000002140  -0.0000161854   0.0000107910
39  4  -0.0000025414  -0.0000006859  -0.0000020431  -0.0000194068   0.0000097803
39  5   0.0000044051  -0.0000003826  -0.0000033189  -0.0000054822  -0.0000115993
39  6   0.0000110596   0.0000088850   0.0000042078  -0.0000016472   0.0000008398
39  7   0.0000009310  -0.0000054471  -0.0000007818  -0.0000041904   0.0000061865
39  8  -0.0000010241   0.0497088997   0.0409631043   0.0386729405  -0.0454383372
39  9  -0.0364388427  -0.0469359033  -0.0060718486  -0.0030604613   0.0005279298
39 10   0.0004622640   0.0010535840  -0.0034182535   0.0001075321  -0.0029350137
39 11   0.0069907271  -0.0003327262  -0.0001734114   0.0001025543   0.0003042158
39 12   0.0001073399  -0.0006239046   0.0000739464   0.0003065867  -0.0013190613
39 13  -0.0002154274  -0.0014046485   0.0071902177   0.0000526712  -0.0000535603
39 14   0.0002639816   0.0011414550   0.0005902027   0.0020138082   0.0002237758
39 15   0.0010619349  -0.0034691108
40  1  -0.0000088554  -0.0000185920   0.0000160475  -0.0000275538   0.0000890274
40  2  -0.0000246718  -0.0000120771  -0.0000033733  -0.0000278096   0.0000125574
40  3   0.0000067666  -0.0000027766   0.0000784067  -0.0000678163   0.0000027269
40  4   0.0000054863   0.0000069474   0.0000099931  -0.0000789379  -0.0000188183
40  5   0.0000309884  -0.0000024931  -0.0000042160  -0.0000022222  -0.0000409604
40  6   0.0000079146   0.0000185691   0.0000252548  -0.0000541817  -0.0000041753
40  7   0.0000562092   0.0000285567  -0.0000711038   0.0000056372  -0.0000255144
40  8   0.0000366918  -0.2336297633  -0.1235263802  -0.0454383372   0.7027519897
40  9   0.0232748357   0.0519815664  -0.1292416156  -0.0060089600  -0.0072413716
40 10   0.0000492495   0.0301026989   0.0070222362   0.0437633510  -0.0223431715
40 11  -0.0021744057  -0.0040810052  -0.0032340802  -0.0018208012  -0.0230527641
40 12   0.0314893587   0.0062914339  -0.0000213890   0.0009479690   0.0002564327
40 13  -0.0563119098  -0.0340495790  -0.0131522563  -0.0022183642  -0.0031810294
40 14  -0.0015268504  -0.2995404224   0.1078621611   0.0061382700   0.0015199694
40 15  -0.0012805238  -0.0003181743
41  1  -0.0000103095  -0.0000002971   0.0000012471  -0.0000155314  -0.0000421715
41  2  -0.0000302166   0.0000476567  -0.0000869306  -0.0000667893   0.0000399573
41  3   0.0000335022  -0.0000173010  -0.0000092762  -0.0000396797   0.0001267331
41  4   0.0000173067   0.0000269535   0.0000096662   0.0000146436  -0.0000212534
41  5   0.0000410806   0.0000022447  -0.0000034706  -0.0000027832   0.0000145347
41  6   0.0000402523  -0.0001183157   0.0000196625  -0.0000285691   0.0000031566
41  7  -0.0000388176   0.0000877102   0.0000616076   0.0000310513  -0.0000526263
41  8   0.0000399327  -0.1234732833  -0.1460735151  -0.0364388427   0.0232748357
41  9   0.6545368865   0.1271103545   0.0552350408  -0.3167027789  -0.0568810926
41 10  -0.0008575699  -0.0073954702  -0.0022815304  -0.0646411428  -0.0351028779
41 11  -0.0152142163  -0.0025863841   0.0004935232  -0.0018650617   0.0310035823
41 12  -0.0412248560  -0.0053806844   0.0009801295  -0.0005909491   0.0000932083
41 13   0.0089974736   0.0582015315   0.0129211216  -0.0043040089  -0.0012310472
41 14  -0.0024304111   0.0465486770  -0.1560640548  -0.0196043908   0.0297095273
41 15  -0.0087598118  -0.0000764727
42  1  -0.0000161225  -0.0000060914   0.0000063428  -0.0000293499  -0.0000182355
42  2  -0.0000531923   0.0000176894  -0.0000701463   0.0000110619   0.0000129174
42  3   0.0000054428  -0.0000049851  -0.0000117000   0.0000341808   0.0000728884
42  4   0.0000031158   0.0000026462   0.0000013799   0.0000343416   0.0000320212
42  5   0.0000086479   0.0000052879  -0.0000067945   0.0000031726   0.0000209848
42  6   0.0000125996  -0.0000179827   0.0000051216  -0.0000121573  -0.0000068536
42  7  -0.0000407827   0.0000076121  -0.0000076395   0.0000241023  -0.0000379741
42  8   0.0000296439  -0.0454163080  -0.0364765901  -0.0469359033   0.0519815664
42  9   0.1271103545   0.1616691068   0.0073712741  -0.0618817714  -0.0723066287
42 10  -0.0003440162   0.0002643264   0.0018489508  -0.0123028762  -0.0118220687
42 11   0.0031489294  -0.0015867740  -0.0018221946   0.0069195168   0.0061688471
42 12  -0.0053059536  -0.0092364510   0.0002485528   0.0000838799  -0.0004599533
42 13  -0.0029529881   0.0094643043   0.0088070325  -0.0017978891  -0.0023250358
42 14   0.0068118454  -0.0084428432  -0.0146624599  -0.0618828417   0.0070478485
42 15  -0.0025698946   0.0015739123
43  1  -0.0000269432  -0.0000427053   0.0000423858   0.0000278461   0.0001199962
43  2   0.0000352239  -0.0002430024   0.0001340728   0.0000186308   0.0000020260
43  3  -0.0000090789  -0.0000179319  -0.0001639166   0.0001198174  -0.0001073354
43  4  -0.0000276100  -0.0000186859   0.0000180190   0.0000797953   0.0001066885
43  5  -0.0000718221   0.0000103552  -0.0000232759   0.0000085802   0.0002014104
43  6  -0.0000316831   0.0000186588  -0.0000757384   0.0001222828   0.0000348672
43  7   0.0001516769  -0.0000008937   0.0000626081  -0.0000060463   0.0000409924
43  8  -0.0001025728   0.0064454795  -0.0270363707  -0.0060718486  -0.1292416156
43  9   0.0552350408   0.0073712741   0.7171060410  -0.0356860991   0.0393541342
43 10  -0.2880079910   0.1011019846   0.0031406098  -0.2581704933  -0.1235176083
43 11  -0.0450808744   0.0074874098   0.0042582487   0.0014324322  -0.0561457344
43 12   0.0084949906  -0.0031125801  -0.0040291085   0.0031281562  -0.0002040970
43 13  -0.0096857208  -0.0230768791  -0.0055126009   0.0004604811  -0.0007690736
43 14  -0.0000985141   0.0192436740   0.0344254553   0.0091954525  -0.0053922749
43 15   0.0029246272  -0.0003526993
44  1  -0.0000013998  -0.0000123982   0.0000465997   0.0000017900   0.0001119316
44  2  -0.0000912477   0.0000807146  -0.0000426814  -0.0001314355  -0.0000521235
44  3  -0.0000294603   0.0000323577   0.0001490239  -0.0001740045   0.0000859340
44  4  -0.0000112068  -0.0000045813  -0.0000139314  -0.0002112383  -0.0000195412
44  5   0.0001447903   0.0000036775   0.0000120973  -0.0000089429  -0.0001424027
44  6   0.0000511913   0.0000252558   0.0000215319  -0.0000108812   0.0000003675
44  7  -0.0000020795   0.0000254170  -0.0001349263  -0.0000004973   0.0000117966
44  8   0.0000163866   0.0039099608  -0.0123749829  -0.0030604613  -0.0060089600
44  9  -0.3167027789  -0.0618817714  -0.0356860991   0.6440956087   0.1188436779
44 10   0.1011222938  -0.1022750750  -0.0074914818  -0.0621731284  -0.1915716664
44 11  -0.0354863863  -0.0261582199  -0.0122449054  -0.0059212629  -0.0335421908
44 12   0.0585569425   0.0090626360   0.0040462638   0.0001544070  -0.0013174755
44 13  -0.0237036468  -0.0520524675  -0.0121718060  -0.0007482077  -0.0009587189
44 14  -0.0001372652   0.0773327539  -0.0161243963   0.0009083599   0.0017733901
44 15   0.0015791475  -0.0013179715
45  1  -0.0000360498  -0.0000399210   0.0000440015   0.0000124908   0.0001270328
45  2   0.0000249461  -0.0000697376   0.0000779560  -0.0000563736   0.0000013135
45  3  -0.0000053167   0.0000055860   0.0000653900  -0.0000249894   0.0000010045
45  4   0.0000115830   0.0000194312   0.0000108184   0.0000039535  -0.0000696090
45  5   0.0000642975   0.0000048626   0.0000362506   0.0000202596  -0.0000054470
45  6  -0.0000228767  -0.0000655544  -0.0000128566   0.0000066932  -0.0000052370
45  7   0.0000390822   0.0000593509  -0.0000562740   0.0000251332  -0.0000533034
45  8   0.0000344837   0.0013107107  -0.0055495151   0.0005279298  -0.0072413716
45  9  -0.0568810926  -0.0723066287   0.0393541342   0.1188436779   0.1608766874
45 10   0.0032126116  -0.0075349935  -0.0367598723  -0.0307788198  -0.0407517878
45 11  -0.0739393295  -0.0057075130  -0.0032335297   0.0018125150  -0.0133120823
45 12   0.0124475518   0.0109327303   0.0001070497  -0.0013224893   0.0066838188
45 13  -0.0056801521  -0.0121439550  -0.0121363533  -0.0001044040  -0.0001692673
45 14  -0.0005976773   0.0194312602  -0.0025986751   0.0075402736  -0.0006311414
45 15  -0.0012166227   0.0073439478
46  1  -0.0000058989   0.0000027549  -0.0000115452  -0.0000478965   0.0000070504
46  2   0.0000000303   0.0000233494  -0.0000216003   0.0000204123   0.0000397910
46  3   0.0000231749  -0.0000134100   0.0000452894  -0.0000219585   0.0000230660
46  4   0.0000164255   0.0000191358   0.0000135474  -0.0000357084  -0.0000004862
46  5  -0.0000145673  -0.0000022265  -0.0000094528  -0.0000008502   0.0000287099
46  6   0.0000319427  -0.0000401497   0.0000301403  -0.0000641361  -0.0000063556
46  7  -0.0000008024   0.0000697782  -0.0000048320   0.0000204684  -0.0000587141
46  8   0.0000572547   0.0007962383   0.0003696314   0.0004622640   0.0000492495
46  9  -0.0008575699  -0.0003440162  -0.2880079910   0.1011222938   0.0032126116
46 10   0.3061701626  -0.1096517513  -0.0028747435  -0.0190332923   0.0129826045
46 11   0.0012470402   0.0010612671  -0.0002326754   0.0003357159  -0.0022428704
46 12  -0.0042264606  -0.0017458311  -0.0011425894   0.0007080608   0.0000424689
46 13   0.0004112155  -0.0007872242  -0.0001189551  -0.0000507301   0.0000644713
46 14   0.0001304987   0.0020124221   0.0006511123  -0.0003079647  -0.0001347233
46 15  -0.0001199816  -0.0000616893
47  1   0.0000063906  -0.0000026151  -0.0000079229  -0.0000410245   0.0000127351
47  2   0.0000146632   0.0000149250  -0.0000088380   0.0000130864   0.0000166033
47  3   0.0000046860  -0.0000050748   0.0000010722  -0.0000111471   0.0000027977
47  4   0.0000131911   0.0000038855   0.0000058488  -0.0000326027   0.0000349105
47  5  -0.0000733495  -0.0000020776  -0.0000036833   0.0000046712   0.0000500666
47  6   0.0000770850  -0.0000099639   0.0000217391  -0.0000548829  -0.0000052527
47  7   0.0000322588   0.0000730514   0.0000250387   0.0000027685  -0.0000225086
47  8   0.0000285852  -0.0006125521   0.0009602666   0.0010535840   0.0301026989
47  9  -0.0073954702   0.0002643264   0.1011019846  -0.1022750750  -0.0075349935
47 10  -0.1096517513   0.1042803858   0.0097922974  -0.0177561251   0.0113205505
47 11   0.0005408576   0.0005874646   0.0006535648   0.0011590042  -0.0032509506
47 12  -0.0012439435  -0.0022121359  -0.0010056197   0.0004223321  -0.0000652908
47 13  -0.0007625042  -0.0009234773  -0.0001608794   0.0000557624   0.0000359288
47 14   0.0003483566  -0.0004728861  -0.0053731539  -0.0031162644   0.0015811683
47 15  -0.0005645870  -0.0000619899
48  1   0.0000191423   0.0000080645  -0.0000134936   0.0000354985  -0.0000330930
48  2  -0.0000083099   0.0000055384   0.0000183204  -0.0000149811  -0.0000013985
48  3   0.0000009256  -0.0000053384  -0.0000213917  -0.0000036481  -0.0000318703
48  4  -0.0000042828  -0.0000019295  -0.0000020458  -0.0000049033   0.0000152224
48  5  -0.0000145141  -0.0000100519  -0.0000232936  -0.0000185372  -0.0000304222
48  6   0.0000115347   0.0000087522   0.0000165356  -0.0000168130   0.0000185826
48  7   0.0000255031  -0.0000437088   0.0000632147  -0.0000236962   0.0000585178
48  8  -0.0000466135   0.0002184074   0.0011375404  -0.0034182535   0.0070222362
48  9  -0.0022815304   0.0018489508   0.0031406098  -0.0074914818  -0.0367598723
48 10  -0.0028747435   0.0097922974   0.0271916113  -0.0059703669   0.0031048217
48 11   0.0030013373   0.0005181820   0.0010215523  -0.0036790486  -0.0014899579
48 12  -0.0023045436   0.0064155269  -0.0003526298   0.0000705431   0.0002897900
48 13  -0.0001188202  -0.0001875479  -0.0004516990   0.0001264155   0.0003588564
48 14  -0.0013444579  -0.0005699904  -0.0030057634   0.0067298222   0.0003445865
48 15  -0.0002048435   0.0002414471
49  1   0.0000179920  -0.0000054017   0.0000330507  -0.0001368453  -0.0001033818
49  2  -0.0001566687   0.0000785191  -0.0004141174  -0.0002192106  -0.0000110694
49  3   0.0000058662  -0.0000147201  -0.0000604536  -0.0003306654   0.0003565146
49  4   0.0000240887   0.0000453038   0.0000132501  -0.0004389203   0.0000995588
49  5  -0.0000526130   0.0000121284  -0.0000094738  -0.0000094723   0.0000804463
49  6   0.0004339047  -0.0002190444   0.0000546523  -0.0000865381   0.0000101670
49  7  -0.0001213221   0.0003458144   0.0001957823   0.0000175390  -0.0000353374
49  8   0.0000352039   0.0015559368   0.0024598397   0.0001075321   0.0437633510
49  9  -0.0646411428  -0.0123028762  -0.2581704933  -0.0621731284  -0.0307788198
49 10  -0.0190332923  -0.0177561251  -0.0059703669   0.6581580659  -0.0176102178
49 11   0.0379307566  -0.0629247502   0.0315439896   0.0052250839  -0.2992856025
49 12   0.0468583364  -0.0076318602  -0.0189184335   0.0112642028   0.0010039397
49 13   0.0194432576   0.0772882955   0.0192513031   0.0020006468  -0.0004415182
49 14  -0.0005682350  -0.0648132162  -0.0065061706  -0.0061514604  -0.0012922252
49 15  -0.0002318936  -0.0000872364
50  1   0.0000469450   0.0000753104  -0.0001507403  -0.0000778261  -0.0004466301
50  2   0.0002754439  -0.0002940861  -0.0001669275   0.0001521516   0.0001670756
50  3   0.0001014186  -0.0000766721  -0.0001466492  -0.0001475864  -0.0001543783
50  4   0.0000077833   0.0000161550   0.0000453087   0.0000000149  -0.0000702098
50  5  -0.0002489073  -0.0000000387  -0.0001145034  -0.0000275654   0.0002736795
50  6   0.0001213876  -0.0002045370   0.0000141014  -0.0000653612   0.0000242377
50  7   0.0000375415  -0.0000806283   0.0003560671  -0.0000415052   0.0000460771
50  8  -0.0000586704   0.0013445816  -0.0051389861  -0.0029350137  -0.0223431715
50  9  -0.0351028779  -0.0118220687  -0.1235176083  -0.1915716664  -0.0407517878
50 10   0.0129826045   0.0113205505   0.0031048217  -0.0176102178   0.7087011055
50 11   0.1324163670   0.0312414654  -0.3205288087  -0.0622965143   0.1082522944
50 12  -0.1574218835  -0.0137882862  -0.0193198318   0.0109959708   0.0003816386
50 13   0.0350189181  -0.0156368684  -0.0027824912   0.0006667923  -0.0054895123
50 14  -0.0030292055  -0.0064721620  -0.0000439043   0.0011652555  -0.0002307008
50 15   0.0006483789   0.0004055462
51  1  -0.0000045414  -0.0000344407   0.0000267642  -0.0001283832   0.0004548092
51  2   0.0001302035  -0.0001924340   0.0001234527  -0.0001571601   0.0000332018
51  3   0.0000139139  -0.0000193257   0.0001379298  -0.0003315601  -0.0001830332
51  4   0.0000493312   0.0000445591   0.0000338904  -0.0002429148  -0.0004514633
51  5   0.0000400105   0.0000036432   0.0000814866   0.0000553320   0.0000692497
51  6   0.0000014894  -0.0005124477  -0.0000186824   0.0000043068   0.0000052029
51  7   0.0002606610   0.0005354931   0.0001039186   0.0000010796  -0.0000524306
51  8   0.0000161972  -0.0001829517  -0.0028376737   0.0069907271  -0.0021744057
51  9  -0.0152142163   0.0031489294  -0.0450808744  -0.0354863863  -0.0739393295
51 10   0.0012470402   0.0005408576   0.0030013373   0.0379307566   0.1324163670
51 11   0.1695675542   0.0052154988  -0.0631161669  -0.0515163202   0.0067143627
51 12  -0.0186023042  -0.0666274113  -0.0062188386   0.0027825282   0.0032355588
51 13   0.0091351329   0.0007639615   0.0084053164  -0.0002780822  -0.0031152034
51 14   0.0068075004  -0.0061927007   0.0011044149  -0.0077216530  -0.0000830782
51 15   0.0003742054  -0.0008917622
52  1  -0.0000284257   0.0000213469  -0.0000276486   0.0000495546  -0.0000727447
52  2   0.0002046862  -0.0004567531   0.0000991196   0.0004262224  -0.0000055225
52  3  -0.0000145459  -0.0000035299  -0.0002423358  -0.0000297146  -0.0003593540
52  4  -0.0000475284  -0.0000299298  -0.0000109446   0.0006018769  -0.0000984280
52  5   0.0001028068  -0.0000193761   0.0000514318   0.0000212197  -0.0002173183
52  6   0.0000113039   0.0001147768  -0.0001039492   0.0001349421  -0.0000156538
52  7   0.0000971845  -0.0000684857  -0.0003780558  -0.0000338974   0.0000512016
52  8  -0.0000462077   0.0001732072  -0.0014137955  -0.0003327262  -0.0040810052
52  9  -0.0025863841  -0.0015867740   0.0074874098  -0.0261582199  -0.0057075130
52 10   0.0010612671   0.0005874646   0.0005181820  -0.0629247502   0.0312414654
52 11   0.0052154988   0.0627244081  -0.0338289464  -0.0049780846   0.0014788856
52 12   0.0296935719   0.0067471539   0.0011237743  -0.0007474762   0.0002909787
52 13  -0.0053856733   0.0017921410  -0.0005508015  -0.0001486855   0.0015848007
52 14   0.0003352877  -0.0012453199  -0.0002201604  -0.0001011241   0.0001429725
52 15   0.0000000417   0.0001216048
53  1   0.0000379006   0.0000699223  -0.0000811411  -0.0000020379  -0.0002421947
53  2   0.0000100645  -0.0000252751  -0.0001958133   0.0001174663   0.0000630045
53  3   0.0000521914  -0.0000469521  -0.0005667141  -0.0002276703   0.0001578826
53  4   0.0001050749   0.0001133392   0.0000151443   0.0000152910  -0.0006089951
53  5  -0.0003797831   0.0000021312   0.0001624209   0.0000564627   0.0004036759
53  6  -0.0006686970   0.0004343266  -0.0000711256   0.0001441419  -0.0000309665
53  7  -0.0000990017  -0.0004359822   0.0003121162  -0.0000264981   0.0000986494
53  8  -0.0001027974   0.0002971234  -0.0006469947  -0.0001734114  -0.0032340802
53  9   0.0004935232  -0.0018221946   0.0042582487  -0.0122449054  -0.0032335297
53 10  -0.0002326754   0.0006535648   0.0010215523   0.0315439896  -0.3205288087
53 11  -0.0631161669  -0.0338289464   0.3395148568   0.0690728241  -0.0006393943
53 12  -0.0076193790  -0.0025649044   0.0000134595   0.0004884615   0.0010137684
53 13   0.0023796616   0.0014747324  -0.0010819825  -0.0001558307  -0.0004059717
53 14  -0.0001567636  -0.0002297309   0.0006670445   0.0003235292  -0.0000082502
53 15  -0.0001074361   0.0002554561
54  1  -0.0000012130  -0.0000033018  -0.0000127653   0.0002657462   0.0000956140
54  2  -0.0004750478   0.0002443436   0.0000384808   0.0000177621  -0.0000332279
54  3  -0.0000249157  -0.0000092274  -0.0003461124   0.0001063955   0.0001717886
54  4  -0.0000736502  -0.0000867115  -0.0000441051   0.0002409901   0.0000499693
54  5  -0.0000771409  -0.0000023124  -0.0001596311  -0.0001069197  -0.0000309129
54  6   0.0000941345   0.0004547793   0.0000280022  -0.0000437420  -0.0000064746
54  7  -0.0002525545   0.0001161872  -0.0003742877  -0.0000106830   0.0000062455
54  8  -0.0000234069   0.0000686124  -0.0003392651   0.0001025543  -0.0018208012
54  9  -0.0018650617   0.0069195168   0.0014324322  -0.0059212629   0.0018125150
54 10   0.0003357159   0.0011590042  -0.0036790486   0.0052250839  -0.0622965143
54 11  -0.0515163202  -0.0049780846   0.0690728241   0.0421226771  -0.0003833283
54 12  -0.0003437895   0.0032085491   0.0004272949   0.0010131083  -0.0037467652
54 13  -0.0003251384  -0.0012556623   0.0070018036  -0.0000560904  -0.0000505726
54 14   0.0001877152  -0.0000693058   0.0003642674  -0.0007046663   0.0001151938
54 15   0.0002741995  -0.0012234855
55  1   0.0000312699   0.0000477567  -0.0000704549   0.0002059104  -0.0000988576
55  2   0.0002054732   0.0001559996   0.0000917100  -0.0001013818  -0.0002486997
55  3  -0.0001469145   0.0001793435   0.0000687205   0.0000123608  -0.0000669904
55  4  -0.0000685313  -0.0001618035  -0.0001133976   0.0000533487  -0.0001515789
55  5   0.0000120899  -0.0000107379   0.0000352607   0.0000226085  -0.0003064940
55  6   0.0000300553  -0.0001109673  -0.0000347639   0.0000333208  -0.0000197512
55  7  -0.0003287324  -0.0000743563   0.0000522106  -0.0000605961   0.0000580776
55  8  -0.0000325826   0.0000317163   0.0009883017   0.0003042158  -0.0230527641
55  9   0.0310035823   0.0061688471  -0.0561457344  -0.0335421908  -0.0133120823
55 10  -0.0022428704  -0.0032509506  -0.0014899579  -0.2992856025   0.1082522944
55 11   0.0067143627   0.0014788856  -0.0006393943  -0.0003833283   0.7028363473
55 12   0.0235219001   0.0505691030  -0.2331571330  -0.1246988225  -0.0444678117
55 13  -0.1294581285  -0.0060696007  -0.0070535313   0.0000124066   0.0301743992
55 14   0.0070409672   0.0435788869  -0.0216705122  -0.0022026930  -0.0040527035
55 15  -0.0037440379  -0.0018442912
56  1  -0.0000091443   0.0000337690  -0.0000051215   0.0000472194  -0.0001060304
56  2  -0.0000403966   0.0002583036  -0.0001892408  -0.0000098479  -0.0000621840
56  3  -0.0000214178   0.0000667940   0.0001029808   0.0001190343   0.0001184225
56  4  -0.0000386076  -0.0000590614  -0.0000571874   0.0002086994  -0.0001026663
56  5   0.0002325673  -0.0000027078   0.0000342189  -0.0000034219  -0.0002749389
56  6  -0.0002767901   0.0000392175  -0.0000118163   0.0000359255  -0.0000186200
56  7  -0.0001161395  -0.0001455971  -0.0001886012  -0.0000013906  -0.0000031697
56  8   0.0000244462   0.0009624243  -0.0006229186   0.0001073399   0.0314893587
56  9  -0.0412248560  -0.0053059536   0.0084949906   0.0585569425   0.0124475518
56 10  -0.0042264606  -0.0012439435  -0.0023045436   0.0468583364  -0.1574218835
56 11  -0.0186023042   0.0296935719  -0.0076193790  -0.0003437895   0.0235219001
56 12   0.6574237835   0.1257590624  -0.1242452309  -0.1472504121  -0.0357798315
56 13   0.0552254568  -0.3176168338  -0.0569107712  -0.0007713074  -0.0071978528
56 14  -0.0022455435  -0.0645136451  -0.0355976999  -0.0150384898  -0.0025896689
56 15   0.0004960792  -0.0019409781
57  1   0.0000082620  -0.0000487068   0.0000613174   0.0000188435   0.0001367756
57  2   0.0000583056   0.0001452954   0.0002085314  -0.0001034296  -0.0001573646
57  3  -0.0001298291   0.0000544749   0.0000056550  -0.0000980772  -0.0001061375
57  4   0.0000307749   0.0000422684  -0.0000059003  -0.0000497125   0.0000070230
57  5   0.0000547217  -0.0000246961   0.0000289504   0.0000267037  -0.0001135020
57  6  -0.0000532634   0.0000287964  -0.0000133853   0.0000324484   0.0000043362
57  7   0.0000624191   0.0000095740  -0.0000291812  -0.0000002510  -0.0000107990
57  8   0.0000061161   0.0002890779   0.0000862754  -0.0006239046   0.0062914339
57  9  -0.0053806844  -0.0092364510  -0.0031125801   0.0090626360   0.0109327303
57 10  -0.0017458311  -0.0022121359   0.0064155269  -0.0076318602  -0.0137882862
57 11  -0.0666274113   0.0067471539  -0.0025649044   0.0032085491   0.0505691030
57 12   0.1257590624   0.1647255987  -0.0445660734  -0.0360060675  -0.0476917016
57 13   0.0075684393  -0.0616044395  -0.0729321055  -0.0003431592   0.0002167949
57 14   0.0019897247  -0.0124145757  -0.0116725621   0.0026492125  -0.0015634666
57 15  -0.0020205845   0.0071401083
58  1  -0.0000058968   0.0000129123   0.0000066794  -0.0001658500  -0.0000389418
58  2  -0.0001191387   0.0001282369  -0.0002534229  -0.0000154210   0.0001200891
58  3   0.0000560623  -0.0000347343  -0.0000033928  -0.0001048250   0.0001910086
58  4   0.0000518273   0.0000889692   0.0000193679  -0.0001023890   0.0000260103
58  5   0.0000239479   0.0000042796   0.0000006482  -0.0000153344   0.0000956252
58  6  -0.0000088971   0.0000494468   0.0000295119  -0.0000217335  -0.0000014980
58  7   0.0000677214   0.0000005578  -0.0000438807   0.0000281055  -0.0000209399
58  8   0.0000273135  -0.0000017871  -0.0001459887   0.0000739464  -0.0000213890
58  9   0.0009801295   0.0002485528  -0.0040291085   0.0040462638   0.0001070497
58 10  -0.0011425894  -0.0010056197  -0.0003526298  -0.0189184335  -0.0193198318
58 11  -0.0062188386   0.0011237743   0.0000134595   0.0004272949  -0.2331571330
58 12  -0.1242452309  -0.0445660734   0.2468405893   0.1348243174   0.0487402907
58 13   0.0065347254   0.0041080259   0.0013021473   0.0008012627  -0.0006387667
58 14   0.0001940188   0.0015397401   0.0013417058  -0.0001177624   0.0001824805
58 15   0.0003051358   0.0000742466
59  1  -0.0000093191  -0.0000014746  -0.0000266277   0.0000791046   0.0000803349
59  2   0.0000939139  -0.0000285378   0.0000283564   0.0000326369  -0.0000393481
59  3  -0.0001017299   0.0000728301  -0.0000331870   0.0000216107  -0.0001088841
59  4  -0.0000130704  -0.0000412962  -0.0000194024   0.0001509904   0.0000474452
59  5  -0.0000441861  -0.0000155444   0.0000001666   0.0000155560  -0.0000223201
59  6  -0.0000812689   0.0000015993  -0.0000146760   0.0000095916  -0.0000051035
59  7  -0.0000269703  -0.0000203082  -0.0000051487  -0.0000160266  -0.0000023426
59  8  -0.0000046005  -0.0001275844  -0.0000030054   0.0003065867   0.0009479690
59  9  -0.0005909491   0.0000838799   0.0031281562   0.0001544070  -0.0013224893
59 10   0.0007080608   0.0004223321   0.0000705431   0.0112642028   0.0109959708
59 11   0.0027825282  -0.0007474762   0.0004884615   0.0010131083  -0.1246988225
59 12  -0.1472504121  -0.0360060675   0.1348243174   0.1530794197   0.0405817612
59 13  -0.0267208776  -0.0124229662  -0.0055097446   0.0003583465   0.0009588171
59 14   0.0011255045   0.0024352196  -0.0049675912  -0.0027788094  -0.0013826065
59 15  -0.0008035691  -0.0003493845
60  1  -0.0000198891   0.0000292374  -0.0000550338  -0.0000442265  -0.0001391068
60  2  -0.0000607255  -0.0001629716  -0.0001157122   0.0000987107   0.0001723154
60  3   0.0001628810  -0.0000379657   0.0000503529   0.0000702082   0.0001665343
60  4  -0.0000565763  -0.0000819523  -0.0000293334   0.0000775509   0.0000105672
60  5  -0.0000639117   0.0000307012  -0.0000163119  -0.0000192162   0.0000715814
60  6   0.0000164778  -0.0000869951   0.0000058574  -0.0000149971  -0.0000110885
60  7  -0.0000907033   0.0000608793   0.0000118476   0.0000167707  -0.0000071670
60  8   0.0000046010   0.0000793616   0.0003242011  -0.0013190613   0.0002564327
60  9   0.0000932083  -0.0004599533  -0.0002040970  -0.0013174755   0.0066838188
60 10   0.0000424689  -0.0000652908   0.0002897900   0.0010039397   0.0003816386
60 11   0.0032355588   0.0002909787   0.0010137684  -0.0037467652  -0.0444678117
60 12  -0.0357798315  -0.0476917016   0.0487402907   0.0405817612   0.0386816776
60 13  -0.0060462558  -0.0031722365   0.0008377864   0.0004511194   0.0010729903
60 14  -0.0034991731   0.0001371135  -0.0028820879   0.0069178940  -0.0003343036
60 15  -0.0002256492   0.0001527054
61  1   0.0000059430   0.0000217588  -0.0000149828  -0.0001260911  -0.0000558541
61  2  -0.0000661946  -0.0000133031  -0.0001263673   0.0000602873   0.0001248869
61  3   0.0000949831  -0.0000806391  -0.0000101602  -0.0000757284   0.0000637940
61  4   0.0000382653   0.0000846320   0.0000372780  -0.0001162076   0.0000601413
61  5  -0.0000557895   0.0000069404  -0.0000072740  -0.0000149337   0.0001484144
61  6   0.0000765113   0.0000636722   0.0000252910  -0.0000249073   0.0000004775
61  7   0.0000619851   0.0000216838   0.0000018550   0.0000157692  -0.0000029832
61  8   0.0000103867  -0.0040088112   0.0030457602  -0.0002154274  -0.0563119098
61  9   0.0089974736  -0.0029529881  -0.0096857208  -0.0237036468  -0.0056801521
61 10   0.0004112155  -0.0007625042  -0.0001188202   0.0194432576   0.0350189181
61 11   0.0091351329  -0.0053856733   0.0023796616  -0.0003251384  -0.1294581285
61 12   0.0552254568   0.0075684393   0.0065347254  -0.0267208776  -0.0060462558
61 13   0.7167920005  -0.0363479114   0.0385626579  -0.2883460961   0.1008179498
61 14   0.0036762657  -0.2577187934  -0.1230020352  -0.0452904469   0.0075722008
61 15   0.0049851590   0.0016815222
62  1  -0.0000089228  -0.0000362568   0.0000428112  -0.0000375597   0.0001190836
62  2  -0.0000088632  -0.0000779101   0.0000820329   0.0000188172  -0.0000298880
62  3  -0.0000248313  -0.0000060017   0.0000385788   0.0000118062  -0.0000901768
62  4  -0.0000189812  -0.0000102060   0.0000094740  -0.0000385634  -0.0000059672
62  5   0.0000227591   0.0000025058   0.0000006889   0.0000033237  -0.0000102209
62  6  -0.0000335694   0.0001135476  -0.0000187815   0.0000288418   0.0000080200
62  7   0.0001362749  -0.0000409450  -0.0001185948  -0.0000163004   0.0000326566
62  8  -0.0000322197   0.0041656676   0.0002107683  -0.0014046485  -0.0340495790
62  9   0.0582015315   0.0094643043  -0.0230768791  -0.0520524675  -0.0121439550
62 10  -0.0007872242  -0.0009234773  -0.0001875479   0.0772882955  -0.0156368684
62 11   0.0007639615   0.0017921410   0.0014747324  -0.0012556623  -0.0060696007
62 12  -0.3176168338  -0.0616044395   0.0041080259  -0.0124229662  -0.0031722365
62 13  -0.0363479114   0.6435566925   0.1194201668   0.1007291808  -0.1019783020
62 14  -0.0078749064  -0.0616821526  -0.1893231133  -0.0362724606  -0.0259901953
62 15  -0.0136130305  -0.0056954726
63  1   0.0000006698  -0.0000327179   0.0000430163   0.0000544321   0.0000740125
63  2  -0.0000286831  -0.0000152807   0.0000354021  -0.0000069007  -0.0000393704
63  3  -0.0000169112  -0.0000168372   0.0000050185   0.0000087148  -0.0000707821
63  4   0.0000074602   0.0000123709   0.0000131650  -0.0000760438   0.0000392108
63  5  -0.0000002993  -0.0000094135   0.0000017781   0.0000008901  -0.0000034407
63  6   0.0000224215   0.0001620477  -0.0000044185   0.0000034901   0.0000050163
63  7   0.0000828618  -0.0001228170  -0.0000580401  -0.0000068518   0.0000153703
63  8  -0.0000145957   0.0000612498  -0.0014997633   0.0071902177  -0.0131522563
63  9   0.0129211216   0.0088070325  -0.0055126009  -0.0121718060  -0.0121363533
63 10  -0.0001189551  -0.0001608794  -0.0004516990   0.0192513031  -0.0027824912
63 11   0.0084053164  -0.0005508015  -0.0010819825   0.0070018036  -0.0070535313
63 12  -0.0569107712  -0.0729321055   0.0013021473  -0.0055097446   0.0008377864
63 13   0.0385626579   0.1194201668   0.1591545108   0.0036408294  -0.0078830819
63 14  -0.0363291056  -0.0307293237  -0.0411728701  -0.0699124440  -0.0056963418
63 15  -0.0032082233   0.0003370427
64  1  -0.0000042916  -0.0000050708  -0.0000015190  -0.0000025061   0.0000180524
64  2   0.0000258346  -0.0000211843   0.0000181256   0.0000008389   0.0000002130
64  3  -0.0000057458   0.0000056191  -0.0000124502   0.0000110897  -0.0000179194
64  4   0.0000002963  -0.0000071513   0.0000017040   0.0000102655   0.0000090805
64  5  -0.0000253212  -0.0000022860  -0.0000054009   0.0000025758   0.0000202066
64  6   0.0000131732  -0.0000089610  -0.0000006366  -0.0000089432   0.0000003637
64  7   0.0000118987   0.0000151510   0.0000068856  -0.0000012226  -0.0000091615
64  8   0.0000044215  -0.0011126568   0.0007045268   0.0000526712  -0.0022183642
64  9  -0.0043040089  -0.0017978891   0.0004604811  -0.0007482077  -0.0001044040
64 10  -0.0000507301   0.0000557624   0.0001264155   0.0020006468   0.0006667923
64 11  -0.0002780822  -0.0001486855  -0.0001558307  -0.0000560904   0.0000124066
64 12  -0.0007713074  -0.0003431592   0.0008012627   0.0003583465   0.0004511194
64 13  -0.2883460961   0.1007291808   0.0036408294   0.3063689846  -0.1092959078
64 14  -0.0034444922  -0.0188168201   0.0131013918   0.0014700657   0.0010512683
64 15  -0.0003839370   0.0002884932
65  1   0.0000060706   0.0000010657   0.0000094758   0.0000042864  -0.0000095592
65  2  -0.0000245526   0.0000587778  -0.0000062607  -0.0000168795  -0.0000191907
65  3  -0.0000109022   0.0000060100   0.0000239160  -0.0000096508   0.0000199745
65  4  -0.0000007182  -0.0000031029  -0.0000099484  -0.0000097504  -0.0000196293
65  5   0.0000436638  -0.0000004319   0.0000101449   0.0000009309  -0.0000524022
65  6  -0.0000306097   0.0000169762  -0.0000031800   0.0000120496  -0.0000015867
65  7  -0.0000182828  -0.0000221633  -0.0000265829  -0.0000014238   0.0000071471
65  8  -0.0000024670  -0.0010054249   0.0003991050  -0.0000535603  -0.0031810294
65  9  -0.0012310472  -0.0023250358  -0.0007690736  -0.0009587189  -0.0001692673
65 10   0.0000644713   0.0000359288   0.0003588564  -0.0004415182  -0.0054895123
65 11  -0.0031152034   0.0015848007  -0.0004059717  -0.0000505726   0.0301743992
65 12  -0.0071978528   0.0002167949  -0.0006387667   0.0009588171   0.0010729903
65 13   0.1008179498  -0.1019783020  -0.0078830819  -0.1092959078   0.1040581279
65 14   0.0100313212  -0.0178828905   0.0111797087   0.0008037963   0.0005853191
65 15   0.0007111880   0.0010979479
66  1  -0.0000024887   0.0000094761  -0.0000126188   0.0000000196  -0.0000016220
66  2   0.0000147962  -0.0000012816   0.0000114534  -0.0000121189   0.0000013421
66  3   0.0000001468   0.0000120392   0.0000145457   0.0000044072   0.0000082844
66  4  -0.0000048691  -0.0000043492  -0.0000050575   0.0000200183  -0.0000060725
66  5   0.0000074371   0.0000032345  -0.0000042825  -0.0000039134  -0.0000133550
66  6  -0.0000147882  -0.0000014828   0.0000016786  -0.0000014917  -0.0000014345
66  7  -0.0000123293  -0.0000097842  -0.0000118506  -0.0000025733   0.0000030301
66  8   0.0000003911  -0.0003481611   0.0000859179   0.0002639816  -0.0015268504
66  9  -0.0024304111   0.0068118454  -0.0000985141  -0.0001372652  -0.0005976773
66 10   0.0001304987   0.0003483566  -0.0013444579  -0.0005682350  -0.0030292055
66 11   0.0068075004   0.0003352877  -0.0001567636   0.0001877152   0.0070409672
66 12  -0.0022455435   0.0019897247   0.0001940188   0.0011255045  -0.0034991731
66 13   0.0036762657  -0.0078749064  -0.0363291056  -0.0034444922   0.0100313212
66 14   0.0270775494  -0.0059157809   0.0032755950   0.0020646379   0.0005210535
66 15   0.0010212768  -0.0034270121
67  1   0.0000050155   0.0000113368  -0.0000142255   0.0000034688  -0.0000742883
67  2  -0.0000086613   0.0000598138  -0.0000611325  -0.0000303727   0.0000173311
67  3   0.0000158344  -0.0000025442  -0.0000398946  -0.0000005197   0.0000888094
67  4   0.0000104554   0.0000088619  -0.0000013565   0.0000483688  -0.0000061462
67  5   0.0000016433   0.0000000839  -0.0000034380  -0.0000014829   0.0000061547
67  6   0.0000332327  -0.0001177633   0.0000132212  -0.0000194682  -0.0000026243
67  7  -0.0000743826   0.0000589305   0.0000989374   0.0000147760  -0.0000297632
67  8   0.0000266497  -0.0184408886   0.0116153569   0.0011414550  -0.2995404224
67  9   0.0465486770  -0.0084428432   0.0192436740   0.0773327539   0.0194312602
67 10   0.0020124221  -0.0004728861  -0.0005699904  -0.0648132162  -0.0064721620
67 11  -0.0061927007  -0.0012453199  -0.0002297309  -0.0000693058   0.0435788869
67 12  -0.0645136451  -0.0124145757   0.0015397401   0.0024352196   0.0001371135
67 13  -0.2577187934  -0.0616821526  -0.0307293237  -0.0188168201  -0.0178828905
67 14  -0.0059157809   0.6569772802  -0.0180495705   0.0384249613  -0.0628409549
67 15   0.0314375902   0.0051627216
68  1  -0.0000011040  -0.0000017013   0.0000187265   0.0000079487  -0.0000795741
68  2  -0.0000888200   0.0000712375  -0.0000564955   0.0000296992   0.0000036993
68  3   0.0000131169  -0.0000185694   0.0000264436  -0.0000210962   0.0000500101
68  4   0.0000058889   0.0000223769   0.0000022685  -0.0000384636  -0.0000056397
68  5   0.0000569028   0.0000027108   0.0000085402  -0.0000044103  -0.0000247844
68  6  -0.0000002699   0.0000312473   0.0000021198   0.0000133205  -0.0000010960
68  7  -0.0000678055  -0.0000389686  -0.0000053523   0.0000125883   0.0000035206
68  8  -0.0000020070  -0.0193599956   0.0108890263   0.0005902027   0.1078621611
68  9  -0.1560640548  -0.0146624599   0.0344254553  -0.0161243963  -0.0025986751
68 10   0.0006511123  -0.0053731539  -0.0030057634  -0.0065061706  -0.0000439043
68 11   0.0011044149  -0.0002201604   0.0006670445   0.0003642674  -0.0216705122
68 12  -0.0355976999  -0.0116725621   0.0013417058  -0.0049675912  -0.0028820879
68 13  -0.1230020352  -0.1893231133  -0.0411728701   0.0131013918   0.0111797087
68 14   0.0032755950  -0.0180495705   0.6994415528   0.1346332757   0.0314261388
68 15  -0.3145405482  -0.0640419365
69  1   0.0000006932  -0.0000008345   0.0000040800   0.0000014416  -0.0000493812
69  2  -0.0000430520   0.0000211661  -0.0000165148   0.0000017832   0.0000120725
69  3   0.0000054562  -0.0000126884   0.0000038182  -0.0000231583   0.0000360369
69  4   0.0000017634   0.0000053256  -0.0000003950  -0.0000032555   0.0000000653
69  5   0.0000083647   0.0000006135   0.0000025795  -0.0000005339  -0.0000067184
69  6  -0.0000217359  -0.0000054483   0.0000008983   0.0000043236  -0.0000000125
69  7  -0.0000212963   0.0000026147  -0.0000028175   0.0000084758  -0.0000015595
69  8  -0.0000030032  -0.0062467997   0.0031132535   0.0020138082   0.0061382700
69  9  -0.0196043908  -0.0618828417   0.0091954525   0.0009083599   0.0075402736
69 10  -0.0003079647  -0.0031162644   0.0067298222  -0.0061514604   0.0011652555
69 11  -0.0077216530  -0.0001011241   0.0003235292  -0.0007046663  -0.0022026930
69 12  -0.0150384898   0.0026492125  -0.0001177624  -0.0027788094   0.0069178940
69 13  -0.0452904469  -0.0362724606  -0.0699124440   0.0014700657   0.0008037963
69 14   0.0020646379   0.0384249613   0.1346332757   0.1613166070   0.0051698294
69 15  -0.0640442358  -0.0489929643
70  1  -0.0000002551  -0.0000003840   0.0000001415  -0.0000132176  -0.0000016364
70  2  -0.0000087949   0.0000009911  -0.0000134937   0.0000043683   0.0000142108
70  3   0.0000101690  -0.0000090756   0.0000021085  -0.0000077786   0.0000102187
70  4   0.0000051149   0.0000091645   0.0000051257  -0.0000104082   0.0000042222
70  5  -0.0000033419   0.0000000313  -0.0000017218  -0.0000011510   0.0000106077
70  6   0.0000068441   0.0000007048   0.0000052651  -0.0000101298  -0.0000006613
70  7   0.0000084534   0.0000079447  -0.0000014731   0.0000037113  -0.0000078786
70  8   0.0000079303   0.0011303839  -0.0007136745   0.0002237758   0.0015199694
70  9   0.0297095273   0.0070478485  -0.0053922749   0.0017733901  -0.0006311414
70 10  -0.0001347233   0.0015811683   0.0003445865  -0.0012922252  -0.0002307008
70 11  -0.0000830782   0.0001429725  -0.0000082502   0.0001151938  -0.0040527035
70 12  -0.0025896689  -0.0015634666   0.0001824805  -0.0013826065  -0.0003343036
70 13   0.0075722008  -0.0259901953  -0.0056963418   0.0010512683   0.0005853191
70 14   0.0005210535  -0.0628409549   0.0314261388   0.0051698294   0.0620869932
70 15  -0.0341557690  -0.0051179473
71  1  -0.0000002267   0.0000078160  -0.0000000089   0.0000008816  -0.0000173729
71  2  -0.0000318533   0.0000078485  -0.0000223359   0.0000009460   0.0000106330
71  3   0.0000172915  -0.0000110819   0.0000108654  -0.0000190250   0.0000228125
71  4   0.0000026578   0.0000156631   0.0000020882  -0.0000131904  -0.0000064602
71  5   0.0000258848   0.0000025309   0.0000066880  -0.0000036670  -0.0000111906
71  6  -0.0000129578   0.0000123631   0.0000022725   0.0000100745  -0.0000008475
71  7  -0.0000078341  -0.0000154217  -0.0000117737   0.0000051630   0.0000084476
71  8  -0.0000039191   0.0002531782   0.0006450466   0.0010619349  -0.0012805238
71  9  -0.0087598118  -0.0025698946   0.0029246272   0.0015791475  -0.0012166227
71 10  -0.0001199816  -0.0005645870  -0.0002048435  -0.0002318936   0.0006483789
71 11   0.0003742054   0.0000000417  -0.0001074361   0.0002741995  -0.0037440379
71 12   0.0004960792  -0.0020205845   0.0003051358  -0.0008035691  -0.0002256492
71 13   0.0049851590  -0.0136130305  -0.0032082233  -0.0003839370   0.0007111880
71 14   0.0010212768   0.0314375902  -0.3145405482  -0.0640442358  -0.0341557690
71 15   0.3343367354   0.0707574939
72  1   0.0000018118   0.0000064205  -0.0000057822  -0.0000083189  -0.0000184143
72  2  -0.0000003997   0.0000045109  -0.0000212916   0.0000071915   0.0000094540
72  3   0.0000107814  -0.0000018105   0.0000000313   0.0000033474   0.0000106289
72  4  -0.0000021687   0.0000005986  -0.0000007151   0.0000028822  -0.0000080567
72  5   0.0000070309   0.0000017109  -0.0000005097  -0.0000030978  -0.0000021215
72  6   0.0000043576  -0.0000117802   0.0000022217   0.0000001681   0.0000001681
72  7  -0.0000114234   0.0000024701   0.0000068579  -0.0000012903   0.0000054726
72  8  -0.0000014461   0.0004561492   0.0009824176  -0.0034691108  -0.0003181743
72  9  -0.0000764727   0.0015739123  -0.0003526993  -0.0013179715   0.0073439478
72 10  -0.0000616893  -0.0000619899   0.0002414471  -0.0000872364   0.0004055462
72 11  -0.0008917622   0.0001216048   0.0002554561  -0.0012234855  -0.0018442912
72 12  -0.0019409781   0.0071401083   0.0000742466  -0.0003493845   0.0001527054
72 13   0.0016815222  -0.0056954726   0.0003370427   0.0002884932   0.0010979479
72 14  -0.0034270121   0.0051627216  -0.0640419365  -0.0489929643  -0.0051179473
72 15   0.0707574939   0.0412083257
$end
