$hessapprox internal
  0.330313068532D+00 -0.592315064412D-03  0.335365542138D+00 -0.417745260827D-03
 -0.553656738624D-03  0.972057722448D-01 -0.202534720210D-02 -0.566058245932D-03
  0.121937872827D-02  0.364588915395D+00 -0.220102998250D-03 -0.145256248318D-03
 -0.131005946858D-03 -0.379944149782D-03  0.338033028046D+00  0.536126141733D-03
 -0.509146212240D-03  0.554062318680D-02  0.126265546798D-02 -0.594528478186D-04
  0.864930764194D-01 -0.161817631753D-02 -0.505024553026D-03 -0.689796924523D-04
 -0.182417501136D-02 -0.256681259337D-03  0.562316277675D-03  0.330708522290D+00
 -0.270018960159D-03 -0.464382048754D-03 -0.280731123723D-03 -0.640119347618D-03
 -0.614593585226D-03 -0.254093065049D-05 -0.322850438485D-03  0.335829399935D+00
 -0.421989538585D-03 -0.208605916658D-02  0.726877669411D-02  0.134086952933D-02
  0.826483785141D-04  0.160412583111D-01  0.675310007589D-03 -0.181608673481D-02
  0.117791652238D+00 -0.160105665861D-02 -0.556702546132D-03 -0.136403068071D-02
 -0.314276368786D-02 -0.267231284394D-03 -0.853438742362D-03 -0.196838651949D-02
 -0.130024758539D-03 -0.910302816997D-03  0.342644906683D+00 -0.813116931372D-03
 -0.167415625594D-02 -0.172914995943D-03 -0.102299422123D-02 -0.545785474185D-03
 -0.521043468319D-03 -0.830743162578D-03 -0.102184627360D-02 -0.234803483238D-02
 -0.743657048774D-03  0.334635945194D+00  0.163380711354D-02  0.295566190908D-03
  0.249586588055D-02  0.214651006938D-02  0.126632602623D-02  0.272260115375D-02
  0.173879709982D-02  0.127938635046D-02 -0.127669978634D-01 -0.791283368920D-03
  0.173874555267D-02  0.979858828666D-01 -0.156088651112D-02 -0.528012287295D-03
 -0.144389471804D-02 -0.295480463654D-02 -0.346443397908D-03 -0.935626368351D-03
 -0.194172549384D-02 -0.177791612877D-03 -0.101520702679D-02 -0.693406253071D-03
 -0.639286475849D-03 -0.147975326593D-02  0.365787559103D+00 -0.229378079060D-03
 -0.842810690531D-03 -0.234865178832D-04 -0.383396172339D-03  0.118708885811D-04
 -0.112499202866D-03 -0.193458715528D-03 -0.151583824369D-03 -0.150588979376D-02
 -0.185524880463D-03 -0.108006247658D-02  0.820777644605D-03 -0.162789702518D-03
  0.337951674865D+00 -0.318719599032D-03 -0.541596405397D-03 -0.149424945422D-01
 -0.314757833092D-03  0.959016117656D-03 -0.795826816203D-02  0.172896500556D-03
  0.124395549679D-02 -0.297976109035D-02  0.252925999562D-03  0.308673441754D-03
  0.195604958231D-01 -0.139545969704D-03  0.108176066809D-03  0.946342018814D-01
 -0.151902577158D-02 -0.476828758229D-03 -0.293635695497D-03 -0.229249088338D-02
 -0.365252940080D-03 -0.259340687777D-03 -0.170024885825D-02 -0.357943245720D-03
 -0.443388974658D-03 -0.104815031748D-02 -0.794043760119D-03 -0.635477155024D-03
 -0.922166273538D-03 -0.169673753046D-03 -0.408258595938D-03  0.379872907612D+00
 -0.335819217541D-02 -0.568450175585D-02 -0.472808673103D-03 -0.543991803187D-02
 -0.380750232071D-02 -0.259557259287D-02 -0.376545838939D-02 -0.513231885443D-02
 -0.711667453449D-02 -0.313847755011D-02 -0.982542521233D-02  0.764125048138D-02
 -0.307871544297D-02 -0.352950103361D-02  0.351047521560D-02 -0.366086978196D-02
  0.282048730114D+00  0.742824103460D-03 -0.765379512378D-03  0.289376219972D-02
 -0.121860782135D-02 -0.924753144309D-04  0.507440005079D-02  0.300714828801D-03
  0.167188067378D-04 -0.500119664107D-02  0.250505442934D-02 -0.308499920860D-03
  0.313915128128D-02  0.270209594150D-02 -0.300239150724D-03 -0.741723273159D-03
  0.181745944234D-02  0.102808384334D-02  0.101664160950D+00  0.555102157943D-02
  0.147379333414D-02 -0.920261844774D-03  0.106413062553D-02  0.120523304114D-02
  0.442809157619D-03  0.527199844047D-02  0.223688827337D-02 -0.854314932307D-05
  0.609671333029D-02  0.247061627151D-02 -0.418007526259D-02  0.445555762948D-02
  0.772873997683D-03  0.386125043760D-02  0.271522445672D-02  0.120439247368D-01
  0.354643287092D-02  0.252366026958D+00 -0.995548507574D-03  0.145697259276D-03
  0.436036624329D-03 -0.107845581455D-02 -0.111167796088D-02  0.297005644035D-03
 -0.115403331499D-02 -0.118774082496D-02  0.149819433477D-02 -0.124444606488D-02
 -0.762336985783D-03  0.286236838968D-04 -0.122385693604D-02  0.333709345428D-03
 -0.551001009760D-04 -0.114569059960D-02 -0.625330294264D-02 -0.809310257532D-03
  0.705538772402D-03  0.313586732971D+00  0.124148459899D-02  0.169078604560D-03
 -0.192866473024D-03  0.100489794559D-02  0.740087769117D-04  0.492096963236D-02
  0.120305021612D-02  0.814075264635D-03 -0.296510981294D-03  0.919662506447D-03
  0.537229393833D-03 -0.128674094402D-02  0.818003308549D-03  0.245580504897D-03
  0.397602171000D-02  0.635922526487D-03  0.423726161405D-02 -0.152199577605D-01
 -0.464980865261D-02 -0.169087169873D-03  0.933929406157D-01  0.412605788650D-02
  0.149799718003D-02 -0.139105601210D-02  0.381512142762D-02  0.112517622525D-02
 -0.301815974883D-03  0.451764874290D-02  0.163932185830D-02  0.116410997680D-02
  0.241251008342D-02  0.226744153674D-02 -0.304351754762D-02  0.110059334263D-02
  0.533970328831D-03  0.360045519512D-02 -0.188600485547D-06  0.936960915886D-02
 -0.494659576547D-02  0.293455115214D-01  0.687686392375D-03 -0.514867426057D-02
  0.259580244071D+00 -0.259434727956D-03 -0.210743867142D-02 -0.104068508027D-02
 -0.102185286542D-02  0.220386808769D-03 -0.120340801798D-02 -0.158822308225D-03
 -0.147031530221D-03 -0.524652136377D-02  0.234425553300D-03 -0.232147094573D-02
  0.918930807240D-03  0.150257874793D-03 -0.153543857256D-02  0.524281131098D-03
  0.937856572759D-04 -0.664882494750D-02  0.213070932311D-03  0.353054665761D-02
  0.142925852960D-02  0.761089403284D-03  0.141926902116D-02  0.312282959263D+00
  0.113307476711D-02 -0.634759539641D-04 -0.461489707246D-03  0.116606209546D-02
 -0.789518702059D-03 -0.526482797831D-02  0.103491749209D-02 -0.814743109530D-03
  0.170245731404D-02  0.726826587363D-03 -0.574476123776D-03 -0.127136472876D-02
  0.593376362814D-03  0.110054314631D-05 -0.623629988027D-03  0.221555895449D-03
 -0.303774926928D-02 -0.524832784887D-03 -0.335076786204D-02 -0.117269588964D-02
 -0.944808534360D-02 -0.327193922838D-02  0.309242733498D-04  0.944414408475D-01
 -0.193308210777D-02 -0.559754035565D-03  0.242087847871D-03 -0.174957835498D-02
 -0.338395798343D-03  0.616099094075D-03 -0.194241044108D-02 -0.487450300354D-03
  0.203434970569D-03 -0.249151322426D-02 -0.955108612994D-03  0.142840384471D-02
 -0.240712956087D-02 -0.273969647187D-03 -0.452793618453D-03 -0.192344966282D-02
 -0.460644580994D-02 -0.138821966780D-03  0.303958397766D-02 -0.105193631122D-02
  0.116192037220D-02  0.292190644570D-02 -0.525068228041D-03  0.108451032587D-02
  0.345830527256D+00 -0.403276774582D-02 -0.674995851591D-02 -0.269318693016D-03
 -0.566066043278D-02 -0.425092127958D-02 -0.260468170399D-02 -0.443450554963D-02
 -0.595068724810D-02 -0.822178194977D-02 -0.451419458806D-02 -0.114859664117D-01
  0.951555355474D-02 -0.437540346508D-02 -0.431739955900D-02  0.319533426934D-02
 -0.478066369540D-02 -0.522744376849D-01 -0.200469531496D-03  0.126745784789D-01
 -0.687878290466D-02  0.414006718424D-02  0.115268684772D-01 -0.849040493964D-02
 -0.323350592155D-02 -0.525817738979D-02  0.265307103139D+00 -0.995891944915D-03
  0.765402813614D-03 -0.394778594163D-02  0.102003553128D-02 -0.221276247578D-03
 -0.105036274920D-04 -0.507007163085D-03 -0.424010680555D-03  0.329787228362D-02
 -0.192768074731D-02 -0.141792823878D-03 -0.263862582235D-02 -0.189571643276D-02
 -0.472515279093D-04  0.188559440886D-02 -0.120237643857D-02 -0.297138743538D-02
  0.109988454050D-01 -0.590808022130D-02 -0.778927879418D-03 -0.144030720241D-02
  0.277711792188D-02  0.351150662784D-03  0.176540250350D-01  0.176575041468D-03
 -0.243653847011D-02  0.991657909936D-01 -0.862158878670D-03  0.360392347295D-03
  0.237346385642D-03 -0.973146443866D-03 -0.323190536347D-03  0.714381759899D-03
 -0.104486733143D-02 -0.840255139005D-04  0.193711451564D-02 -0.688613375978D-03
  0.559560221632D-03  0.146901845481D-02 -0.543334345458D-03  0.439758772087D-03
 -0.607339686640D-03 -0.812401645823D-03  0.139875027903D-02  0.142824803487D-02
  0.336996378146D-02 -0.144640028033D-02  0.150855920357D-02  0.298221103181D-02
  0.139774184666D-02  0.196294285740D-03 -0.133979042689D-02  0.196146940430D-02
 -0.208830843298D-02  0.511403114517D+00 -0.288846365360D-03 -0.936195577151D-03
 -0.310079430445D-02 -0.194990732541D-02 -0.400181229705D-03 -0.992182519362D-03
 -0.806476417005D-03 -0.758346217258D-03 -0.350020203463D-02  0.107556178456D-03
 -0.130549130137D-02 -0.152215011718D-02  0.118177155881D-03 -0.320388850773D-03
 -0.132831779929D-02 -0.486249244074D-03 -0.441013226481D-02  0.105612714485D-02
  0.565196273861D-02 -0.135067240635D-02 -0.178263146856D-02  0.170093977698D-02
 -0.342244345135D-03 -0.274711187973D-03 -0.137043696926D-02 -0.507941296985D-02
 -0.978548647268D-03 -0.757122024478D-03  0.458017285435D+00  0.201761446057D-02
 -0.116596920394D-02 -0.255061082815D-02 -0.298404215609D-02 -0.730475997942D-03
  0.227678982518D-03  0.845058129485D-03 -0.121823759138D-02 -0.775756643661D-02
  0.131806349514D-02 -0.162371562470D-02  0.347721986136D-02  0.166978236353D-03
 -0.638273443912D-04 -0.664234908916D-02  0.109072781736D-02 -0.511178189489D-02
  0.481820114493D-02  0.114546052223D-01 -0.122717950716D-02  0.500275257382D-02
 -0.182902489181D-02 -0.340805625636D-03  0.553305453814D-02  0.120904456709D-02
 -0.644314183523D-02 -0.875785894390D-03  0.740152586990D-03  0.159129946912D-01
  0.335831510647D+00 -0.381009355410D-03 -0.140316281154D-02 -0.877378909521D-03
 -0.682466608140D-03 -0.286206506143D-03 -0.459195714332D-03 -0.267330415504D-03
 -0.548280423327D-03 -0.315050573973D-02 -0.511620290320D-03 -0.203537188839D-02
  0.870886511301D-03 -0.681157226087D-03 -0.110153175121D-02  0.104708699949D-02
 -0.675005929025D-03 -0.761777177406D-02 -0.114910153504D-02  0.273463665910D-02
  0.102866614464D-03  0.378952707818D-03  0.310361341165D-02 -0.280118584656D-02
 -0.735258875545D-03 -0.614243711088D-03 -0.955830258072D-02  0.878194706132D-03
 -0.144247348305D-02 -0.651307794268D-03  0.778626449934D-02  0.511567055654D+00
 -0.126346205087D-02  0.386787018610D-03  0.321230292756D-02  0.167101940468D-03
  0.230680594508D-03  0.307794318232D-02 -0.899854023800D-03  0.121990475462D-03
  0.346349004137D-02 -0.244114214421D-02  0.257228459991D-03  0.311415855090D-02
 -0.247449784038D-02  0.296457435298D-03 -0.776456529653D-03 -0.167322727156D-02
  0.192690261881D-02 -0.256884073760D-02  0.152634393679D-02  0.988143982641D-04
  0.121049655000D-02  0.432913011994D-02  0.574594000032D-03  0.152148238186D-02
 -0.672256685202D-03  0.238475714988D-02  0.222020067063D-02 -0.348135172896D-02
 -0.476146463276D-02  0.338231708979D-02  0.467448584339D-03  0.456968106753D+00
 -0.430898982794D-03 -0.706715900458D-03 -0.146393848309D-02  0.156347951045D-02
 -0.262446867410D-03  0.599845464138D-03 -0.401399019424D-03 -0.893341459696D-03
  0.322970580478D-02 -0.260923628159D-02 -0.512442042276D-03  0.761294360450D-03
 -0.249514151153D-02 -0.472855454437D-04 -0.372904648180D-02 -0.182467392323D-02
 -0.218356364992D-02 -0.467461278229D-02  0.103652729543D-02 -0.127639226703D-02
 -0.134892038413D-02  0.502923480639D-02 -0.992112765990D-03  0.202888946074D-02
 -0.336608044339D-03  0.177460334632D-03  0.265523513246D-02  0.712556397840D-03
  0.463946635435D-02  0.107768454132D-01  0.382625504464D-03 -0.187349028999D-02
  0.373728515482D+00 -0.170570226123D-03 -0.104539743510D-02 -0.157208588636D-02
 -0.155441276959D-02  0.534906383977D-03 -0.166315506292D-02 -0.106706918171D-03
  0.831919069222D-03  0.122741612343D-02  0.809175821495D-03 -0.587325765212D-03
 -0.614742251392D-02  0.609610450188D-03 -0.627686733482D-03 -0.271261955958D-02
  0.560755631070D-03  0.770272961789D-03  0.388555192638D-03  0.463506075140D-02
  0.919285669789D-03  0.401050662648D-03  0.340539473193D-04 -0.138614827092D-02
  0.165039336178D-02 -0.933801902436D-03 -0.116220808901D-02  0.137309912295D-03
 -0.480306084672D-03  0.434400639418D-02  0.176384700438D-01  0.456553113287D-02
  0.775618782056D-03  0.122154473715D-02  0.390277174022D+00 -0.229426259458D-03
 -0.348647156495D-04 -0.122024662399D-02  0.124252208248D-02 -0.396573829179D-03
 -0.762943205317D-04 -0.246401991745D-03 -0.804891743699D-03  0.123225880211D-02
 -0.171930499334D-02 -0.189213640147D-03  0.202044962175D-02 -0.158164153216D-02
  0.127334204053D-03 -0.836583259572D-03 -0.129738898558D-02 -0.235390730141D-02
 -0.264235950554D-02 -0.734174997447D-03 -0.117056281808D-02 -0.101631622028D-02
  0.321272492450D-02 -0.101277236941D-03  0.602584388640D-03 -0.132317287241D-04
 -0.613030178586D-03  0.178632863497D-02  0.712804428712D-03  0.962974346608D-03
 -0.165059653849D-02 -0.152692847567D-02 -0.121603582040D-02  0.701546119290D-02
 -0.368912153929D-02  0.374017910926D+00  0.504805041747D-03 -0.501510226783D-03
  0.149563377682D-02 -0.207053679395D-02  0.662073603392D-04 -0.928974597770D-03
 -0.984348079890D-03 -0.184793367910D-03 -0.482612844960D-02  0.896824113797D-03
  0.369493019142D-03 -0.154454713438D-02  0.134125481978D-02  0.164986725654D-03
 -0.243047577784D-02 -0.373771414554D-04  0.120941794461D-02  0.214919205126D-02
  0.383146604648D-02  0.891407102254D-03 -0.271710340955D-01 -0.182949933494D-02
 -0.916851523658D-03 -0.341546395333D-01 -0.126100403184D-02  0.197301046130D-02
 -0.317327535605D-01  0.194228118791D-02  0.314156569300D-02  0.653632672625D-03
 -0.158373588410D-02 -0.279216609176D-02  0.603418991171D-03 -0.250155674420D-02
  0.858215285565D-03  0.695446587729D-01  0.512607034062D-03 -0.218895386744D-03
  0.272023156612D-03  0.139221250887D-02 -0.224478355444D-04 -0.222800608572D-02
  0.899331777524D-03 -0.710663114454D-04  0.334143377053D-02 -0.437105471710D-03
 -0.414482955519D-03  0.314289420727D-02 -0.615300580581D-03 -0.952862080451D-04
  0.260865434466D-03 -0.355974355588D-03 -0.112867716246D-02 -0.379283272353D-01
 -0.313436405816D-02  0.416675801923D-03  0.218007098312D-01  0.974614246437D-04
 -0.811234978636D-03  0.115891939027D-01  0.881567178291D-03 -0.944312620208D-03
 -0.169709580834D-01  0.638042426591D-03 -0.196463935311D-02 -0.877833517613D-03
 -0.484973165807D-03  0.258155772354D-02  0.289199528065D-02  0.902718455517D-04
  0.122617980337D-02 -0.687242557555D-02  0.588234355499D-01 -0.113671648243D-03
 -0.609186583995D-03  0.899004279993D-03 -0.585014698838D-03 -0.514786508422D-03
 -0.328226339814D-02 -0.441648308509D-03 -0.870222260805D-03 -0.135849769387D-02
  0.456472288408D-03 -0.908020132636D-03 -0.149558059336D-02  0.746768126178D-03
 -0.520907834037D-03 -0.709363244751D-03 -0.578635675682D-04 -0.481555113469D-02
  0.369191561285D-01  0.959229166983D-03 -0.973535919091D-03 -0.317005764359D-01
  0.721340316850D-03 -0.738294732516D-03  0.307058862582D-01 -0.702032764908D-03
 -0.544886208494D-02  0.386479255696D-01  0.901973688800D-03 -0.521305520753D-04
 -0.354408512772D-02 -0.246347244224D-02  0.426235098235D-03  0.629663048907D-03
 -0.703023046233D-04  0.359074998558D-03 -0.784291466198D-02 -0.149216367928D-01
  0.701201585181D-01 -0.498141279276D-03 -0.112038783993D-02 -0.337456598040D-02
 -0.317759795595D-02 -0.142803625858D-03 -0.597247591153D-02 -0.193711019047D-02
 -0.446127641135D-03 -0.600785884416D-02  0.164630036561D-02  0.189622600065D-03
 -0.463423170750D-02  0.228276869761D-02 -0.239466179040D-03 -0.341658686883D-02
  0.169292579762D-03  0.295576369586D-03 -0.163201825834D-02  0.635287002717D-02
  0.752621582012D-03 -0.587913961519D-02  0.293795411843D-02 -0.189198458828D-02
 -0.839565591370D-02 -0.250153596712D-02  0.981405392607D-03  0.391400895013D-02
  0.194231964476D-02  0.587140592382D-02 -0.174487299286D-02 -0.314151704979D-02
 -0.800802357319D-02  0.188738972134D-02 -0.335917538832D-02  0.245832878991D-02
  0.217585124658D-01 -0.122824463199D-01  0.154036751107D-02  0.772844383175D-01
 -0.104034645875D-02 -0.414744294215D-03 -0.539178932000D-03 -0.282701784907D-03
 -0.244725547689D-03  0.730770088308D-03 -0.109904492845D-02 -0.498564629751D-03
 -0.737744195886D-03 -0.198710085581D-02 -0.592901005992D-03  0.834561354190D-03
 -0.184566572808D-02 -0.199335194633D-03 -0.139815488275D-02 -0.179072481169D-02
 -0.277722363636D-02 -0.157138949743D-02  0.202445098227D-02 -0.835707065626D-03
  0.880950188688D-04  0.416210338052D-02 -0.773117612378D-03  0.585673414634D-03
 -0.138756899203D-02 -0.269203309604D-02  0.104342861921D-02 -0.159100428601D-02
 -0.816185760525D-03  0.161643982982D-02  0.221694671413D-03 -0.149090576264D-02
  0.361091577934D-02  0.213841740302D-02  0.119363448324D-02  0.130216537822D-03
  0.611690317200D-03 -0.524739341311D-04 -0.102822915771D-02  0.487755711555D+00
 -0.535932390418D-03 -0.327597778884D-03 -0.237408489731D-02 -0.218710404648D-02
  0.722089809749D-04 -0.363217224761D-03 -0.108030765590D-02  0.120809661485D-03
 -0.186002343630D-02  0.187743067469D-03 -0.227946934443D-03 -0.161752323346D-02
  0.300767119738D-03 -0.532529880183D-04 -0.105823742635D-02 -0.484840478145D-03
  0.531334584055D-03  0.133590936969D-02  0.634094723715D-02 -0.678125681675D-03
 -0.486615267026D-03  0.299576026544D-02  0.383575665262D-03  0.108294682793D-03
 -0.178263045507D-02 -0.106971273792D-03 -0.176234050898D-02 -0.131556409140D-02
  0.139430616807D-02  0.779894340146D-02  0.479366819874D-03 -0.408599526248D-02
  0.647252164391D-03  0.436211277720D-02 -0.100684272897D-02  0.325921020545D-02
 -0.959487839951D-03  0.110554578646D-02  0.410962203291D-02 -0.734374817054D-03
  0.450359320335D+00 -0.865288248438D-03  0.395210876114D-03 -0.198529947351D-04
  0.780269630805D-03  0.300181699882D-05  0.218628362829D-02 -0.608856958176D-03
 -0.250234639251D-03 -0.184104998516D-02 -0.278015755793D-02  0.218424051378D-03
  0.312254046578D-02 -0.280177371082D-02  0.197488141900D-03 -0.353203122170D-03
 -0.225645168221D-02 -0.163521267730D-03 -0.427608948374D-02  0.336148178598D-02
 -0.656771530750D-03  0.112636297009D-02  0.786853496764D-02  0.708307366826D-04
  0.130450709470D-02 -0.778599616183D-03  0.683990978046D-03  0.254478174199D-02
 -0.234410431192D-02 -0.122503339345D-02  0.470319293780D-02  0.195600868425D-02
  0.444707787184D-03  0.494998706009D-02  0.303782116052D-02  0.148618289648D-02
 -0.273445384594D-02  0.199508536481D-02 -0.136120735113D-02 -0.531257770517D-02
  0.138913781686D-02 -0.156849203794D-02  0.434484261767D+00 -0.186762386926D-02
 -0.528267044012D-03  0.371789371459D-03 -0.100436322439D-02 -0.244187563080D-03
  0.989202588831D-03 -0.183825024098D-02 -0.514072130189D-03 -0.183048640134D-02
 -0.304533270076D-02 -0.840364686233D-03  0.162322796105D-02 -0.291599226556D-02
 -0.362897963864D-03 -0.136161836817D-02 -0.227436160591D-02 -0.444337973315D-02
 -0.170667761916D-02  0.248363005075D-02 -0.745076324292D-03  0.127642307842D-02
  0.455439849494D-02 -0.101555322294D-02  0.164067100372D-02 -0.178159728375D-02
 -0.462009116419D-02  0.839693585381D-03 -0.121810098330D-02 -0.139839911904D-02
 -0.556809022110D-03 -0.374536849748D-03  0.141897580283D-03  0.123232346478D-02
 -0.161593391876D-02  0.103010685404D-02 -0.166891767226D-02  0.157661878286D-02
 -0.681765296917D-03 -0.326896213045D-02 -0.233781959852D-03 -0.177921491652D-02
  0.114280070588D-02  0.343230147892D+00 -0.965337211504D-03  0.727459312404D-04
 -0.402826608043D-04 -0.129924879731D-03 -0.240488037162D-05  0.121466301654D-02
 -0.748180484206D-03 -0.960320919971D-04 -0.102873290086D-02 -0.209602809844D-02
 -0.107961540529D-03  0.181917135835D-02 -0.214135347520D-02 -0.528815442454D-04
 -0.221462159285D-03 -0.175452914505D-02 -0.103050768806D-02 -0.215606184721D-02
  0.326395639223D-02 -0.474713570877D-03  0.120778177276D-02  0.529970793203D-02
 -0.253390277033D-03  0.128380094564D-02 -0.112224444246D-02 -0.104744207029D-02
  0.132327425991D-02 -0.206189311702D-02 -0.127160352188D-02  0.383343461055D-02
  0.118225765866D-02 -0.194169707195D-03  0.294766034690D-02  0.330067262829D-02
  0.319291257286D-03 -0.262462974449D-02  0.155172471261D-02 -0.108204091742D-02
 -0.475171746862D-02  0.425662730980D-03 -0.120237515189D-02  0.198094222091D-02
 -0.180597268988D-04  0.450123349905D+00 -0.733703624621D-03 -0.195735817798D-03
  0.582373112926D-04 -0.171872331902D-02 -0.302408885123D-03 -0.223558714730D-03
 -0.901908660075D-03 -0.192305133245D-03 -0.753664443421D-03 -0.419600672883D-03
 -0.533490996839D-03  0.704088096180D-03 -0.416710963139D-03 -0.976774067426D-04
  0.808262845540D-03 -0.843758951792D-03 -0.245928352860D-02  0.198481937116D-02
  0.415724901365D-02 -0.119166705812D-02  0.978054826998D-03  0.165887653764D-02
  0.273125646224D-03  0.333632810212D-03 -0.163349141899D-02 -0.368438493948D-02
 -0.144102073605D-02 -0.145993125760D-02 -0.538608744098D-03  0.379457297471D-02
  0.560176320131D-03 -0.200820876350D-02  0.579136803841D-04  0.485843445989D-02
 -0.176938444072D-02  0.587698692354D-03 -0.759451618716D-04  0.159992776063D-04
 -0.462063498526D-03 -0.865507978910D-03  0.348771127780D-03 -0.123449182667D-02
 -0.168594201608D-02 -0.714683901381D-03  0.485239208053D+00 -0.181072156338D-03
  0.118348830192D-03 -0.217520748901D-02 -0.273599646707D-02  0.644310516460D-04
 -0.682699768487D-03 -0.748446445885D-03  0.436978436134D-03 -0.150071548253D-02
  0.106109153854D-02  0.321517708093D-03 -0.188268824358D-02  0.955320726076D-03
  0.297907630285D-03 -0.241251433439D-03  0.125003107192D-04  0.245024793395D-02
  0.285430356225D-02  0.911713095206D-02 -0.906799226989D-03 -0.285988678832D-03
  0.357407127832D-02  0.150486437815D-02 -0.950508658259D-04 -0.173796168618D-02
  0.147586386056D-02 -0.245035719903D-02 -0.137497863440D-02  0.188420945137D-02
  0.981648670333D-02  0.130974208045D-02 -0.391341635515D-02 -0.127507395706D-02
  0.604468335861D-02 -0.262089221977D-02  0.307707498094D-02 -0.142698621066D-02
  0.111737840881D-02  0.322235204293D-02 -0.132511933759D-02  0.199627341346D-02
 -0.239977071710D-02 -0.233086378391D-02 -0.135544805018D-02  0.112638967165D-02
  0.431826303945D+00 -0.161853910481D-02 -0.660696292861D-03 -0.296370687807D-02
 -0.155563600275D-02 -0.352203524554D-03 -0.371813114504D-03 -0.205615710649D-02
 -0.721503198499D-03 -0.170512404685D-02 -0.223444972591D-02 -0.549048691844D-03
 -0.311268476293D-03 -0.198026525739D-02  0.117361762659D-05 -0.241666101068D-02
 -0.199838500437D-02 -0.265234368486D-02 -0.214725885693D-02  0.320688479605D-02
 -0.117381654452D-02 -0.115393828516D-02  0.443054332283D-02 -0.371651347802D-03
  0.139825442537D-02 -0.202893095054D-02 -0.162657976174D-02  0.124085846097D-02
 -0.625097318290D-03  0.155632277609D-02  0.279220512672D-02 -0.190104754368D-02
 -0.403291331619D-02  0.406841275809D-02 -0.399415377847D-02  0.387285893778D-02
  0.216577539303D-02  0.948876639894D-03  0.106636417035D-02  0.518468859561D-02
 -0.665905407850D-03 -0.101476728353D-02 -0.911059517074D-03 -0.132878715919D-02
 -0.181104811180D-02 -0.229376318981D-02 -0.210599169654D-02  0.354772975692D+00
  0.233330673841D-02 -0.158902637437D-02  0.445230441831D-02  0.799242855761D-03
 -0.110294423165D-02  0.367053412462D-02  0.225231548691D-02 -0.146026090385D-02
  0.631916674189D-02 -0.478447165210D-03 -0.264308310261D-02  0.161096642434D-01
 -0.168398854076D-02 -0.553857964426D-03 -0.279759811577D-02 -0.489440690732D-03
 -0.106661999289D-01  0.348644644341D-02  0.163280313391D-01 -0.218704090264D-02
  0.131025289218D-01  0.116214906580D-01 -0.106042373449D-02  0.771477052501D-02
  0.189544622174D-02 -0.115073524804D-01 -0.260055310128D-02  0.455350359002D-02
  0.480973883121D-02  0.487342178004D-01  0.128948905832D-02  0.122671221334D-01
  0.101245685363D-01  0.108590500208D-01  0.172904251669D-03 -0.174035257927D-02
  0.638749791012D-02 -0.100598810110D-02 -0.136221853321D-01  0.215257226659D-02
  0.316790240560D-02  0.703054971052D-02  0.127273441669D-02  0.575803475639D-02
  0.258320708636D-02  0.534155940758D-02  0.182771392225D-04  0.314053771423D+00
 -0.159653094602D-02 -0.905323343622D-03  0.214032619377D-02 -0.132613692245D-02
 -0.134897288997D-03  0.182608418344D-02 -0.136783048531D-02 -0.240532360639D-03
  0.321211878309D-02 -0.198543117376D-02 -0.138818768188D-02  0.301240213541D-02
 -0.200519327391D-02 -0.550014794437D-03  0.380790905874D-03 -0.135575342599D-02
 -0.490816393268D-02 -0.406629934971D-03  0.129083417502D-02 -0.182961927842D-03
  0.131220855458D-02  0.545920302546D-03 -0.115071146937D-02  0.108957304777D-02
 -0.134402207360D-02 -0.618964253341D-02  0.525821354001D-03 -0.142979589031D-02
 -0.285556711357D-02 -0.406022217575D-03 -0.342294359817D-03  0.158312671006D-02
 -0.294137594323D-02  0.237430326439D-03 -0.172744799301D-02 -0.201539929675D-02
  0.103767389364D-02 -0.710501538068D-03 -0.621066395113D-02 -0.128394449702D-02
 -0.193626503745D-02 -0.261453673691D-03 -0.155655747904D-02 -0.249178805755D-03
 -0.498047963458D-03 -0.115076299213D-02 -0.396992805665D-02  0.383174458029D-02
  0.381345640308D+00 -0.130365614425D-02  0.356324247752D-03 -0.162508529200D-01
  0.115088261088D-02 -0.138124537431D-04 -0.137566178442D-01 -0.888117306786D-03
 -0.590136320520D-03 -0.216090157791D-01 -0.206010545947D-02  0.573971013229D-03
 -0.106627327577D-01 -0.173435838465D-02 -0.434182620080D-04  0.433740377180D-02
 -0.124216809592D-02  0.693569460962D-03 -0.439317663207D-03 -0.170657071629D-02
  0.301765346968D-03 -0.910382719726D-03  0.489387291614D-02 -0.957138639034D-03
  0.179941065846D-02 -0.307459185240D-03  0.195654095770D-02 -0.119454551640D-02
 -0.798613696832D-03  0.696343928981D-03 -0.340930688211D-02  0.109302377847D-02
 -0.876081274961D-03  0.337259002180D-02 -0.331274452506D-02  0.319460014799D-02
 -0.137092999266D-02  0.227775603578D-02  0.112003211685D-02  0.344694968722D-03
  0.171970134671D-02 -0.129313894749D-02  0.548338163783D-02  0.311223257897D-02
  0.290569831347D-02 -0.145327232006D-02 -0.340321556943D-02  0.270511164514D-02
 -0.100633254892D-01 -0.453381881246D-02  0.772664053726D-01  0.114408593684D-03
  0.193583711913D-03  0.103650263839D-02 -0.210010069410D-04 -0.147249095364D-03
 -0.465646466391D-03  0.741127982912D-04 -0.178367277671D-03 -0.172513756690D-03
  0.422308856499D-04 -0.585317695399D-04  0.134956102387D-02  0.503838504719D-04
  0.125392416927D-03  0.218263611540D-04 -0.671287861925D-04 -0.678398350709D-03
  0.432206369701D-03 -0.516558430817D-04 -0.506826781302D-03  0.136389402540D-03
 -0.458897958748D-03  0.537769706004D-03  0.222936546905D-04  0.124282337274D-04
 -0.857379059077D-03 -0.282848730516D-03  0.207726243738D-04 -0.376023196912D-03
  0.281899720226D-03  0.357230586539D-03  0.441315218968D-03  0.138251701526D-04
  0.115740938779D-02 -0.547833121874D-03  0.126286423257D-03 -0.147502783233D-03
 -0.268269217467D-04 -0.103620213780D-03 -0.238185450717D-04  0.120083659488D-03
 -0.226314051550D-03  0.427660474936D-04 -0.134073437864D-04 -0.102169945871D-03
  0.171575067726D-03 -0.183623638738D-03  0.778086957451D-03  0.532980413810D-03
  0.639274653933D-02  0.383538143241D+00 -0.455976404059D-03 -0.165388942196D-02
 -0.293800716447D-02 -0.139804535387D-02 -0.497351862018D-04 -0.205815756269D-02
 -0.296777755602D-03 -0.203758394205D-03 -0.409320998618D-02  0.658089970118D-04
 -0.202493870741D-02 -0.104279404302D-02 -0.161049738979D-03 -0.111919883632D-02
  0.291706880966D-03 -0.809266089275D-04 -0.679409655209D-02 -0.899821709654D-03
  0.393162660588D-02  0.751669561839D-03  0.110590666655D-02  0.119444984331D-02
 -0.260307318365D-02  0.350616498235D-03 -0.700829498106D-03 -0.890505330372D-02
  0.664460685135D-03  0.233074391089D-03 -0.109072123066D-02 -0.269940212399D-03
 -0.172273048356D-02  0.116932341470D-02 -0.305067592726D-02  0.182985588366D-04
 -0.177076438191D-02 -0.234099537087D-02 -0.847980864755D-04 -0.158025479775D-02
 -0.464201546464D-02 -0.114908541534D-02  0.264281805636D-03 -0.183935742283D-03
 -0.126649881061D-02 -0.150868433219D-03  0.412846327655D-03  0.160365535345D-02
 -0.206085930889D-02 -0.154781620935D-02 -0.271315351513D-03  0.216617948441D-02
 -0.319936158186D-03  0.337272178991D+00  0.154128130812D-04  0.505241292064D-03
 -0.908518271244D-03 -0.895025567839D-04 -0.362729746450D-03  0.596777312519D-04
 -0.173287212094D-03 -0.271286158175D-03  0.823718960973D-03 -0.569299213015D-04
  0.360729206260D-03 -0.206639371044D-02 -0.450861083405D-04  0.381833149175D-03
 -0.894552878407D-03 -0.186675387012D-03 -0.110928715913D-03  0.270865375497D-03
  0.262499956235D-03 -0.896387657393D-03 -0.118763247388D-03  0.618197172304D-03
  0.101814410947D-02 -0.352477373364D-03 -0.180827310498D-03  0.123710505687D-03
 -0.869287263694D-04 -0.275951039120D-03  0.213882162293D-03 -0.438083065946D-03
  0.289556065022D-03 -0.336926737123D-03  0.395785218449D-03  0.571227194696D-03
 -0.521862339725D-04  0.576680793952D-03 -0.304298364856D-03  0.310085273908D-03
  0.137330574075D-02  0.610319866217D-04  0.309728067535D-03 -0.178970297855D-03
  0.109631489395D-03 -0.163138172215D-03 -0.415477196663D-03 -0.138064841389D-03
  0.432276699487D-03 -0.822974428717D-03 -0.108598585419D-03 -0.120479443084D-02
 -0.512186824747D-02  0.514992278330D-03  0.383334911406D+00 -0.849973685927D-03
  0.243547270359D-03 -0.272965904904D-02 -0.378939909553D-02 -0.463681775651D-03
 -0.217793432304D-02 -0.115364326904D-02  0.196270739704D-03 -0.534077181042D-02
  0.136858474528D-02 -0.161304400420D-03 -0.594645546373D-02  0.109582759356D-02
  0.179285368612D-03  0.137308554123D-02  0.704983201562D-03 -0.205329948802D-02
  0.248786213175D-02  0.374974180926D-02 -0.477119658705D-03  0.174625474910D-02
 -0.298584238817D-02  0.156627188347D-02 -0.143205514745D-02 -0.150688383596D-02
 -0.540694357859D-02 -0.270790705717D-02 -0.288390679208D-02 -0.249232921088D-02
 -0.944719481452D-04  0.190068864475D-02  0.158913251778D-02 -0.137264406624D-01
  0.469034405471D-02 -0.927002022590D-02 -0.201852827455D-02 -0.123670969160D-02
 -0.166545028475D-02 -0.420262901280D-02 -0.334193347011D-02  0.112601869933D-02
 -0.347921221877D-02 -0.281803592986D-02 -0.168708511767D-02  0.988227167364D-03
  0.324373409917D-02 -0.680602670425D-02 -0.606660620523D-02  0.186135919122D-02
 -0.145952782652D-02  0.799726316289D-05  0.355867137935D-02  0.107981315600D-02
  0.323741372456D+00 -0.353531755953D-03  0.587967687041D-03  0.201265425800D-02
  0.174091901888D-04 -0.521733398091D-04  0.250067855147D-03 -0.389241728102D-03
 -0.469733902947D-04  0.103194096619D-02 -0.672811624559D-03  0.650200836412D-03
  0.103127382111D-02 -0.556172091225D-03  0.462113889203D-03 -0.834222392988D-03
 -0.507968904616D-03  0.185985256365D-02  0.549352952486D-03 -0.533692495447D-03
 -0.738375143050D-03 -0.859592428830D-03  0.689504710147D-04  0.112804570592D-02
  0.718260079388D-03 -0.387537080506D-03  0.248646918263D-02  0.226008644483D-03
 -0.276800662817D-03  0.290835003383D-03  0.107335034786D-02  0.913292172514D-03
 -0.599660001027D-03  0.178391426582D-02  0.112846823245D-02  0.545198579977D-03
  0.424525152441D-03  0.454843910135D-04  0.122852735653D-02  0.106494698289D-02
  0.255108184165D-03 -0.256947105748D-03 -0.132859610810D-03 -0.134117021003D-03
 -0.980885370943D-04 -0.351673939973D-03 -0.684124703533D-03 -0.308495769270D-04
  0.255764041422D-02 -0.887708058017D-04  0.614003379659D-03 -0.600079871206D-03
  0.802370089606D-02 -0.293304141257D-02  0.141073419270D-02  0.386523293066D+00
 -0.198840237991D-02 -0.189761794322D-03 -0.309844729199D-02 -0.272394766991D-02
  0.973656322002D-03 -0.807946777982D-03 -0.178365600215D-02  0.139948505836D-02
 -0.416060200080D-02 -0.141262392577D-02  0.115767428859D-03 -0.706662253727D-02
 -0.149051823790D-02 -0.742644599911D-03 -0.160146535868D-02 -0.520035431524D-03
  0.137311554485D-02 -0.144992951685D-02 -0.186967383850D-02  0.311079203770D-02
  0.673436849730D-03 -0.504941964428D-02 -0.109397797328D-02  0.127529704281D-02
 -0.133550513267D-02  0.112130410103D-03 -0.108608384847D-02 -0.288452794938D-02
 -0.776115899638D-02 -0.140448892333D-01 -0.664815427904D-02 -0.381049872992D-03
 -0.130907645662D-01 -0.141818549122D-01 -0.240320474252D-02 -0.236576856508D-02
  0.968787461795D-03 -0.143563378390D-02 -0.540339924021D-02 -0.689936850975D-02
 -0.646306681745D-02 -0.742882265698D-02 -0.254020023786D-02 -0.693357525647D-02
 -0.537090552179D-02 -0.558025063111D-02 -0.334831657830D-02 -0.945783876942D-02
  0.449785363434D-03  0.411415063460D-02  0.635607264939D-03  0.320424516095D-03
  0.171153126827D-03  0.969544821643D-02 -0.896117457648D-03  0.322236512166D+00
  0.623752961995D-03  0.716406073026D-03  0.157198627264D-03 -0.715975440197D-03
  0.903139073402D-03 -0.198383554853D-02  0.690058287037D-03  0.128292550860D-02
 -0.371738460024D-02  0.990446204073D-03  0.109719463395D-02  0.526716574099D-03
  0.547888382916D-03  0.236291044934D-03  0.306146291347D-02  0.179755416998D-03
  0.568819853727D-02 -0.211107141281D-03  0.626778664103D-02 -0.277647635695D-03
  0.800399265667D-02  0.413852758137D-02  0.229477912945D-02 -0.830857123542D-02
 -0.165695683451D-03  0.572246867117D-02 -0.236144872416D-02  0.115900768272D-02
  0.107039155694D-02 -0.505567262081D-02  0.174886323740D-02 -0.831277323539D-03
 -0.301514894175D-02 -0.303501131683D-02  0.455448186861D-03 -0.112635844631D-02
  0.298481806344D-03 -0.140629354758D-01 -0.102455522656D-02  0.172535847563D-03
  0.115327443476D-02  0.442191767117D-03 -0.248124020942D-03  0.780178979005D-03
  0.445816556239D-03  0.216755062375D-02 -0.256032839098D-03 -0.621330203696D-03
  0.243175796526D-03  0.152775441554D-02 -0.637146629321D-04  0.238708157391D-02
  0.615008477232D-03  0.231351605485D-02 -0.132252831421D-02  0.161754506303D-02
  0.439847668120D-01 -0.512755842390D-03  0.602206236618D-04  0.200075551000D-01
  0.863427856587D-03 -0.627365656111D-03  0.316268706852D-01 -0.530944331382D-03
 -0.730700243082D-03  0.938707357824D-02 -0.149369105785D-02 -0.340643380713D-03
 -0.238119456300D-01 -0.123751474279D-02 -0.203893042664D-03 -0.230636597760D-01
 -0.427464691151D-03 -0.344968896709D-02  0.140021404129D-02  0.728435638725D-03
  0.374779731422D-03  0.240587147539D-02  0.101074540226D-02 -0.125563884362D-02
 -0.166456286905D-02  0.116411925845D-04 -0.327853688529D-02 -0.903235940719D-03
 -0.237987576780D-03 -0.148956539497D-03 -0.574072654105D-03 -0.341199412368D-03
  0.150627017247D-02  0.237326599553D-02  0.226414788790D-03  0.399768854536D-03
  0.191127786608D-02 -0.182580077782D-02 -0.130157048006D-02 -0.162948927967D-02
  0.120484345099D-02 -0.373274558501D-03  0.278959806340D-02  0.184257772810D-02
  0.131837898730D-02 -0.110932948005D-02 -0.140519009985D-02  0.384677634186D-03
 -0.448356759008D-02 -0.862322104177D-03  0.204174747659D-02 -0.761952449377D-03
 -0.144631111290D-02  0.100409888364D-02 -0.592595184362D-03 -0.115074863004D-03
  0.261240597621D-02  0.131217337154D-02  0.514151699513D-01 -0.120584553336D-02
  0.500022394598D-05 -0.266932228157D-01 -0.220341826265D-02 -0.399982288145D-03
 -0.166828043926D-02 -0.936481506194D-03 -0.399677519428D-04  0.884802518472D-02
  0.910842129964D-03 -0.114909926381D-02 -0.299605543898D-01  0.115994086375D-02
 -0.396653877029D-03 -0.258956007241D-02  0.651381054309D-03 -0.434636451246D-02
 -0.327649668932D-02  0.541220214518D-02  0.177193422855D-03  0.271018591075D-02
  0.296590032043D-02  0.627669779948D-03  0.119038764416D-02 -0.122038535801D-02
 -0.680437792201D-02  0.352971443666D-02 -0.158438821289D-02 -0.107773168271D-02
 -0.865296475099D-02  0.324090202471D-03  0.724267016578D-03 -0.581356272140D-02
  0.620516203326D-02 -0.475773953173D-02 -0.638187188884D-02 -0.157406393802D-02
 -0.219339844295D-03 -0.609082412380D-02 -0.143621235805D-02  0.105530451048D-02
 -0.200783253644D-02 -0.200215669556D-02 -0.506900918849D-03  0.259905932022D-03
  0.253293385102D-02 -0.326401667394D-02 -0.931442744102D-02  0.341409969834D-03
  0.514670306302D-02 -0.722745093165D-03  0.366156841131D-02  0.959669952372D-03
  0.104376203010D-01 -0.169230668814D-02  0.902001769753D-02  0.208434302832D-02
  0.990716558580D-03  0.431866047748D-01 -0.754639016317D-03  0.171212430849D-03
  0.276400606610D-01  0.777815475701D-03 -0.896806828195D-03 -0.134381987512D-01
 -0.288163037195D-03 -0.103625274618D-02  0.142809560253D-01 -0.931696876263D-03
 -0.787709669794D-03 -0.272122965298D-01 -0.606351604020D-03 -0.133086680259D-03
 -0.403537998290D-01 -0.495429469491D-03 -0.448513790800D-02 -0.411095700000D-02
 -0.509476707729D-03 -0.369068939424D-03 -0.566999266149D-02  0.427581726167D-02
 -0.449047899654D-03  0.134179737052D-02  0.140505759398D-03 -0.425676249584D-02
  0.204685466267D-02 -0.429009217873D-03 -0.113111673755D-02 -0.356614598621D-02
 -0.505282607379D-03  0.901000517389D-03  0.225818414632D-02  0.207177876376D-02
  0.937336058552D-03  0.147551508820D-02  0.609261695987D-03  0.124694193550D-02
  0.347328836367D-02  0.585734652590D-03 -0.126465736042D-02 -0.468956912690D-03
 -0.113552448112D-04  0.835435043024D-05 -0.657432432880D-03 -0.122143466869D-02
  0.372123624423D-03 -0.200248717495D-02  0.165335806586D-03 -0.636969638565D-02
  0.109475737123D-03 -0.241575803235D-03  0.378961607310D-03 -0.288399350962D-02
  0.122165421982D-02  0.381951148690D-03 -0.302064409975D-02  0.112883412014D-01
  0.182664611712D-02  0.640011720290D-01  0.208497690642D-04  0.272127265996D-03
  0.235100556044D-02 -0.551414882103D-03 -0.153529328632D-04  0.638732013423D-04
  0.492868232081D-04  0.787680643985D-03  0.164289636829D-01  0.537075108448D-03
 -0.218295000848D-04  0.320691454444D-02  0.463321892908D-03  0.179359416220D-04
  0.254093400568D-02  0.596357345142D-03  0.140076134922D-03  0.578131498280D-03
 -0.784959766436D-03 -0.645608416458D-04 -0.168832678347D-03 -0.195362654790D-02
  0.130475512562D-02 -0.274260582826D-03  0.955087429555D-04 -0.653596974617D-03
 -0.964630262270D-03 -0.109199733309D-02 -0.193753234645D-03  0.191735308140D-02
  0.605993095454D-03  0.451107222431D-03 -0.290267295741D-02  0.181808248676D-02
 -0.203906237080D-02  0.734181182672D-03 -0.394678148977D-03 -0.323887000806D-03
  0.210922440882D-03 -0.775191555866D-03 -0.254982765537D-03 -0.112685675635D-02
 -0.108395157020D-02 -0.326974035560D-03  0.875879430677D-03  0.893878439023D-03
 -0.165393596164D-02  0.181504040809D-02  0.159707198594D-02 -0.663139645124D-02
  0.539446033162D-03  0.196800457059D-02 -0.661273422599D-03  0.298547412261D-02
  0.249534741032D-03  0.738489387628D-03 -0.388091978536D-03 -0.432972968204D-02
  0.811957788210D-03  0.281664841586D-03  0.143493778206D-01  0.279875005168D-04
  0.118902549337D-03 -0.155764870631D-02 -0.760569623369D-03 -0.144705325641D-04
 -0.640544685110D-03  0.136281328155D-03 -0.380013425187D-03 -0.664705057687D-02
  0.802610669294D-03 -0.143138191111D-03 -0.287189883093D-02  0.703151053149D-03
  0.248512817337D-03  0.236588829876D-03  0.383156727934D-03  0.444632064568D-03
 -0.510208361327D-03  0.185647857854D-02 -0.757527535849D-04 -0.197026101624D-03
 -0.111054561952D-02  0.790308550281D-03 -0.869274271233D-03 -0.591112512150D-04
 -0.292411455539D-03  0.120908975320D-02 -0.102549039137D-02 -0.862963273012D-03
  0.133962378343D-03  0.155501729785D-02  0.908432086858D-03 -0.420140421261D-02
  0.304074567899D-02 -0.326136352121D-02 -0.271510987605D-02 -0.913595415934D-03
 -0.800249446628D-03 -0.344952252510D-02 -0.943295054654D-03  0.524365616095D-03
 -0.975929781615D-03 -0.581638460305D-03  0.209142833658D-03  0.537139607028D-03
  0.146503389800D-02 -0.228102222507D-02 -0.118275302084D-02  0.159418428935D-02
 -0.161184014180D-02 -0.394431348833D-03  0.168632629851D-02 -0.743451110354D-04
  0.470749256117D-02 -0.958508070732D-03  0.445299631421D-02  0.200229485035D-02
 -0.127598753293D-03  0.474420236352D-02 -0.979000902548D-03 -0.669477896473D-02
  0.894297175943D-02  0.222324227512D-03 -0.524532364424D-03 -0.455089154745D-03
  0.683962873330D-03  0.198265327161D-03  0.229748874465D-02  0.322518262365D-04
 -0.256836773116D-03 -0.605766042320D-02 -0.647722877395D-03 -0.190604899434D-04
  0.114995854310D-02 -0.664617592899D-03 -0.233077578227D-03  0.401174116509D-03
 -0.228777733936D-03  0.186429499770D-03 -0.848983313013D-03 -0.704194598245D-03
  0.689468155463D-03 -0.735773209947D-03  0.437161527536D-04 -0.135483427432D-02
  0.359545182090D-03  0.213208514687D-03  0.134902456173D-02 -0.382030638760D-03
  0.682699705507D-03  0.178273167457D-02  0.202003914820D-02 -0.161786856221D-02
 -0.909755297774D-03  0.448444418741D-02 -0.366582987006D-02  0.358789135968D-02
  0.123733840744D-02  0.123598325304D-02  0.469369157310D-03  0.242891776307D-02
  0.685493484638D-03 -0.102373060540D-03  0.114659638279D-02  0.866298447151D-03
  0.175212594954D-03 -0.691560602426D-03 -0.122713707167D-02  0.329562394044D-02
  0.913932793106D-03 -0.145204568799D-02  0.376398043664D-02  0.126208495342D-03
 -0.213579498267D-02  0.577461666637D-03 -0.506219512686D-02  0.665853462151D-03
 -0.216411579566D-02 -0.823619047022D-03  0.264550049243D-02 -0.323357740623D-02
 -0.225921596607D-02 -0.215037807071D-02 -0.278639127955D-02  0.911172661746D-02
  0.964976629751D-04  0.703246155728D-03 -0.246026673043D-02 -0.122336100816D-02
  0.139837587446D-03  0.239392194457D-03  0.227007963950D-03  0.589054765069D-03
 -0.665105596792D-02  0.864557572189D-03  0.679477214240D-03 -0.321802004349D-02
  0.265466192073D-03  0.182758006182D-03  0.769810608536D-03  0.911001467180D-03
  0.151428861019D-02 -0.281675209468D-02  0.266692135038D-02 -0.142528204831D-03
 -0.949958910537D-03 -0.586767733171D-03  0.117571383413D-02  0.656927743566D-04
  0.136269955284D-03 -0.117389313610D-03  0.177562149069D-02 -0.269006483359D-02
  0.419803484422D-03  0.282051785270D-02  0.223750580713D-02  0.149545814545D-02
 -0.620617296132D-02  0.322120637116D-02 -0.462505116350D-02 -0.371252720737D-02
  0.437146486007D-03 -0.151591715504D-02 -0.530370355103D-02 -0.110650470712D-02
  0.618437238301D-03  0.216015067203D-03 -0.242531163822D-03  0.511957558563D-03
  0.123642711502D-02  0.192342804090D-02 -0.276343437995D-02 -0.318690019470D-02
  0.116353077086D-02 -0.582156809162D-03  0.663113347903D-03  0.345359038967D-02
 -0.425537050036D-03  0.975310720474D-02 -0.112293904880D-02  0.645736136151D-02
  0.128893008864D-02  0.813117867776D-03  0.749901605676D-02 -0.152958477494D-02
 -0.623591227062D-02  0.748108316004D-02  0.453044872013D-02  0.250036463967D-01
 -0.245096687545D-03 -0.115510575061D-03  0.829456875700D-03  0.520608901262D-03
  0.119812722976D-03 -0.366970922254D-03 -0.441686886712D-03 -0.279925410865D-03
 -0.993590779429D-02 -0.793216156378D-03 -0.185329917117D-04 -0.247033247461D-02
 -0.721246736774D-03  0.158148784826D-03 -0.364725701567D-02 -0.495627813833D-03
 -0.181822180105D-03  0.175739497801D-02 -0.174471763559D-02 -0.101852079708D-02
 -0.629050212513D-03  0.754256444033D-03 -0.452647958005D-03 -0.126962652549D-02
 -0.410571827555D-04  0.481598402510D-04 -0.116104358559D-02  0.419889789993D-03
 -0.660192777375D-04  0.711165074532D-03  0.516712045068D-03 -0.102345171912D-02
  0.194773749610D-02 -0.110288503741D-02  0.144089431575D-02  0.245145743864D-02
 -0.124999786986D-02  0.242416854591D-03  0.278539355662D-02  0.917522622482D-03
 -0.640673702880D-03  0.830556446514D-03  0.156830786818D-02 -0.311668799086D-03
 -0.269215403084D-03 -0.160484941084D-02  0.165151633743D-02 -0.186347191067D-02
 -0.228981864383D-02  0.522691719617D-02  0.679693591529D-05 -0.904103835635D-03
  0.164702714576D-03  0.163464934960D-02 -0.642256033054D-03  0.130750013204D-02
 -0.117462193872D-02  0.307002642448D-02 -0.147866093068D-02  0.331691670052D-02
  0.898309357818D-02 -0.941985875464D-02 -0.229638653120D-02 -0.169271475289D-01
  0.268307261299D-01 -0.437875826707D-03  0.552268042214D-03  0.709339536167D-02
  0.312009055817D-02 -0.125036472201D-02 -0.325235239584D-02  0.430176100437D-03
 -0.219181211268D-03  0.449793107408D-01 -0.254660026455D-02 -0.397499270995D-03
  0.245335446432D-03 -0.261473175883D-02  0.808947433752D-03 -0.290195229632D-02
 -0.157882918249D-02 -0.558489571040D-02 -0.477179089684D-02 -0.520367938216D-02
 -0.265713828628D-02 -0.403356987459D-02  0.511242166351D-02  0.228748560195D-02
  0.176992938087D-02  0.954412546564D-03 -0.344380217037D-02  0.374155913670D-02
  0.292487099255D-03 -0.171444797307D-02 -0.627863523141D-02 -0.886310684884D-03
  0.172662072015D-02  0.853411155931D-02 -0.179155823442D-02  0.589570471894D-02
 -0.157984410568D-02  0.411962077118D-02  0.790923208212D-03 -0.338393510385D-02
  0.192632378547D-02 -0.329657926141D-02  0.760844097543D-03  0.712832798657D-03
  0.714202366859D-03 -0.595041434694D-03 -0.450549728600D-02  0.203309230589D-02
  0.809205097995D-02  0.178916989966D-02 -0.104553836684D-01  0.889515338360D-05
 -0.388663649979D-03 -0.188997417711D-02 -0.127349184836D-01  0.139246341288D-02
 -0.482391640250D-02 -0.725184458325D-02 -0.740259517049D-02 -0.293992075152D-02
  0.178457486878D-01 -0.984592822202D-02  0.839903826271D-02 -0.781370933767D-02
 -0.560196723326D-02 -0.165822844076D-01  0.874853488348D-01
$end
