$vibrational normal modes
 1  1  -0.1272092117   0.0464876859   0.2168313013   0.0479514869   0.2085481749
 1  2  -0.2512449437   0.0627926605   0.1763712687  -0.0073447752   0.0429269586
 1  3   0.0877715957   0.0452999535   0.0100878822  -0.0811667956   0.0168288227
 1  4  -0.0045475446  -0.0659978089  -0.1133658806   0.1961625947   0.0392230193
 1  5  -0.0465978319   0.0450107836   0.0090303459  -0.0549129469  -0.0084925142
 1  6  -0.0514101322  -0.0216753363   0.0698864494  -0.0022800145   0.0004931056
 1  7  -0.0268409028   0.0877058434  -0.0189583999   0.0575455507   0.0711970772
 1  8   0.0249321383  -0.0076563632   0.0684611795  -0.3007676603  -0.2588899355
 1  9   0.1015234216   0.3160207584  -0.0158986444  -0.3785414370  -0.0168681786
 1 10   0.1094690524  -0.4145891930  -0.3589484682   0.0640925475  -0.2494005893
 1 11  -0.0068531494   0.3870098911  -0.0463185896   0.3607053407  -0.1185280432
 1 12   0.3485433447   0.0697747437   0.3337872500  -0.1266409070  -0.1851525775
 1 13  -0.0014040136  -0.0796783523   0.0000887824  -0.0236177280   0.1320186607
 1 14   0.0141795700   0.0043535397  -0.0224553370   0.1338714214  -0.0213275556
 1 15  -0.1160448582   0.0192650775
 2  1   0.2011758168  -0.1640815317   0.1138931249  -0.0881578423  -0.0467180481
 2  2   0.0234046232  -0.1445837833   0.1667875689  -0.1951804906   0.1763453325
 2  3   0.1320145841   0.3438769378   0.0629281414  -0.4897432460   0.1075091944
 2  4  -0.0304391553   0.0626112724  -0.0343952220  -0.0605791283  -0.0125984743
 2  5  -0.2816785564   0.2735848662   0.0518686183  -0.3347990681  -0.0636279862
 2  6  -0.3058885374  -0.1228987567   0.4269466309  -0.0056947512   0.0134152399
 2  7  -0.1696163124   0.5327380215  -0.0651611684   0.3618539589  -0.0250972959
 2  8  -0.0448492870   0.0014256088  -0.0803873867   0.0221020598   0.0290091264
 2  9  -0.0341750112  -0.0258006275   0.0006922525   0.0362403124   0.0012530695
 2 10  -0.0121439045   0.0384506354   0.0345150171  -0.0052446114   0.0231221404
 2 11   0.0004426942  -0.0366264345   0.0078409807  -0.0286631926   0.0378017301
 2 12  -0.0314608714   0.0294586040  -0.0469127624   0.0038498478   0.0174448189
 2 13   0.0016003869   0.0898848053  -0.0002240710   0.0246520344  -0.1494858616
 2 14  -0.0158971058  -0.0053499627   0.0300474327  -0.1504654922   0.0243171905
 2 15   0.1309559989  -0.0215204270
 3  1  -0.0818156329   0.0305591941   0.2199275379   0.0230586075  -0.0029800155
 3  2   0.0756036541   0.0145611041   0.0153918184   0.0352401861  -0.1006099398
 3  3  -0.0360555680  -0.1296695040  -0.0154194231   0.1198012015  -0.0266133997
 3  4   0.0079263963   0.2635721058  -0.1920779186  -0.0949624461  -0.0113671144
 3  5   0.0697664943  -0.0680803147  -0.0124403015   0.0813171783   0.0166449870
 3  6   0.0768012477   0.0298364039  -0.1055293553   0.0001716563  -0.0017292829
 3  7   0.0420950172  -0.1305496251   0.0293270075  -0.0831519798  -0.2591931491
 3  8  -0.1052061954   0.0395429450  -0.2650773218  -0.1121299897  -0.0504444171
 3  9  -0.0957409969   0.1110991255  -0.0046624256  -0.1078344050  -0.0047798531
 3 10   0.0281413149  -0.1190206024  -0.1022865594   0.0179934481  -0.0713873255
 3 11  -0.0019475299   0.1103609735  -0.0016626216   0.1235505483   0.0754778221
 3 12   0.1077344174   0.1700800170   0.0309064612  -0.0723044212  -0.0518659728
 3 13   0.0054239666   0.3088294725  -0.0007092531   0.0835124888  -0.5139040955
 3 14  -0.0547904692  -0.0185469213   0.1060720278  -0.5166929900   0.0832163815
 3 15   0.4499435511  -0.0745072549
 4  1  -0.0682560168   0.0646775308   0.1356485005  -0.0274315290   0.2001192143
 4  2  -0.1674494120   0.0379776881   0.1062371197   0.0087059473   0.0195851208
 4  3   0.0770419206   0.0250811356   0.0048088734  -0.0363544706   0.0079167265
 4  4  -0.0017752832  -0.0690218605   0.1387027209  -0.0684656553  -0.0167338165
 4  5   0.0039128626  -0.0039333966   0.0020456924  -0.0318954902   0.0016828983
 4  6   0.0072161437   0.0026935598  -0.0112314473   0.0001710062  -0.0010657740
 4  7   0.0057480360  -0.0165876208  -0.0021205418  -0.0098994503   0.0574967102
 4  8   0.0258569004  -0.0081184270   0.0695750841  -0.0422679013  -0.0447673717
 4  9   0.0386345737   0.0455148328  -0.0010692398  -0.0281814590  -0.0016439989
 4 10   0.0128916077  -0.0452417173  -0.0400907831  -0.0759970716   0.2807207903
 4 11   0.0019129139  -0.0574264317   0.0095346608  -0.1023745879   0.0033954437
 4 12  -0.0964796135  -0.1143128450  -0.2327156953   0.1124507433   0.1450490903
 4 13   0.0001350486   0.0066522757   0.0000765639   0.0034167584  -0.0109413278
 4 14  -0.0012050802  -0.0000823675  -0.0007982586  -0.0123141775   0.0018708979
 4 15   0.0106450850  -0.0017743009
 5  1   0.1285956037  -0.1699599850   0.0794446159  -0.0856932126  -0.0267108341
 5  2   0.0095490767  -0.0830022474   0.1111022858  -0.1258554309   0.0360362888
 5  3   0.0722097286   0.2196230650   0.0287666365  -0.2216974208   0.0483692880
 5  4  -0.0121836683   0.0744122032  -0.0519616528  -0.0301367500  -0.0036707212
 5  5   0.0221739454  -0.0248953905   0.0126342010  -0.1953942354   0.0095286634
 5  6   0.0465941976   0.0185945512  -0.0647057383   0.0007545296  -0.0017898637
 5  7   0.0302101390  -0.0980365481   0.0139574762  -0.0496417947  -0.0710086094
 5  8  -0.0257044892   0.0112513471  -0.0755386210  -0.0018364261   0.0094981286
 5  9  -0.0320222763   0.0003532075   0.0001596805   0.0026822265   0.0002168913
 5 10  -0.0021094523   0.0041578519   0.0037683280   0.0069790983  -0.0267936159
 5 11  -0.0001175680   0.0054428628   0.0013142828   0.0137653999   0.0214266350
 5 12   0.0109058933   0.0433908737   0.0081791286  -0.0186587006  -0.0135637909
 5 13  -0.0001354316  -0.0074038817   0.0000148534  -0.0022073557   0.0126039996
 5 14   0.0013356146   0.0004381806  -0.0023808755   0.0133309517  -0.0021656321
 5 15  -0.0118666310   0.0019409093
 6  1  -0.0454705908   0.0369557129   0.2090438813   0.0029238968  -0.0109750220
 6  2   0.1012210346  -0.0097564268   0.0135793702   0.0191586314  -0.0657754283
 6  3  -0.0213561658  -0.0985183210  -0.0068394366   0.0532210130  -0.0116801825
 6  4   0.0032633705   0.2604206696  -0.1227477324  -0.1726313657  -0.0284713503
 6  5  -0.0055991740   0.0062394583  -0.0028557000   0.0465605529  -0.0020700330
 6  6  -0.0107094578  -0.0050271271   0.0165769334  -0.0010152584   0.0021754150
 6  7  -0.0076406757   0.0259421874   0.0094289182   0.0183050359  -0.2261096037
 6  8  -0.0999453554   0.0347807145  -0.2688878794  -0.0366514426   0.0086495329
 6  9  -0.1035539727   0.0322748755  -0.0005885566  -0.0078490523  -0.0004135275
 6 10   0.0002571728  -0.0138735407  -0.0112913429  -0.0216342030   0.0797338047
 6 11   0.0004969835  -0.0163537240   0.0122207840  -0.0121824460   0.0905632544
 6 12  -0.0207462350   0.1025643456  -0.1242304141  -0.0005756036   0.0422006086
 6 13  -0.0004484397  -0.0254514041   0.0000977915  -0.0066292139   0.0435922997
 6 14   0.0046286222   0.0017174513  -0.0101585816   0.0456331642  -0.0074351405
 6 15  -0.0408553405   0.0067493001
 7  1  -0.0227756977   0.0820836542   0.0580764068  -0.1004206885   0.1779353025
 7  2  -0.0896350537   0.0139612700   0.0385496240   0.0059735561  -0.0016964132
 7  3   0.1023800818   0.0047000271  -0.0136066379   0.0103272819  -0.0331618933
 7  4   0.0068646970   0.1579327386   0.0931269161  -0.2839468922  -0.0549937493
 7  5   0.0044272628  -0.0031048711  -0.0026016652   0.0318831215   0.0030557478
 7  6   0.0018660234  -0.0093844476  -0.0089073876  -0.0002864456  -0.0014139920
 7  7   0.0109469515   0.0123236271  -0.0147236146  -0.0007131823   0.2315692643
 7  8   0.1026009339  -0.0012067017  -0.2761307007   0.0671911301   0.0280795510
 7  9   0.0621949912  -0.0670415915   0.0011633502   0.0083774848   0.0022697664
 7 10  -0.0175404593   0.0012140821   0.0022716340   0.0217560796  -0.0789207596
 7 11   0.0000859813  -0.0164183669  -0.0125469412   0.0241927117  -0.0858695233
 7 12   0.0319531793   0.0379852666   0.1334013244  -0.0542020834  -0.0772038444
 7 13  -0.0006807608  -0.0325082788  -0.0014319676  -0.0436725111   0.0204753068
 7 14   0.0038064965  -0.0042627327   0.0449418894  -0.0112514547   0.0040596041
 7 15   0.0342931867  -0.0061855581
 8  1  -0.0109919220  -0.1769827564   0.0526276902  -0.0828276851  -0.0895738532
 8  2  -0.0238997527  -0.0230912895   0.0590774879  -0.1659019717  -0.0929684572
 8  3   0.2258552977   0.0933054927  -0.0832825010   0.0625214503  -0.2021114962
 8  4   0.0401620695  -0.0086872939  -0.0473632912   0.0641647414   0.0142749963
 8  5   0.0241745183  -0.0230935281  -0.0175770987   0.1965422676   0.0201801189
 8  6   0.0173810918  -0.0568954431  -0.0520236101  -0.0048104644   0.0008622256
 8  7   0.0676921225   0.0742304863  -0.0052711271   0.0579396587  -0.0441824546
 8  8  -0.0234102555  -0.0022368303   0.0590959085  -0.0169973789  -0.0151140303
 8  9   0.0053661515   0.0180389516  -0.0001647979   0.0058357764   0.0008714234
 8 10  -0.0107323246   0.0026910659   0.0043889704   0.0143683496  -0.0541213288
 8 11   0.0001456922  -0.0108817478   0.0012702768  -0.0237806508  -0.0074552134
 8 12  -0.0214194998  -0.0599088636   0.0277551793   0.0139580033  -0.0020498209
 8 13   0.0001599425   0.0072678023   0.0003467210   0.0096764427  -0.0049964110
 8 14  -0.0008733465   0.0010111371  -0.0103939683   0.0017763016  -0.0008328708
 8 15  -0.0076321553   0.0013479351
 9  1  -0.0806780419   0.0199488606   0.2892274758   0.0762472962   0.0161259429
 9  2   0.0253467715   0.0099145925   0.0859208327   0.0247151126  -0.0346526945
 9  3  -0.0584236237  -0.0683956297   0.0199802880  -0.0148671227   0.0489535204
 9  4  -0.0091518484   0.0669487373  -0.1357542348   0.0672681601   0.0160488265
 9  5  -0.0056731425   0.0057340160   0.0044861579  -0.0470719055  -0.0048146247
 9  6  -0.0044330998   0.0138560153   0.0123716705   0.0011800008  -0.0002656995
 9  7  -0.0166643061  -0.0181763443   0.0041485543  -0.0118654233  -0.0597168587
 9  8  -0.0246345596   0.0000500984   0.0673727992  -0.0270848069  -0.0409590949
 9  9   0.0607542527   0.0314713164   0.0003463786   0.0278975060   0.0058500269
 9 10  -0.0561335904   0.0108854421   0.0182100127   0.0757958781  -0.2771519729
 9 11  -0.0000033886  -0.0568031318  -0.0037497961  -0.0825172175  -0.0903250470
 9 12  -0.0677829147  -0.2249129258   0.2073924648   0.0212016830  -0.0605483610
 9 13   0.0001612452   0.0076545349   0.0003432273   0.0098994548  -0.0065726768
 9 14  -0.0010371298   0.0011260484  -0.0120538951  -0.0004446221  -0.0005805848
 9 15  -0.0079091543   0.0014992986
10  1  -0.0466797480   0.0774169091   0.0789898991  -0.0817268088   0.1694156294
10  2  -0.1129272528   0.0201229874   0.0564562031  -0.0117326031   0.0044836722
10  3   0.1328512788   0.0080574317  -0.0309803640   0.0231509642  -0.0737202740
10  4   0.0141440125   0.0838477471   0.1676799066  -0.2828857173  -0.0578737043
10  5  -0.0457711809   0.0473071361  -0.0001175656   0.0564919505  -0.0227625622
10  6  -0.0206340051   0.0640173333   0.0587892341   0.0049357914  -0.0025917817
10  7  -0.0618377001  -0.0687999414  -0.0058251842  -0.0769237225   0.2404598046
10  8   0.1134606048  -0.0002331770  -0.2701060982   0.0565521097  -0.0174866810
10  9   0.1745688332  -0.0494352989   0.0031144908   0.1082795532   0.0162763713
10 10  -0.1468302256   0.0263047800   0.0438624615  -0.0195857699   0.0711544409
10 11  -0.0013943669   0.1084974220  -0.0063049569   0.1298415660   0.0411685054
10 12   0.1170914330   0.1800527157  -0.0054179793  -0.0656337732  -0.0347836232
10 13   0.0080228009   0.3895079127   0.0160855769   0.5108786228  -0.2436937024
10 14  -0.0451539123   0.0474835175  -0.5075995946   0.1176519130  -0.0440790342
10 15  -0.3731224781   0.0678363609
11  1  -0.0486892996  -0.1765613643   0.0662624540  -0.0830657841  -0.1585766519
11  2  -0.0360644661  -0.0381421274   0.0753368805  -0.2653001976  -0.0549378341
11  3   0.4065799415   0.1139758513  -0.1856917399   0.1375221336  -0.4433361317
11  4   0.0840174426  -0.0679617152  -0.0030084736   0.0572223196   0.0066793186
11  5  -0.2759128369   0.2758879163  -0.0011456228   0.3416328594  -0.1301204824
11  6  -0.1146024204   0.3797308696   0.3518348103   0.0232699261  -0.0042291979
11  7  -0.3637993600  -0.4047980865   0.0567231644  -0.3864987766  -0.1062059167
11  8  -0.0185767532   0.0174878122   0.0761682067  -0.0308941464  -0.0424798066
11  9   0.0713211176   0.0364028996   0.0023786186   0.0700088488   0.0114756096
11 10  -0.0954175156   0.0196480869   0.0298166822  -0.0120205385   0.0500087774
11 11  -0.0021333755   0.0721994335   0.0064712723   0.0380903642   0.0885263701
11 12   0.0254087635   0.0261120357  -0.0716511499   0.0117522167   0.0333108397
11 13  -0.0018143734  -0.0878411235  -0.0037410998  -0.1151181097   0.0554664285
11 14   0.0101833198  -0.0108921303   0.1149909125  -0.0255125780   0.0099071828
11 15   0.0841473862  -0.0151929552
12  1  -0.1439272479   0.0003236187   0.3627294955   0.1535120691   0.0452296056
12  2  -0.0593266939   0.0493156230   0.1441584526   0.0441393369  -0.0442522691
12  3  -0.1015156666  -0.0737791228   0.0443005402  -0.0319380768   0.1063413456
12  4  -0.0194689727  -0.1797015649   0.1332061609   0.0730730733   0.0109460159
12  5   0.0662201373  -0.0650692768   0.0001694013  -0.0810601465   0.0297397858
12  6   0.0259901244  -0.0898583899  -0.0839333690  -0.0045503669  -0.0002220534
12  7   0.0846131445   0.0935531505  -0.0133300657   0.0900115268  -0.0601016883
12  8  -0.0261377617  -0.0041438262   0.0644321940  -0.0812261898  -0.2151026115
12  9   0.4488388669   0.1105999325   0.0058029500   0.3797673627   0.0536298649
12 10  -0.5102029738   0.0981746985   0.1658100682  -0.0693598663   0.2446589776
12 11  -0.0046702374   0.3809749914   0.0273935446   0.2507215819   0.4004945786
12 12   0.1909148644   0.2341568021  -0.3057962514   0.0042112864   0.1093052056
12 13  -0.0019700881  -0.0941912804  -0.0039225362  -0.1230858709   0.0611233082
12 14   0.0110396541  -0.0117082230   0.1247998879  -0.0240670376   0.0100566621
12 15   0.0899463387  -0.0164918699
13  1   0.0527739464   0.1054954689  -0.0464050146  -0.1975012777   0.1661526343
13  2   0.0180598066  -0.0179955254  -0.0516570855   0.0256640808  -0.0312289391
13  3   0.0907826476  -0.0196902521   0.0088753735   0.0261798229   0.0252455754
13  4  -0.0049813700   0.1727162013  -0.2112050325   0.0274849007   0.0114261030
13  5   0.0037031664  -0.0038022390   0.0023755270  -0.0322836657   0.0014089780
13  6  -0.0048280627  -0.0122327879   0.0016642707   0.0011857624   0.0000184090
13  7  -0.0155459608   0.0027583297  -0.0059162707  -0.0124763938   0.1766239912
13  8   0.0751981462  -0.0240910406   0.2043125481   0.0074712032   0.0381499943
13  9  -0.0938125824  -0.0135505972   0.0004267263   0.0216041341   0.0036491965
13 10  -0.0342519346  -0.0226238753  -0.0142809081   0.0555168974  -0.2020667062
13 11  -0.0013338028   0.0415062962   0.0112947111   0.0272532201   0.1158287264
13 12   0.0130271537  -0.1797652053  -0.1045289520   0.0971818807   0.0938703320
13 13   0.0004196832   0.0265092137   0.0000795116   0.0272050737   0.0200607852
13 14   0.0002340391  -0.0028149842   0.0260617516   0.0266145949  -0.0022627169
13 15   0.0226807173  -0.0049439311
14  1  -0.1026506930  -0.1845530485   0.0082584904  -0.0796536920  -0.0637704103
14  2  -0.0417355559   0.0562196160  -0.0117893951  -0.0786111360  -0.2730869257
14  3   0.1513831687  -0.0554943638   0.0546359002   0.1596634366   0.1527507635
14  4  -0.0292530640  -0.0201433800  -0.0117681736   0.0377632929   0.0080727833
14  5   0.0230451953  -0.0231030317   0.0133472350  -0.1980979365   0.0079323890
14  6  -0.0299906797  -0.0760215187   0.0099253294   0.0062010990   0.0020265921
14  7  -0.0950334824   0.0219878394   0.0079505763  -0.0596223585   0.0061891652
14  8   0.0060724591  -0.0029444382   0.0188774789   0.0137632514   0.0051683276
14  9   0.0130078432  -0.0131936834  -0.0001381051  -0.0086572423  -0.0013999442
14 10   0.0128275951   0.0095404564   0.0062043728  -0.0222346082   0.0801044196
14 11   0.0004678844  -0.0165596751  -0.0052723583   0.0107794232  -0.0359672931
14 12   0.0138169707   0.0826582054  -0.0017232229  -0.0299069599  -0.0170046965
14 13   0.0000237169   0.0018657829  -0.0000013657   0.0015232326   0.0019081103
14 14   0.0000623395  -0.0002586923   0.0024948492   0.0010849208  -0.0000413916
14 15   0.0016564119  -0.0003596506
15  1  -0.0355411068   0.0281114886   0.2747105379   0.0503106837   0.0058518317
15  2   0.0581324097  -0.0205656510   0.0825612967   0.0051316523   0.0080279081
15  3  -0.0403886611  -0.0330974314  -0.0129872279  -0.0383140731  -0.0354929449
15  4   0.0074458870   0.0319927602  -0.1996582344   0.1777331267   0.0386988403
15  5  -0.0052835235   0.0056658900  -0.0028064301   0.0471586476  -0.0020011402
15  6   0.0064390246   0.0182511738  -0.0026437481  -0.0009145069  -0.0014061953
15  7   0.0231406419  -0.0061729528  -0.0101773527   0.0107461076   0.1747158428
15  8   0.0747064626  -0.0260970357   0.2017337799   0.0619612278   0.0480962691
15  9  -0.0059317796  -0.0642911558   0.0007565607  -0.0210070508  -0.0024660260
15 10   0.0297682996   0.0259544466   0.0163122192  -0.0540490268   0.1974371900
15 11   0.0008656727  -0.0408212347  -0.0143133161   0.0641667013  -0.0710088556
15 12   0.0673666324   0.2233355017  -0.0777075965  -0.0592636044  -0.0065636198
15 13   0.0004140042   0.0263513362  -0.0000203665   0.0254559385   0.0220454235
15 14   0.0004904541  -0.0031124542   0.0287241076   0.0231679678  -0.0016131309
15 15   0.0228601749  -0.0046960181
16  1   0.0879696202   0.1190681540  -0.1068907447  -0.2544328410   0.1485704955
16  2   0.0786890420  -0.0367281284  -0.1047314919   0.0233888138  -0.0486302424
16  3   0.1117600024  -0.0353486248   0.0197289551   0.0581061816   0.0554351356
16  4  -0.0114368514  -0.0074408361  -0.1978065594   0.2199426343   0.0461992525
16  5  -0.0477338065   0.0434541167   0.0091804513  -0.0546949803  -0.0087052271
16  6   0.0338530298   0.0840690011  -0.0115655071  -0.0059657438  -0.0015715731
16  7   0.0842958173  -0.0205587532  -0.0169789486   0.0663101640   0.2054677308
16  8   0.0820041056  -0.0177484328   0.1967232518  -0.1401749809   0.0127898608
16  9  -0.3343194905   0.1254973962   0.0009733390   0.2846901128   0.0288340373
16 10  -0.2941324019  -0.2164861424  -0.1354567356  -0.0515607392   0.1803723326
16 11   0.0035530413  -0.2781621556  -0.0499104411   0.1264353327  -0.3207257315
16 12   0.1506471888   0.2884646006  -0.0830144532  -0.0816030830  -0.0170180198
16 13  -0.0050509527  -0.3180346741  -0.0007370531  -0.3107476363  -0.2455911023
16 14  -0.0040905585   0.0330972425  -0.3062936521  -0.2813358759   0.0222719087
16 15  -0.2488308163   0.0527280052
17  1  -0.2115507589  -0.1900288008  -0.0126700626  -0.0774192958  -0.1126704536
17  2  -0.0677936535   0.1029511438  -0.0537499229  -0.1097617510  -0.3773537949
17  3   0.2736741860  -0.1512743886   0.1204384947   0.3516883769   0.3353022128
17  4  -0.0677203553   0.0410788929  -0.0258940312  -0.0452724629  -0.0113968667
17  5  -0.2852125280   0.2672006103   0.0558326172  -0.3357456217  -0.0555798654
17  6   0.1972613494   0.5061663513  -0.0727643207  -0.0323896974  -0.0132475411
17  7   0.5104973862  -0.1173655345  -0.0637461490   0.4036750949   0.0519725132
17  8   0.0032323788  -0.0010690560  -0.0078724329   0.0718963243   0.0167949831
17  9   0.1133605548  -0.0696326486   0.0018176689  -0.1127093067  -0.0095624330
17 10   0.1155453769   0.0883532320   0.0530633636   0.0222295359  -0.0716469082
17 11  -0.0020234313   0.1106254919   0.0183021741  -0.0239249276   0.1396902774
17 12  -0.0364625885  -0.1021757660  -0.0131669895   0.0410965761   0.0298343670
17 13  -0.0003390007  -0.0222843138  -0.0001124922  -0.0212659966  -0.0178407904
17 14  -0.0003258859   0.0023378827  -0.0223878750  -0.0185410764   0.0014913887
17 15  -0.0174633779   0.0038759532
18  1  -0.0632736900   0.0148560773   0.3369587123   0.1073642621   0.0269464511
18  2  -0.0009675977  -0.0050158826   0.1387291389   0.0096743400   0.0327579166
18  3  -0.0700172007  -0.0105038625  -0.0284395526  -0.0838664631  -0.0787385181
18  4   0.0165512663   0.2077613050  -0.2105612923  -0.0108635240   0.0047901226
18  5   0.0679041304  -0.0625010685  -0.0126698345   0.0792806463   0.0127707092
18  6  -0.0481916737  -0.1195422295   0.0166541458   0.0088698583   0.0012772859
18  7  -0.1198234159   0.0270429784   0.0046080762  -0.1019802455   0.1737009301
18  8   0.0816654327  -0.0349644152   0.2070152369   0.2113767873   0.0788608568
18  9   0.2215969806  -0.2058438917   0.0000388040  -0.2781208446  -0.0272145700
18 10   0.2838075538   0.2152208239   0.1348528217   0.0501906760  -0.1761118013
18 11  -0.0038338922   0.2714882827   0.0449492685  -0.0128554618   0.3648691922
18 12  -0.0495042103  -0.2290146934  -0.1181059031   0.1190801873   0.1105834870
18 13  -0.0050146977  -0.3163616628  -0.0005785672  -0.3071058165  -0.2470564047
18 14  -0.0044061408   0.0333861055  -0.3087368246  -0.2751717537   0.0212489235
18 15  -0.2479871171   0.0521620602
19  1   0.0830436290   0.1114967001  -0.0732956053  -0.2215653823   0.1767020982
19  2   0.0479443052  -0.0259270169  -0.0739064580   0.0480676352  -0.0398249230
19  3   0.0539523152  -0.0237809058   0.0047179158  -0.0362889964   0.0085134782
19  4  -0.0015595937   0.0692300583  -0.1383413588   0.0682661506   0.0165630322
19  5   0.0042705016  -0.0033085530  -0.0028220230   0.0324480412  -0.0014550997
19  6  -0.0079042366  -0.0031364512   0.0105003439  -0.0002504293  -0.0003890066
19  7   0.0040246678  -0.0157968243   0.0009695480   0.0116122127  -0.0593098582
19  8  -0.0261198109   0.0003244031   0.0697807736  -0.0426727516  -0.0450385361
19  9   0.0383752975   0.0460687764   0.0003571717  -0.0308919566   0.0018471056
19 10  -0.0128418235   0.0441643483   0.0390077747  -0.0765153584   0.2822647104
19 11   0.0009488559   0.0577455412   0.0102571244  -0.1041332101   0.0033617132
19 12  -0.0965296945   0.1123497910   0.2292583250  -0.1098996046  -0.1461004313
19 13   0.0000179252   0.0088279207  -0.0001394390  -0.0043105646   0.0107035484
19 14   0.0009574722   0.0000801435  -0.0014184666  -0.0131884377   0.0015284533
19 15  -0.0077657202   0.0017267125
20  1  -0.0554929350  -0.1850973498  -0.0092859901  -0.0793465153   0.0249521017
20  2  -0.0261018929   0.0755963859  -0.0291643116   0.0507144555  -0.3239941346
20  3  -0.0760263717  -0.0801398224   0.0289228645  -0.2215634596   0.0499505265
20  4  -0.0091813291  -0.0735555162   0.0512941604   0.0293034965   0.0038287654
20  5   0.0254285849  -0.0210509702  -0.0181593403   0.1972886902  -0.0094870235
20  6  -0.0463982763  -0.0181020969   0.0650255238  -0.0013326519  -0.0020587040
20  7   0.0252614948  -0.0948168451  -0.0121213392   0.0568295275   0.0695822737
20  8   0.0289307234   0.0022192430  -0.0803136477  -0.0016024461   0.0090469116
20  9  -0.0302555067  -0.0003792428   0.0000920601   0.0029694519  -0.0002418607
20 10   0.0021844995  -0.0038943728  -0.0037942178   0.0074267882  -0.0271206172
20 11  -0.0000753149  -0.0055335959   0.0011514738   0.0140780316   0.0210942772
20 12   0.0109575455  -0.0429595099  -0.0082489017   0.0181591121   0.0138181621
20 13  -0.0000479609  -0.0095055474   0.0001582488   0.0029144876  -0.0119083534
20 14  -0.0010089110   0.0002351997  -0.0014730435   0.0137074934  -0.0017452060
20 15   0.0083925280  -0.0019647175
21  1   0.0454858316   0.0533088238   0.1800101824  -0.0490186377  -0.0315526350
21  2   0.1668966596  -0.0708645669   0.0065507901  -0.0203893547   0.0199335214
21  3   0.0143350323  -0.0272095206  -0.0067401049   0.0525793672  -0.0114948856
21  4   0.0029052110  -0.2601392770   0.1229480759   0.1726667720   0.0284723115
21  5  -0.0061355978   0.0045856505   0.0043915058  -0.0470168612   0.0024351678
21  6   0.0110077600   0.0041268367  -0.0154515428   0.0001665231  -0.0003291967
21  7  -0.0064437192   0.0228876983  -0.0100733524  -0.0221457909   0.2304665789
21  8   0.1004541389   0.0026951193  -0.2709027289  -0.0369912975   0.0077446400
21  9  -0.1015754667   0.0307713519   0.0004133410  -0.0087760351   0.0006103882
21 10   0.0004600976   0.0137116914   0.0111332744  -0.0217228164   0.0808648496
21 11   0.0002035745   0.0164699647   0.0121654586  -0.0124169120   0.0910386320
21 12  -0.0205887042  -0.1015379363   0.1224732189   0.0002553201  -0.0426677200
21 13  -0.0001050988  -0.0341805177   0.0005628525   0.0093947708  -0.0431495722
21 14  -0.0034184859   0.0010971433  -0.0072404786   0.0490699542  -0.0061348683
21 15   0.0302725341  -0.0068277034
22  1   0.1416523914   0.1297342874  -0.1546839949  -0.2972029125   0.1673144245
22  2   0.1318024955  -0.0508250730  -0.1441296773   0.0632625308  -0.0634653855
22  3   0.0454514326  -0.0424596191   0.0102740042  -0.0794664823   0.0178738260
22  4  -0.0039105241   0.0630759296   0.1117607716  -0.1985379109  -0.0407415352
22  5  -0.0452225281   0.0440357203   0.0000160161   0.0567863324   0.0099210330
22  6   0.0496061215   0.0191924685  -0.0711831944   0.0017403365   0.0009077312
22  7  -0.0220309791   0.0830598437   0.0106783709  -0.0644570106  -0.0707113413
22  8  -0.0300361035   0.0014917831   0.0740148657  -0.3042205852  -0.2611037436
22  9   0.1005580702   0.3190583801  -0.0035197713  -0.4024252892   0.0145688169
22 10  -0.1061792897   0.3912512312   0.3539422080   0.0651625271  -0.2590788559
22 11   0.0000249915  -0.3874148693  -0.0477872711   0.3622979592  -0.1184384203
22 12   0.3461439135  -0.0666047726  -0.3264676862   0.1221409774   0.1889710519
22 13  -0.0003191864  -0.1063378731   0.0017027118   0.0323513088  -0.1298059040
22 14  -0.0105231350   0.0024251458  -0.0140854969   0.1432612799  -0.0176295990
22 15   0.0854890391  -0.0190285850
23  1  -0.1279668866  -0.1909949590  -0.0438587846  -0.0768737881   0.0450973127
23  2  -0.0399884130   0.1373900544  -0.0844305727   0.1204612552  -0.4682219108
23  3  -0.1338635981  -0.1946925183   0.0635174374  -0.4872174947   0.1086737020
23  4  -0.0240375584  -0.0806003415   0.0187308332   0.0484440659   0.0053429289
23  5  -0.2802298202   0.2665717475   0.0007094006   0.3461962102   0.0643763789
23  6   0.3087981860   0.1223538735  -0.4320782570   0.0077254501   0.0091012848
23  7  -0.1318485067   0.5139629907   0.0577383971  -0.4085915237   0.0355834455
23  8   0.0288608540  -0.0081538185  -0.0529759933   0.0222020953   0.0310493061
23  9  -0.0404636918  -0.0246145173  -0.0000323991   0.0385326704  -0.0011351239
23 10   0.0106473852  -0.0378834289  -0.0334497090  -0.0066734329   0.0254568364
23 11  -0.0002598988   0.0370057000   0.0072628355  -0.0296670672   0.0372577897
23 12  -0.0314967592  -0.0277130879   0.0458199569  -0.0039071534  -0.0187152705
23 13   0.0003861474   0.1141624237  -0.0018370313  -0.0324942266   0.1398351296
23 14   0.0113057807  -0.0030408920   0.0194157465  -0.1530527969   0.0191607565
23 15  -0.0917719703   0.0207271934
24  1   0.0806747270   0.0596604592   0.1685487706  -0.0692646698  -0.0395661375
24  2   0.1924333837  -0.0944372819   0.0036676861  -0.0357415153   0.0537463698
24  3   0.0281850076  -0.0001333072  -0.0148881539   0.1150782447  -0.0253926171
24  4   0.0062632503  -0.2585675117   0.1959630263   0.0976993844   0.0131422074
24  5   0.0657030159  -0.0631892951  -0.0002276939  -0.0819691887  -0.0151056637
24  6  -0.0724360050  -0.0291485968   0.1015252562  -0.0018617212  -0.0030044374
24  7   0.0304148251  -0.1206072565  -0.0278223319   0.0868551643   0.2606670633
24  8   0.1097642943   0.0041822404  -0.2746693618  -0.1131474658  -0.0526740486
24  9  -0.0912984979   0.1094164978  -0.0004465699  -0.1147231147   0.0042491496
24 10  -0.0260361124   0.1129831674   0.1007021834   0.0189306699  -0.0736405025
24 11   0.0000303414  -0.1104575288  -0.0024269050   0.1243031059   0.0761273321
24 12   0.1073477167  -0.1672611683  -0.0297229158   0.0697958454   0.0530080497
24 13   0.0012631621   0.4112309488  -0.0066027980  -0.1156708482   0.5042891563
24 14   0.0402819718  -0.0113593792   0.0727764990  -0.5512048398   0.0685066839
24 15  -0.3309122172   0.0738103144
25  1   0.0374912408   0.0940710180   0.0043621921  -0.1484831481   0.1990937482
25  2  -0.0299267922  -0.0018801083  -0.0059496091   0.0512014838  -0.0186175498
25  3   0.0282504066  -0.0035285432  -0.0137090798   0.0099779710  -0.0327214097
25  4   0.0064330185  -0.1575849415  -0.0932932012   0.2841506467   0.0555484971
25  5   0.0032583952  -0.0043840391   0.0021350287  -0.0327214353  -0.0028263564
25  6  -0.0021458510   0.0091319069   0.0094322935  -0.0012292799   0.0012741740
25  7   0.0111451036   0.0128753415   0.0131477281  -0.0048053816  -0.2371699777
25  8  -0.1003521523   0.0319533226  -0.2729604586   0.0675484997   0.0294412530
25  9   0.0595400957  -0.0652161203   0.0002272592   0.0084852523  -0.0020948716
25 10   0.0170924828   0.0002478225  -0.0027365510   0.0216051697  -0.0797363386
25 11  -0.0007459339   0.0161888264  -0.0129326581   0.0255423240  -0.0856777305
25 12   0.0320129577  -0.0379282011  -0.1314747307   0.0538065666   0.0779469278
25 13  -0.0003136389  -0.0341009527   0.0007859271   0.0458316964  -0.0095416505
25 14  -0.0036796137  -0.0051377603   0.0429653986  -0.0223699086   0.0037820131
25 15  -0.0316730574   0.0069011707
26  1   0.0842325678  -0.1780670509   0.0175730960  -0.0822151881   0.0878013128
26  2   0.0073669790   0.0156084308   0.0237251704   0.0927720280  -0.1950213624
26  3  -0.2291993923   0.0435684948  -0.0829746220   0.0604126491  -0.2025079568
26  4   0.0404329385   0.0097252663   0.0475486482  -0.0617242085  -0.0122970393
26  5   0.0223712521  -0.0232991247   0.0134126250  -0.1985209524  -0.0185151488
26  6  -0.0167919547   0.0565015400   0.0542577787  -0.0050795992   0.0005053268
26  7   0.0715156225   0.0701204708   0.0076012182  -0.0552740062   0.0481119052
26  8   0.0225347351  -0.0080044250   0.0638558968  -0.0178141892  -0.0149988046
26  9   0.0045593286   0.0185054580   0.0001995389   0.0057931552  -0.0011759605
26 10   0.0105858656  -0.0021594444  -0.0038828666   0.0150155702  -0.0533032276
26 11  -0.0001297796   0.0110617404   0.0011715728  -0.0239634819  -0.0078846634
26 12  -0.0212454994   0.0597083091  -0.0276246142  -0.0136941521   0.0015126794
26 13   0.0000538800   0.0075287597  -0.0001607858  -0.0099696702   0.0025446817
26 14   0.0008018520   0.0011512360  -0.0097579894   0.0041948731  -0.0007967167
26 15   0.0070252238  -0.0016141836
27  1   0.0811425710   0.0703287663   0.0999241166  -0.1223369779  -0.0586562992
27  2   0.2428051979  -0.0906905113  -0.0655670827  -0.0265255089  -0.0109725443
27  3   0.0511514735  -0.0564113778   0.0198657962  -0.0147958682   0.0482203831
27  4  -0.0087917488  -0.0675271990   0.1352708566  -0.0675644726  -0.0166411555
27  5  -0.0049630584   0.0059919714  -0.0030014653   0.0475006827   0.0044108308
27  6   0.0032726865  -0.0131438739  -0.0134605766   0.0014133775  -0.0011246195
27  7  -0.0172386035  -0.0175219597  -0.0067165071   0.0112964660   0.0564037278
27  8   0.0243207738  -0.0089105768   0.0661216103  -0.0264226426  -0.0413577017
27  9   0.0621739686   0.0304070284  -0.0006791296   0.0292722132  -0.0062477031
27 10   0.0559827583  -0.0111873704  -0.0174092545   0.0760501928  -0.2776358796
27 11  -0.0012959983   0.0573842023  -0.0040264658  -0.0823086499  -0.0917290735
27 12  -0.0675842302   0.2228365225  -0.2071999893  -0.0197176279   0.0594198696
27 13   0.0000859227   0.0083711204  -0.0001773561  -0.0106802482   0.0041578355
27 14   0.0010635247   0.0013606833  -0.0117413970   0.0024193179  -0.0004920252
27 15   0.0080285141  -0.0015450548
28  1   0.0609098480   0.0987470116  -0.0165891066  -0.1672416118   0.2071751140
28  2  -0.0066648709  -0.0080627620  -0.0233323568   0.0686647769  -0.0255350981
28  3  -0.0006693091  -0.0064607360  -0.0297081700   0.0216283586  -0.0719418349
28  4   0.0138288632  -0.0870834742  -0.1702652930   0.2811033950   0.0571573180
28  5  -0.0462210570   0.0428649894   0.0090896020  -0.0538695609   0.0205909284
28  6   0.0179498531  -0.0606955923  -0.0588038123   0.0040853283  -0.0003053540
28  7  -0.0643691233  -0.0604668554  -0.0006186836   0.0649565076  -0.2546385636
28  8  -0.1095984687   0.0323948734  -0.2730664971   0.0581478757  -0.0167595510
28  9   0.1736854193  -0.0484886808  -0.0011135029   0.1110740347  -0.0163531161
28 10   0.1455362677  -0.0232591548  -0.0395918808  -0.0208097822   0.0703619120
28 11   0.0005061217  -0.1091120060  -0.0069570414   0.1308370801   0.0421032259
28 12   0.1167590535  -0.1781168119   0.0068700007   0.0636565077   0.0360546369
28 13   0.0038131305   0.4092731182  -0.0096692473  -0.5364632394   0.1168674198
28 14   0.0431795575   0.0579303989  -0.4854322450   0.2423589347  -0.0413394685
28 15   0.3463216092  -0.0745902115
29  1   0.1210371464  -0.1784926151   0.0039024222  -0.0819752769   0.1568876711
29  2   0.0195353658   0.0307138923   0.0100495253   0.1948685982  -0.2374819724
29  3  -0.4087380238   0.0262786470  -0.1818158781   0.1328245165  -0.4446512270
29  4   0.0856599512   0.0496249006  -0.0117694963  -0.0675709504  -0.0122202739
29  5  -0.2842230097   0.2667541753   0.0554017953  -0.3289626098   0.1251551359
29  6   0.1102723683  -0.3759976728  -0.3661870897   0.0281044334  -0.0063625057
29  7  -0.3934458366  -0.3816358213  -0.0764586582   0.3772327118   0.0859879954
29  8   0.0238072817  -0.0060992349   0.0422493546  -0.0266761232  -0.0467387809
29  9   0.0818124346   0.0323912096  -0.0034579316   0.0740694552  -0.0103018718
29 10   0.0970492668  -0.0204740528  -0.0261953192  -0.0156119886   0.0482315101
29 11   0.0004053953  -0.0731701811   0.0068430062   0.0384732483   0.0889451709
29 12   0.0258662021  -0.0267028880   0.0707618312  -0.0118784620  -0.0329967178
29 13  -0.0008348664  -0.0899883073   0.0021817610   0.1177523174  -0.0262502696
29 14  -0.0094675729  -0.0126734456   0.1070757930  -0.0521898694   0.0091120810
29 15  -0.0761357270   0.0166374758
30  1   0.1441001178   0.0899376815   0.0261219755  -0.1996769841  -0.0877769487
30  2   0.3274629522  -0.1297416446  -0.1247767871  -0.0467634187  -0.0013255917
30  3   0.0944184181  -0.0526146851   0.0433672583  -0.0322260895   0.1056108076
30  4  -0.0195313189   0.1837431504  -0.1304062907  -0.0696299571  -0.0089029367
30  5   0.0683831473  -0.0622050260  -0.0125353424   0.0780514392  -0.0290600760
30  6  -0.0285703338   0.0904424753   0.0859937822  -0.0067479881  -0.0015797668
30  7   0.0921770632   0.0889876611   0.0081272778  -0.0954631383   0.0454501911
30  8   0.0264932742  -0.0149477761   0.0723950245  -0.0801794258  -0.2158602403
30  9   0.4490720767   0.1089492762  -0.0020417610   0.3895211367  -0.0564619654
30 10   0.5061552802  -0.0904368345  -0.1498032835  -0.0692038971   0.2480904782
30 11   0.0038807732  -0.3817336294   0.0267128087   0.2483083162   0.4021583789
30 12   0.1909014469  -0.2295905371   0.3058581677  -0.0084526413  -0.1081129807
30 13  -0.0009385361  -0.0995908944   0.0023263059   0.1298496435  -0.0307750194
30 14  -0.0107165847  -0.0142410396   0.1198643679  -0.0546098048   0.0094622942
30 15  -0.0846554416   0.0180175740
31  1  -0.0381762315   0.0706654626   0.1088166567  -0.0514359077   0.2107510502
31  2  -0.1376133824   0.0300658006   0.0838784826   0.0314343108   0.0111575900
31  3   0.0397614613   0.0209351707   0.0090657441   0.0262996207   0.0250582918
31  4  -0.0054383694  -0.1724002415   0.2117376855  -0.0271721147  -0.0113879934
31  5   0.0037512451  -0.0041616073  -0.0034999865   0.0322695355  -0.0016465743
31  6   0.0060148720   0.0118623931  -0.0015285555   0.0004348385   0.0018166686
31  7  -0.0158641327   0.0044330936   0.0093963522   0.0161012075  -0.1697144336
31  8  -0.0766753883   0.0001118495   0.2053664163   0.0073187531   0.0382855393
31  9  -0.0949649870  -0.0122600218   0.0004255736   0.0206715711  -0.0037033688
31 10   0.0344373542   0.0236249224   0.0144016025   0.0552263121  -0.2016447043
31 11  -0.0001578833  -0.0414530259   0.0118201365   0.0255101531   0.1155836277
31 12   0.0127630518   0.1812320271   0.1049896993  -0.0987958444  -0.0939958734
31 13   0.0001802939   0.0216961966  -0.0009838809  -0.0253799087  -0.0253794619
31 14  -0.0013363875  -0.0026388125   0.0283360374   0.0201136182  -0.0023050701
31 15  -0.0281850094   0.0052026132
32  1   0.1765451961  -0.1705002932   0.0619310963  -0.0853877517   0.0619523338
32  2   0.0251832417  -0.0636745111   0.0934327493   0.0038124344  -0.0153866248
32  3  -0.1557722027   0.1938728743   0.0542052501   0.1612498253   0.1514135332
32  4  -0.0322914612   0.0206214805   0.0138349521  -0.0385770769  -0.0078147033
32  5   0.0250334871  -0.0228753751  -0.0185109510   0.1958926223  -0.0101480226
32  6   0.0302071334   0.0751649188  -0.0103955206   0.0041476220   0.0016346564
32  7  -0.0993470587   0.0265288254  -0.0096610306   0.0505991135  -0.0085465230
32  8  -0.0056084448  -0.0015499104   0.0138563536   0.0141142408   0.0052480990
32  9   0.0141608329  -0.0130211947  -0.0000400663  -0.0085510100   0.0012430383
32 10  -0.0128117573  -0.0101439976  -0.0067898100  -0.0219893636   0.0810200164
32 11  -0.0000403093   0.0164528676  -0.0054176439   0.0115185018  -0.0356015226
32 12   0.0142269346  -0.0831672637   0.0018146759   0.0301943546   0.0174496114
32 13   0.0000077983   0.0016711005  -0.0000797054  -0.0016556885  -0.0024103974
32 14  -0.0001961957  -0.0003055517   0.0029555025   0.0007421649  -0.0000782027
32 15  -0.0021539979   0.0003496903
33  1   0.0354054083   0.0621433267   0.1144409932  -0.0963435724  -0.0483581091
33  2   0.2099340911  -0.0600894211  -0.0620178501  -0.0066046478  -0.0538568510
33  3   0.0336189652  -0.0922578632  -0.0130670658  -0.0387483789  -0.0366895812
33  4   0.0082792748  -0.0324669178   0.1991868905  -0.1781550422  -0.0386454178
33  5  -0.0059808147   0.0057348113   0.0040758482  -0.0469159658   0.0021042951
33  6  -0.0068680641  -0.0184470902   0.0026046272  -0.0008724591   0.0008336755
33  7   0.0249794724  -0.0061878442   0.0132877786  -0.0052818217  -0.1738395226
33  8  -0.0756410479  -0.0012209720   0.2041420964   0.0620731637   0.0493089368
33  9  -0.0085858786  -0.0631952537   0.0000570287  -0.0195206379   0.0029199742
33 10  -0.0301903982  -0.0251881896  -0.0171452745  -0.0542631324   0.1969409674
33 11  -0.0000677421   0.0401858865  -0.0142113867   0.0650701589  -0.0697817444
33 12   0.0675929047  -0.2231337279   0.0793011128   0.0587951404   0.0080088885
33 13   0.0001982081   0.0212089679  -0.0009655841  -0.0235436381  -0.0266872039
33 14  -0.0015495883  -0.0029479215   0.0308981519   0.0163500579  -0.0016506567
33 15  -0.0274476995   0.0052288188
34  1  -0.0737935085   0.0571201590   0.1691852435   0.0053438789   0.2276873654
34  2  -0.1982227983   0.0487489133   0.1364912647   0.0331470699   0.0275690303
34  3   0.0205881733   0.0373887748   0.0197701139   0.0566207417   0.0541511910
34  4  -0.0123060712   0.0050531730   0.1954566312  -0.2210336685  -0.0470908874
34  5  -0.0445897832   0.0435927068  -0.0007538749   0.0547287277   0.0103035298
34  6  -0.0302717474  -0.0798499536   0.0112616301  -0.0038174942   0.0008806339
34  7   0.0856946214  -0.0220852359   0.0241571079  -0.0457867791  -0.1851893689
34  8  -0.0848865316   0.0061536900   0.2048370274  -0.1405533354   0.0118446707
34  9  -0.3360489103   0.1265003710   0.0027793007   0.2758943042  -0.0298877464
34 10   0.2944243494   0.2238166572   0.1475719630  -0.0524989905   0.1786885804
34 11  -0.0039793972   0.2774267011  -0.0511515147   0.1288979217  -0.3192205608
34 12   0.1514629228  -0.2887721736   0.0872007474   0.0810455564   0.0188745791
34 13  -0.0023311664  -0.2599012307   0.0113801897   0.2906141013   0.3061390473
34 14   0.0166162377   0.0312977020  -0.3333702023  -0.2081009150   0.0223999693
34 15   0.3063717821  -0.0573419224
35  1   0.2868317094  -0.1650359543   0.0827851213  -0.0876173206   0.1109374817
35  2   0.0512234462  -0.1102791928   0.1340116273   0.0362775536   0.0839412325
35  3  -0.2783406018   0.2968360661   0.1205425479   0.3552640434   0.3325442131
35  4  -0.0745223898  -0.0594918655   0.0105649878   0.0340057075   0.0042681182
35  5  -0.2783881098   0.2752123593  -0.0008485417   0.3391862369   0.0656071181
35  6  -0.2006002185  -0.5004933590   0.0716655071  -0.0207378739  -0.0084980301
35  7   0.5442254299  -0.1445544345   0.0708788529  -0.3564987620  -0.0520895028
35  8  -0.0042209620   0.0059109396   0.0256889686   0.0709529661   0.0199024865
35  9   0.1029792551  -0.0679960759  -0.0016683889  -0.1072000819   0.0117482315
35 10  -0.1148977552  -0.0895010837  -0.0574310825   0.0195095812  -0.0748644796
35 11   0.0014094889  -0.1099452488   0.0195926176  -0.0244878862   0.1392018218
35 12  -0.0366386246   0.1027533492   0.0136746109  -0.0418947824  -0.0305700378
35 13  -0.0001928227  -0.0209284063   0.0010112552   0.0230661910   0.0252227483
35 14   0.0014674661   0.0027704398  -0.0279572308  -0.0156421561   0.0017447041
35 15   0.0246961011  -0.0044443343
36  1   0.0622377117   0.0753659301   0.0518085072  -0.1534638464  -0.0694619144
36  2   0.2689693848  -0.0751281191  -0.1183882648  -0.0109966194  -0.0784735333
36  3   0.0631026600  -0.1173954309  -0.0294139925  -0.0852933457  -0.0808489623
36  4   0.0187196932  -0.2040089256   0.2143177565   0.0124374222  -0.0034924728
36  5   0.0675239697  -0.0668764195  -0.0000784721  -0.0814342856  -0.0163282181
36  6   0.0487104283   0.1210772469  -0.0169529978   0.0055635667   0.0027908904
36  7  -0.1300272212   0.0347327115  -0.0065343268   0.0913186436  -0.1856687922
36  8  -0.0812480911  -0.0051619674   0.2000795633   0.2117269425   0.0812876517
36  9   0.2199747697  -0.2042455160  -0.0022977602  -0.2689370193   0.0283985652
36 10  -0.2842483614  -0.2207964051  -0.1471489658   0.0506775402  -0.1743700923
36 11   0.0036098704  -0.2713770631   0.0467499413  -0.0160924626   0.3644105451
36 12  -0.0503455844   0.2310811501   0.1163950427  -0.1207739063  -0.1113607093
36 13  -0.0023060677  -0.2571069886   0.0112363102   0.2859737585   0.3052326239
36 14   0.0167809845   0.0314563850  -0.3343661943  -0.2011492061   0.0212439900
36 15   0.3028995681  -0.0570457764
37  1   0.0868429377   0.0767317863   0.0851466458  -0.1023323862  -0.2178200279
37  2  -0.1811633529   0.0136290563  -0.0313863581   0.1204609563  -0.0088539572
37  3   0.0190662350   0.0031373043  -0.0326777147  -0.0015950951   0.0085596615
37  4  -0.0239142151   0.0297813585   0.0367664584  -0.0321082762   0.3122515851
37  5   0.0224152760   0.0233578794   0.0258442512   0.0010540366   0.0385383294
37  6   0.0155843511   0.0014571861   0.0172154018   0.0351121506   0.0392638238
37  7   0.0021884523  -0.0002681976  -0.0142371773   0.0005259233  -0.1074809069
37  8   0.2180325499  -0.2226825514  -0.0130430235  -0.2090927555   0.2525166162
37  9   0.0870642515  -0.0185966803   0.2415918633  -0.0034200247  -0.3183865999
37 10  -0.0174452198  -0.0813833712   0.0963559984   0.1506526603   0.0370153355
37 11   0.2417478247   0.0027462634  -0.2895462813   0.0995787571   0.0217492199
37 12  -0.1322813083   0.0963031771   0.0838712955   0.2512380989   0.0148304958
37 13  -0.4053208785   0.0077891276   0.3647046737  -0.0009163828  -0.0151518680
37 14   0.1745006047  -0.3928699662  -0.0479106669   0.0487196916   0.3603527081
37 15  -0.0317212120  -0.1224803163
38  1  -0.1551095847  -0.1735539894   0.0320633547  -0.0840415784   0.1447997986
38  2   0.0320950077  -0.0202790825  -0.1591974120  -0.1650738859   0.1564308223
38  3  -0.1054075748  -0.0135346880  -0.0968310974  -0.0036013733   0.0243727834
38  4  -0.0679801437   0.1657893690   0.1563789379   0.1281625128   0.0793373163
38  5   0.0656179029   0.0701131773   0.0759663882   0.0029191486   0.1118535115
38  6   0.0441046413   0.0050561339   0.0497602463   0.1067944371   0.1138015598
38  7   0.0074664438  -0.0018399825  -0.0443600724  -0.0050835125  -0.0834484510
38  8   0.1402857696  -0.1709481986  -0.0083124192   0.1454099706  -0.3730253264
38  9  -0.1231409908  -0.1287144996  -0.3180789342   0.0046735437   0.4191116180
38 10   0.0217344711   0.1132334824  -0.1341343610  -0.2009329471  -0.0489411611
38 11  -0.3193807860  -0.0036351587   0.4263603809  -0.0098667116  -0.0465306987
38 12   0.0476733681  -0.0601142611   0.0189129213  -0.2776871598   0.1955546947
38 13  -0.2879004773   0.0055386539   0.2571854444  -0.0004345983  -0.0111213108
38 14   0.1282185501  -0.2814866367  -0.0341614047   0.0341163734   0.2526880636
38 15  -0.0226773206  -0.0883462521
39  1  -0.0406807177   0.0461855333  -0.1831365042  -0.1715133585  -0.0654443620
39  2   0.1952199484   0.2856212743   0.3874320578  -0.0196512661   0.0637170660
39  3  -0.0315521079  -0.1113157604   0.4064259465   0.0154658204  -0.1020002545
39  4   0.2895642194   0.0469570116   0.0418016743   0.0295315152   0.0448185665
39  5  -0.2829485101  -0.2836355884  -0.3161419105  -0.0105273268  -0.4730640601
39  6  -0.1900104615  -0.0180027825  -0.2080552715  -0.4441657939  -0.4780536192
39  7  -0.0297300985   0.0060386928   0.1945595208   0.0283398824   0.0055974631
39  8   0.0737906095  -0.0479831686  -0.0060133713   0.0165704814  -0.0678510237
39  9  -0.0213198078  -0.0327027904  -0.0564747175   0.0007601177   0.0744753889
39 10   0.0038258839   0.0200922435  -0.0241984037  -0.0348751698  -0.0088216214
39 11  -0.0565967552  -0.0006419203   0.0777588950   0.0058361640  -0.0092471425
39 12   0.0006119262  -0.0063829977   0.0112884931  -0.0456380391   0.0476990839
39 13  -0.1011483254   0.0019425612   0.0905791342  -0.0001906928  -0.0038697416
39 14   0.0445900744  -0.0986293124  -0.0119758040   0.0120706201   0.0891692043
39 15  -0.0079551970  -0.0309044068
40  1   0.0455909904   0.0812166041   0.0648349934  -0.1186827055  -0.1829391758
40  2  -0.1542966933   0.0082192014  -0.0246725155   0.0554156072  -0.0009795299
40  3  -0.0181207275   0.0016122656  -0.0151480916  -0.0009058929   0.0040335198
40  4  -0.0112660889   0.1485381792   0.1430386494   0.0905137685   0.1982396979
40  5  -0.0027973184  -0.0006317302   0.0176345744   0.0016188129  -0.0057888196
40  6  -0.0024931800   0.0001212855  -0.0020475190  -0.0065361778  -0.0052664628
40  7  -0.0004200657  -0.0000683581   0.0038461275   0.0026734394  -0.0976300062
40  8   0.1975124316  -0.2291483822  -0.0134334397  -0.0830445447   0.0244768501
40  9   0.0105637310  -0.0621801779   0.0190276684  -0.0002519445  -0.0365038340
40 10  -0.0025162358  -0.0067914565   0.0081145626  -0.1747992996  -0.0469939885
40 11  -0.0369344678  -0.0004105968   0.1012007006   0.0381244990  -0.0153482245
40 12  -0.0329003176  -0.0191430389   0.0422644358  -0.1503727373   0.1663872754
40 13   0.0337624540  -0.0006486852  -0.0316794934   0.0001534689   0.0011875079
40 14  -0.0137385340   0.0343591357   0.0042624057  -0.0045291150  -0.0334918563
40 15   0.0028918278   0.0110569423
41  1  -0.1032508447  -0.1757982658   0.0295817154  -0.0831593314   0.0878665368
41  2   0.0142309143  -0.0069331195  -0.1074762778  -0.0767062971   0.1516279674
41  3  -0.0583839580  -0.0385271454  -0.0450126860  -0.0017112090   0.0116925574
41  4  -0.0308337182   0.0109450687   0.0171074767  -0.0335296630   0.2330944966
41  5  -0.0056384871  -0.0057602940   0.0508788999   0.0041798419  -0.0169696953
41  6  -0.0071975070  -0.0003885277  -0.0073892234  -0.0187447229  -0.0172195207
41  7  -0.0010722044   0.0000932296   0.0058564200   0.0021780619  -0.0690020349
41  8   0.1389811674  -0.1644434577  -0.0094421557  -0.0134681377  -0.0678680322
41  9  -0.0209984400  -0.0608544381  -0.0234494272   0.0004538630   0.0456829066
41 10   0.0019609860   0.0141572535  -0.0170273797   0.2306727735   0.0623346375
41 11   0.0497600634   0.0005503627  -0.0993390316   0.0496527331   0.0059138986
41 12  -0.0611718246   0.0866314670   0.0618839910   0.2496676647  -0.0253595662
41 13   0.0240865769  -0.0004689385  -0.0210658162  -0.0000468812   0.0011097615
41 14  -0.0127653786   0.0260573886   0.0030936445  -0.0028754838  -0.0214706366
41 15   0.0022153676   0.0089131562
42  1  -0.0230638340   0.0346082901  -0.0947147854  -0.1085321218  -0.0431368483
42  2   0.1384430676   0.2693098828   0.2133099965  -0.0106837274   0.0459997174
42  3  -0.0163944707  -0.0342004066   0.1887272757   0.0073366816  -0.0477896600
42  4   0.1332730537   0.0149550712   0.0154806568  -0.0002715701   0.0717142896
42  5   0.0206268088   0.0287017807  -0.2117892145  -0.0163743085   0.0711450897
42  6   0.0284168111   0.0029556961   0.0317181236   0.0800024518   0.0734047157
42  7   0.0049219647  -0.0008083451  -0.0189746362  -0.0018964777  -0.0270696771
42  8   0.0470293586  -0.0581343833  -0.0031222204  -0.0098278702  -0.0143350014
42  9  -0.0040425381  -0.0194244974  -0.0038865309   0.0000916313   0.0078186657
42 10   0.0002658016   0.0029065332  -0.0034450339   0.0406791339   0.0110466964
42 11   0.0089059066   0.0000969295  -0.0153829290   0.0148135026   0.0001196033
42 12  -0.0171529143   0.0190705453   0.0181376820   0.0471818414   0.0074256092
42 13   0.0084532113  -0.0001646247  -0.0075659111   0.0000047788   0.0003607488
42 14  -0.0041388144   0.0089671193   0.0010771504  -0.0010505870  -0.0078026355
42 15   0.0007661640   0.0030202491
43  1  -0.0296916165   0.0880930180   0.0334714222  -0.1420844798  -0.1018915510
43  2  -0.1084739538   0.0004528441  -0.0322109958  -0.0933741993   0.0154625645
43  3  -0.0971051038  -0.0036091383   0.0154420717   0.0005148626  -0.0079023893
43  4  -0.0075019332   0.1210622609   0.1043336002   0.1500829449  -0.2517123038
43  5  -0.0024918509  -0.0004608699  -0.0166056414  -0.0012618461  -0.0057318070
43  6   0.0027917409  -0.0017956996   0.0008352782   0.0075145060  -0.0023899537
43  7   0.0007454734   0.0018920226  -0.0136676841   0.0005460280  -0.0859454607
43  8   0.2323365421   0.2600577577   0.0183320069   0.0354342925  -0.0990582590
43  9  -0.0321499657  -0.0380547868   0.0124351881  -0.0001878670  -0.0223886457
43 10  -0.0036464838   0.0086276907  -0.0102330251  -0.1157428880  -0.0320438554
43 11   0.0237495149   0.0002724968  -0.0999547003   0.0067324880   0.0103810215
43 12  -0.0156582131  -0.0321117317  -0.0836578476   0.0102280458  -0.1658562543
43 13  -0.0286986300   0.0004558213   0.0424631745  -0.0023504173   0.0032343376
43 14  -0.0374548421   0.0378003723   0.0041822746  -0.0003515284  -0.0069127270
43 15   0.0055955223   0.0268601549
44  1  -0.0786154360  -0.1774968706   0.0186695550  -0.0824418950   0.0994458596
44  2   0.0113563938   0.0117738587  -0.0839317733  -0.1151414698   0.1563501522
44  3  -0.0690092948  -0.0812176373   0.0452938178   0.0018047357  -0.0222696174
44  4  -0.0217193359   0.0389326331   0.0413594083  -0.0015712889   0.1895872116
44  5  -0.0069400909  -0.0042028765  -0.0491069221  -0.0031725126  -0.0162686149
44  6   0.0100817116  -0.0050738808   0.0038131228   0.0214923345  -0.0021990753
44  7   0.0013987671  -0.0006127958  -0.0106538579  -0.0026326564   0.0356565582
44  8  -0.1072060905  -0.1162461430  -0.0080564233   0.0536039791   0.0213440614
44  9   0.0035836243   0.0686863293   0.0231596193  -0.0003553985  -0.0443871038
44 10  -0.0085678708   0.0216181276  -0.0254123966  -0.2613488223  -0.0725207646
44 11   0.0513732949   0.0006047929  -0.0630297623  -0.0843470851   0.0160961575
44 12   0.0847396667  -0.1059102524  -0.1241488172  -0.2230722117  -0.1082961831
44 13   0.0119210582  -0.0001833152  -0.0177943447   0.0010388710  -0.0014808301
44 14   0.0171724039  -0.0183585738  -0.0020941609   0.0005713702   0.0057647175
44 15  -0.0020793127  -0.0096170636
45  1  -0.1707796572   0.0456920935  -0.0633300412  -0.1240185942  -0.0512607296
45  2   0.1752208087   0.1830693090   0.1060912481   0.0807425312   0.0322821057
45  3  -0.0102865096   0.1506681251  -0.1913665120  -0.0074272909   0.0947401495
45  4   0.0944782370   0.0181325318   0.0183483575   0.0111204130   0.0242275056
45  5   0.0260153103   0.0219599438   0.2087397795   0.0141860812   0.0684527873
45  6  -0.0429146311   0.0231786773  -0.0150902071  -0.0911995043   0.0111291844
45  7  -0.0066810099  -0.0010781688   0.0619506828   0.0089632821   0.0151976635
45  8   0.0023411543   0.0000013665  -0.0011544169   0.0154661978  -0.0033002650
45  9  -0.0009331885   0.0130833175   0.0062521688  -0.0001146907  -0.0124160265
45 10  -0.0023442630   0.0057944594  -0.0066205289  -0.0712629064  -0.0197146146
45 11   0.0139992051   0.0001648615  -0.0230314903  -0.0194092383   0.0046504802
45 12   0.0187418603  -0.0276830221  -0.0362311516  -0.0519899112  -0.0391648065
45 13   0.0004636314  -0.0000065399  -0.0007341478   0.0000595245  -0.0000825623
45 14   0.0009896372  -0.0012532477  -0.0001607739   0.0000955488   0.0007978253
45 15  -0.0000331332  -0.0000759068
46  1  -0.0472989447   0.0889444937   0.0294412829  -0.1438736795  -0.0735312287
46  2  -0.0997227741  -0.0001575854  -0.0453064570  -0.1446248690   0.0203944906
46  3  -0.1221286139  -0.0059262998   0.0335123948   0.0015691187  -0.0173572363
46  4  -0.0174766748   0.0335023461   0.0216592969   0.0891058385  -0.3246304009
46  5   0.0218909294   0.0247377273  -0.0281738972  -0.0033022893   0.0385295813
46  6  -0.0240093363   0.0117656110  -0.0091614147  -0.0421114077  -0.0033011832
46  7  -0.0032957044   0.0012745963   0.0255132600   0.0067984994  -0.0839324065
46  8   0.2548604292   0.2584270082   0.0171019322   0.1756433639  -0.1512418994
46  9  -0.0551685091   0.0652887764   0.1541961525  -0.0017842666  -0.1841979254
46 10  -0.0347006126   0.0898240640  -0.1071244131   0.1081786038   0.0317640720
46 11  -0.1550939212  -0.0017956166   0.0726458289   0.1555105748  -0.0250210379
46 12  -0.1590555656   0.0710141481   0.0502040339   0.2047608404  -0.0230754979
46 13   0.3412274651  -0.0053829722  -0.4955489874   0.0275850326  -0.0376319458
46 14   0.4348469846  -0.4301668147  -0.0479870079   0.0053670153   0.0864526122
46 15  -0.0593437205  -0.2809544209
47  1  -0.1120271873  -0.1765681298   0.0126893335  -0.0827684434   0.1654112774
47  2   0.0270067298   0.0129261859  -0.1182144475  -0.2348124464   0.1673490437
47  3  -0.1250498076  -0.0898969688   0.0973420020   0.0046118421  -0.0493008531
47  4  -0.0503107914  -0.1564175150  -0.1432216278  -0.1365659222   0.0220754821
47  5   0.0635253433   0.0685734853  -0.0821104443  -0.0089127251   0.1108744395
47  6  -0.0671220036   0.0352449743  -0.0245239122  -0.1214199401  -0.0046223184
47  7  -0.0103754485  -0.0022855450   0.1025572168   0.0146341393   0.0691851641
47  8  -0.1073912393  -0.1082602379  -0.0109505569   0.3669520483  -0.0789257622
47  9  -0.0423655660   0.3111480344   0.3409343528  -0.0039553919  -0.4079322704
47 10  -0.0783822588   0.2037035499  -0.2425007697   0.2407313944   0.0703520135
47 11  -0.3507058104  -0.0040470961   0.3600595864   0.2284223722  -0.0650539723
47 12  -0.2109576586   0.1217184643   0.1823563211   0.1883703836   0.2386899194
47 13  -0.1489224643   0.0023665211   0.2165375128  -0.0121280236   0.0166310872
47 14  -0.1915940485   0.1915485775   0.0212646672  -0.0029217589  -0.0416775598
47 15   0.0256254088   0.1206744072
48  1  -0.3026829658   0.0659142061  -0.1272858767  -0.1990835310  -0.0799059669
48  2   0.2606846179   0.1321281661   0.1975916339   0.1422735969   0.0391558774
48  3  -0.0210726806   0.2149811875  -0.4102540575  -0.0167987095   0.2054855677
48  4   0.2165309446  -0.0295036758  -0.0300435688  -0.0247516683  -0.0210022713
48  5  -0.2695118543  -0.2883201836   0.3445390992   0.0353312517  -0.4621156997
48  6   0.2814307962  -0.1560257597   0.0973917983   0.5084265594   0.0158222564
48  7   0.0410014533   0.0029733260  -0.4134627695  -0.0617988824  -0.0809409686
48  8  -0.0649693674  -0.0466878930   0.0049392000   0.1031306003  -0.0288503339
48  9  -0.0196169843   0.0812911886   0.0948489268  -0.0008536577  -0.1123082990
48 10  -0.0211277901   0.0556525880  -0.0676139040   0.0652552429   0.0196055901
48 11  -0.0958645365  -0.0011029030   0.0915926209   0.0668837892  -0.0172687661
48 12  -0.0629858230   0.0342368536   0.0475418160   0.0609487610   0.0549947832
48 13  -0.0072438925   0.0001525427   0.0105967902  -0.0006855404   0.0007721367
48 14  -0.0096798947   0.0100459151   0.0011758542  -0.0001516559  -0.0028067033
48 15   0.0011374940   0.0054539732
49  1  -0.0826782734   0.0938425167   0.0074307880  -0.1630358707  -0.0570162136
49  2  -0.0740045264  -0.0064795087  -0.0236684314  -0.1770779984   0.0264303563
49  3  -0.1440431535  -0.0055175571  -0.0005010509   0.0001751723   0.0034229850
49  4   0.0191704510  -0.0340210739  -0.0358177902  -0.0015575986  -0.1490409250
49  5  -0.0012197187  -0.0018392168   0.0166205776   0.0011265698  -0.0003511233
49  6   0.0046479235  -0.0013866585   0.0030572247  -0.0004579348   0.0057090799
49  7  -0.0000219064  -0.0000509928   0.0087660335   0.0017163041  -0.0110967895
49  8   0.0302694809  -0.0324555357  -0.0025535665   0.0373926244   0.0388755124
49  9   0.0096286414   0.0640913664  -0.0295327932   0.0002369792  -0.0067659970
49 10   0.0068023066  -0.0419850380   0.0509407517   0.2874604500   0.0778179365
49 11   0.0592028294   0.0006772252   0.0288818361  -0.0951393852   0.0071701920
49 12   0.1035472787   0.0240474990   0.1187459479  -0.1016986257   0.2863659844
49 13   0.0015879874  -0.0000115544  -0.0018757155   0.0001689638  -0.0002617401
49 14   0.0033283855  -0.0027697364  -0.0004645056   0.0006508315   0.0036269861
49 15   0.0015640062   0.0084802534
50  1  -0.0119463080  -0.1803737861   0.0154958374  -0.0813109926   0.0264184707
50  2  -0.0115522126   0.0288747977  -0.0173831186  -0.0013742769   0.1477425595
50  3  -0.0094131091  -0.1101965835  -0.0005638961  -0.0006816922   0.0118191917
50  4   0.0553079113   0.2153430968   0.1982818609   0.1871175655  -0.0163008559
50  5  -0.0046613982  -0.0031449595   0.0499820544   0.0038950131   0.0000762924
50  6   0.0138362119  -0.0041083298   0.0081793847  -0.0028902245   0.0153578768
50  7  -0.0007194869  -0.0003752949   0.0186804459   0.0004570723   0.1204123029
50  8  -0.2322128052   0.2824171732   0.0165165429  -0.0784803391   0.0769710400
50  9   0.0303816432  -0.0222824950  -0.0034049152  -0.0000474543  -0.0049491384
50 10   0.0005930615  -0.0038963200   0.0048285411   0.0282984311   0.0074609832
50 11   0.0061588313   0.0000594332   0.0894267698   0.0117306438  -0.0116528092
50 12  -0.0040351429   0.0529251663   0.0573071884   0.1192771715   0.0418859914
50 13  -0.0114903896  -0.0000474916   0.0036374196  -0.0014820670   0.0021017670
50 14  -0.0268213387  -0.0040235314   0.0008557458  -0.0054471796  -0.0322574244
50 15  -0.0129118706  -0.0708985480
51  1  -0.1480971787   0.0308539392   0.0501483683  -0.0432392693  -0.0226526989
51  2   0.1024289080   0.1620307188  -0.1174488470   0.0915149409   0.0090631181
51  3   0.0099773103   0.2429664028   0.0028465484   0.0007917427  -0.0478763489
51  4  -0.2330670085   0.0467979912   0.0432478088   0.0438301286  -0.0159468701
51  5   0.0178916715   0.0205018158  -0.2088013983  -0.0157943848   0.0000441060
51  6  -0.0584512498   0.0177355881  -0.0376978559   0.0112332941  -0.0688620993
51  7   0.0021448069   0.0016030342  -0.0968674045  -0.0159031846   0.0040438882
51  8  -0.0682700734   0.0519967427   0.0050661138  -0.0150541614   0.0229183016
51  9   0.0056283594   0.0001534647  -0.0034493893   0.0000297018  -0.0015915695
51 10   0.0004947144  -0.0045392501   0.0055553823   0.0294400886   0.0079092264
51 11   0.0061715810   0.0000620477   0.0235020827  -0.0046415740  -0.0019109331
51 12   0.0074635835   0.0141629842   0.0230808777   0.0199668915   0.0328428434
51 13  -0.0025309123  -0.0000098748   0.0006884935  -0.0003302384   0.0004689152
51 14  -0.0059538644  -0.0011625829   0.0001606865  -0.0012328278  -0.0071865052
51 15  -0.0028863278  -0.0157612629
52  1  -0.1404120497   0.0990811392  -0.0164752218  -0.1807696243   0.0062866524
52  2  -0.0388338704  -0.0123662334  -0.0297409322  -0.2899050199   0.0383642862
52  3  -0.2020387244  -0.0077542925  -0.0001061447  -0.0001516672   0.0072775225
52  4   0.0393972558  -0.0136146652  -0.0047076697  -0.0547058341   0.2247633497
52  5   0.0224338480   0.0192020945   0.0275799430   0.0011465338  -0.0030074659
52  6  -0.0321554723   0.0136246201  -0.0189359323   0.0090265236  -0.0238360437
52  7   0.0040135534   0.0014577736  -0.0433504304  -0.0071901366  -0.0140206970
52  8   0.0284043861  -0.0346283564  -0.0042343868   0.1894104221   0.2929903935
52  9   0.0738150704   0.3744091994  -0.3815091314   0.0027292649  -0.0605171087
52 10   0.0590985356  -0.3710172044   0.4468762694  -0.2493833474  -0.0577957034
52 11  -0.4105130050  -0.0045591943  -0.1601639464   0.3394398381  -0.0186006186
52 12  -0.3911698267  -0.0434619896  -0.1637320595   0.0925627542  -0.3804678549
52 13  -0.0175518603  -0.0000327275   0.0073849955  -0.0019530131   0.0030888309
52 14  -0.0390504651  -0.0004050786   0.0018541474  -0.0075109620  -0.0440450530
52 15  -0.0173647112  -0.0942190131
53  1   0.0060788058  -0.1816588907   0.0072254934  -0.0807681252   0.0352672530
53  2  -0.0137097840   0.0430417361  -0.0001827551  -0.0289405515   0.1497459035
53  3  -0.0173285756  -0.1366065999  -0.0006589782  -0.0008000567   0.0235569770
53  4   0.1149999729   0.2150241232   0.1999710780   0.1815272489   0.0192365668
53  5   0.0621213895   0.0607536002   0.0837261108   0.0040968757  -0.0005277560
53  6  -0.0955837283   0.0293519251  -0.0616032595   0.0159815255  -0.0738934322
53  7   0.0036623959   0.0021214865  -0.1458292917  -0.0259301894   0.0921585986
53  8  -0.2794098394   0.2641684045   0.0185609815  -0.0694113647   0.1096309279
53  9   0.0341518324   0.0058952514  -0.0376957901   0.0002574432  -0.0100945287
53 10   0.0050621402  -0.0358555209   0.0433672889  -0.0231380460  -0.0058181570
53 11  -0.0388665666  -0.0004546410   0.0902722480   0.0585276630  -0.0151221536
53 12  -0.0542644673   0.0514672707   0.0365403349   0.1540836046  -0.0200381609
53 13   0.1469477703   0.0005111269  -0.0465036729   0.0182321471  -0.0262043410
53 14   0.3302701485   0.0453557112  -0.0100284157   0.0629065597   0.3765868785
53 15   0.1434469095   0.7969652456
54  1  -0.2603617466   0.0394457052   0.0747706958  -0.0551302911  -0.0289165119
54  2   0.1308931509   0.0949220543  -0.1983719653   0.1581253464  -0.0001220552
54  3   0.0141213020   0.3665921810   0.0032423521   0.0017773385  -0.1001854552
54  4  -0.4959888109   0.0568735518   0.0487159359   0.0377480805   0.0226345968
54  5  -0.2701265079  -0.2615981378  -0.3582122350  -0.0168716802   0.0011160722
54  6   0.4182371694  -0.1253898362   0.2684217051  -0.0694752934   0.3204647651
54  7  -0.0159329171  -0.0091484012   0.6226381390   0.0978531002   0.1762088190
54  8   0.0417340162   0.1349991898  -0.0054399436  -0.0054282002   0.0374287697
54  9   0.0308841579   0.0287153861  -0.0366948688   0.0000080423  -0.0071863773
54 10   0.0077037250  -0.0357868000   0.0429864734  -0.0230512455  -0.0048159857
54 11  -0.0411461070  -0.0004314063   0.0072902568   0.0380791708  -0.0075599513
54 12  -0.0447203950   0.0115297489  -0.0042909780   0.0436092789  -0.0344460074
54 13   0.0322427792   0.0000754920  -0.0100615234   0.0040265094  -0.0058497013
54 14   0.0725344113   0.0103675225  -0.0021369644   0.0141426815   0.0827769144
54 15   0.0320841236   0.1753269908
55  1  -0.0601735580   0.0926996905   0.0128257871  -0.1605274948  -0.0933124802
55  2  -0.0854531931  -0.0056263159  -0.0076864671  -0.1123239015   0.0209172834
55  3  -0.1127944370  -0.0031461240  -0.0152678943  -0.0001173834   0.0034578161
55  4  -0.0095735466  -0.1491492858  -0.1434455573  -0.0907309317  -0.1980126788
55  5  -0.0012521934  -0.0031885320  -0.0168601157  -0.0013422195   0.0052641116
55  6   0.0033339502   0.0000906105   0.0030870291  -0.0066891731  -0.0007148215
55  7  -0.0006100330  -0.0016965026   0.0012120542  -0.0022501416   0.0714700159
55  8  -0.2044480976  -0.2288563456  -0.0153217870  -0.0848552740   0.0263379037
55  9   0.0126970263  -0.0626150020   0.0183041384  -0.0000458611   0.0353958124
55 10   0.0020898991   0.0080766102  -0.0105492337  -0.1754376855  -0.0490148524
55 11   0.0361467523   0.0004041249   0.1026259032   0.0385551678  -0.0155460567
55 12  -0.0300811807   0.0190815234  -0.0424719642   0.1503618546  -0.1665381164
55 13   0.0187124139   0.0002718538   0.0266959629   0.0015388975  -0.0031284550
55 14   0.0357923646   0.0393766636   0.0046341256   0.0002064147   0.0106456280
55 15  -0.0055344511  -0.0266189195
56  1   0.0297042356  -0.1815487846   0.0232661503  -0.0808989838  -0.0582749182
56  2  -0.0315931754   0.0272221907   0.0251635798   0.1503955424   0.1369710825
56  3   0.0617655581  -0.1012124266  -0.0446790652  -0.0017833073   0.0120950317
56  4  -0.0298695500  -0.0106397429  -0.0164824310   0.0339169785  -0.2338094574
56  5  -0.0058691871  -0.0050305656  -0.0491629179  -0.0037100614   0.0158725492
56  6   0.0083116924  -0.0003652121   0.0081938876  -0.0191374588  -0.0049841730
56  7  -0.0008659741  -0.0016026742  -0.0118401385  -0.0040156340   0.0489663164
56  8  -0.1494346874  -0.1654167079  -0.0106010723  -0.0146850875  -0.0669817016
56  9  -0.0199025757  -0.0634564175  -0.0216496518   0.0003205662  -0.0435681660
56 10  -0.0027897653  -0.0132784256   0.0163580637   0.2338513785   0.0658909372
56 11  -0.0464508158  -0.0005117736  -0.0995696307   0.0491508653   0.0054273392
56 12  -0.0627172970  -0.0864838135  -0.0619234850  -0.2508629487   0.0234057666
56 13   0.0125848782   0.0002088794   0.0178022165   0.0011773876  -0.0022478133
56 14   0.0255330984   0.0300321854   0.0033367424   0.0006049219   0.0108459899
56 15  -0.0035644372  -0.0167038126
57  1   0.0229101267   0.0048961071   0.1322708793   0.0531270196   0.0141203812
57  2  -0.0072795298   0.2273973458  -0.2334926731   0.0129284442   0.0003625639
57  3   0.0239491168   0.1639797684   0.1887083523   0.0075840481  -0.0502735844
57  4   0.1280000118  -0.0153797484  -0.0164200569   0.0010821624  -0.0706471179
57  5   0.0252511228   0.0212221429   0.2077566343   0.0152614348  -0.0677057046
57  6  -0.0350575053   0.0016769982  -0.0346553910   0.0829228057   0.0237021796
57  7   0.0038243337   0.0008908365   0.0738604792   0.0124956700   0.0329003536
57  8  -0.0413523072  -0.0488192261  -0.0055444161  -0.0112200324  -0.0140718128
57  9  -0.0029037860  -0.0200523289  -0.0029880941   0.0000440026  -0.0072279534
57 10  -0.0003213955  -0.0023231309   0.0024392879   0.0413137568   0.0114655447
57 11  -0.0081357047  -0.0000769406  -0.0154469713   0.0146158634   0.0000986088
57 12  -0.0172054695  -0.0189048015  -0.0179555651  -0.0473995506  -0.0075939178
57 13   0.0044175298   0.0000585935   0.0062674370   0.0003776067  -0.0007731729
57 14   0.0088019707   0.0101383790   0.0011577565   0.0001416108   0.0033910942
57 15  -0.0012642959  -0.0060041188
58  1  -0.1016723109   0.0971233661  -0.0072156158  -0.1766045072  -0.0580740206
58  2  -0.0588129048  -0.0109464479  -0.0022505269  -0.1790403681   0.0283151582
58  3  -0.1511277695  -0.0036187018  -0.0313965020  -0.0012284205   0.0073113369
58  4  -0.0213144854  -0.0290268591  -0.0362786318   0.0332410748  -0.3110481450
58  5   0.0214442581   0.0202731181  -0.0273539711  -0.0027102341  -0.0331193227
58  6  -0.0167406505  -0.0019989899  -0.0182211036   0.0327359285   0.0056022878
58  7   0.0008694025   0.0004791820   0.0406272913   0.0054716167   0.0812111869
58  8  -0.2125121588  -0.2141346997  -0.0155658778  -0.2149741874   0.2579000603
58  9   0.0925414566  -0.0131451740   0.2431250560  -0.0020021775   0.3133665154
58 10   0.0172348091   0.0908703659  -0.1173538392   0.1628500150   0.0479791107
58 11  -0.2359519933  -0.0027630743  -0.2867733103   0.0993094886   0.0204038484
58 12  -0.1326238071  -0.0950676333  -0.0841844917  -0.2516416208  -0.0202508231
58 13  -0.2227738496  -0.0031915922  -0.3104407383  -0.0181378546   0.0367552733
58 14  -0.4180621393  -0.4553498975  -0.0526901379  -0.0044609488  -0.1352054479
58 15   0.0585181854   0.2771921274
59  1   0.0810419917  -0.1837682198   0.0208934914  -0.0800269507  -0.1150712798
59  2  -0.0493555942   0.0403427803   0.0765384797   0.2396991867   0.1325634070
59  3   0.1097225231  -0.1258339109  -0.0964462002  -0.0027346987   0.0235547022
59  4  -0.0687353788  -0.1692105173  -0.1581465583  -0.1280845293  -0.0814141685
59  5   0.0625249492   0.0682218315  -0.0841193927  -0.0078908771  -0.1098694998
59  6  -0.0552096365   0.0051353611  -0.0555694597   0.1119250649   0.0120233582
59  7   0.0060787180  -0.0002247454   0.1193116638   0.0184117321   0.0884846404
59  8  -0.1502439732  -0.1592276127  -0.0147881432   0.1451602729  -0.3745431305
59  9  -0.1233715248  -0.1385052303  -0.3158425237   0.0026537668  -0.4086821270
59 10  -0.0221761711  -0.1221610782   0.1553080495  -0.2106298811  -0.0620345525
59 11   0.3119347668   0.0036461196   0.4210858977  -0.0096151676  -0.0448529895
59 12   0.0496301197   0.0572269629  -0.0187707117   0.2724192015  -0.1884810110
59 13  -0.1583863555  -0.0023435527  -0.2207394201  -0.0131525786   0.0264785037
59 14  -0.2988265839  -0.3286942965  -0.0374855151  -0.0037890934  -0.1012156738
59 15   0.0413643467   0.1953922233
60  1   0.0415473154  -0.0066185408   0.2206442482   0.1159336792   0.0363562890
60  2  -0.0638145332   0.2107969380  -0.4059706747   0.0213558405  -0.0174089324
60  3   0.0388287249   0.2384236850   0.4055604615   0.0153310835  -0.0997999718
60  4   0.2902165391  -0.0371622744  -0.0349668534  -0.0290735626  -0.0460157733
60  5  -0.2659488019  -0.2880958885   0.3529911842   0.0331382995   0.4550981289
60  6   0.2316403565  -0.0068046640   0.2370291656  -0.4590670411  -0.0519319777
60  7  -0.0222779087  -0.0118123401  -0.4681632410  -0.0855779199  -0.0742784582
60  8  -0.1185199873  -0.1077393998   0.0089373227   0.0246424373  -0.0669808953
60  9  -0.0267091638  -0.0336932082  -0.0606045885   0.0008002025  -0.0746922740
60 10  -0.0052893213  -0.0225842096   0.0319738068  -0.0370269406  -0.0090846260
60 11   0.0561202340   0.0005521986   0.0782655371   0.0059660504  -0.0097254711
60 12   0.0019668343   0.0057336251  -0.0113833618   0.0454350606  -0.0467332483
60 13  -0.0544639105  -0.0005966510  -0.0758813057  -0.0041570524   0.0090618677
60 14  -0.1026221739  -0.1124861796  -0.0130614751  -0.0010398099  -0.0343399423
60 15   0.0141666973   0.0673182583
61  1   0.0149469561   0.0858406250   0.0441118795  -0.1371972313  -0.1743617746
61  2  -0.1311949434   0.0021164963  -0.0001101478   0.0362192209   0.0051502936
61  3  -0.0342093500   0.0017679558   0.0153308133   0.0006285433  -0.0075169017
61  4  -0.0079225898  -0.1206615894  -0.1041358163  -0.1498084821   0.2518220905
61  5  -0.0011689325  -0.0033515798   0.0167013469   0.0013364009   0.0059113377
61  6  -0.0025704908   0.0018684312  -0.0008418148   0.0068557549  -0.0058992035
61  7   0.0000039761   0.0002179257  -0.0010962494  -0.0026111845   0.1108310816
61  8  -0.2265065774   0.2621226176   0.0159770674   0.0331671169  -0.0974335386
61  9  -0.0297946463  -0.0394674395   0.0141104732  -0.0000839992   0.0226385730
61 10   0.0034081454  -0.0066683244   0.0071505659  -0.1146026664  -0.0303845418
61 11  -0.0245219044  -0.0002518449  -0.1004104039   0.0069168218   0.0105232585
61 12  -0.0182690125   0.0321495603   0.0830951590  -0.0101190403   0.1637835310
61 13  -0.0361514566   0.0002537968  -0.0446525672   0.0013296743   0.0002403396
61 14  -0.0061403424   0.0338724288   0.0015174453   0.0048856840   0.0399117726
61 15  -0.0035446447  -0.0137296007
62  1   0.0052635849  -0.1798580535   0.0341570636  -0.0816132560  -0.0699780872
62  2  -0.0287665484   0.0085739806   0.0018445832   0.1894955074   0.1325581188
62  3   0.0731996200  -0.0591591161   0.0453714224   0.0016564006  -0.0220634720
62  4  -0.0233562767  -0.0382542717  -0.0407378589   0.0020533888  -0.1894705555
62  5  -0.0048120819  -0.0069985112   0.0501286307   0.0036949549   0.0169598637
62  6  -0.0080185528   0.0047961359  -0.0010800409   0.0208719954  -0.0143534016
62  7   0.0006654694   0.0008251914   0.0083924834   0.0026249156  -0.0455065105
62  8   0.0979117764  -0.1147001879  -0.0075407884   0.0544231338   0.0194262861
62  9   0.0021869559   0.0674964570   0.0285964458  -0.0003030226   0.0433459818
62 10   0.0084989167  -0.0222839011   0.0253781706  -0.2590064945  -0.0698334899
62 11  -0.0559455279  -0.0006001661  -0.0630994418  -0.0838072302   0.0167115317
62 12   0.0823112733   0.1058742912   0.1235755438   0.2241477563   0.1083488685
62 13   0.0161323227  -0.0001328204   0.0191656474  -0.0007190862   0.0001098621
62 14   0.0001519393  -0.0169903915  -0.0009949165  -0.0018402131  -0.0156901718
62 15   0.0017165412   0.0070677705
63  1   0.1707265281  -0.0062191108   0.1010484611   0.0687544215   0.0222959433
63  2  -0.0441995767   0.3136617789  -0.1266178809  -0.0783805428   0.0133187951
63  3   0.0170399925  -0.0202950732  -0.1911588356  -0.0076251241   0.0946773375
63  4   0.1001805901  -0.0182928034  -0.0180416159  -0.0111404647  -0.0245042062
63  5   0.0210036727   0.0282686790  -0.2114663372  -0.0164895134  -0.0713097185
63  6   0.0338325716  -0.0214301242   0.0056641300  -0.0882251288   0.0622483881
63  7  -0.0025026469  -0.0026471850  -0.0282196038  -0.0050134613  -0.0064044920
63  8   0.0019240601  -0.0085263694   0.0002449379   0.0160039017  -0.0035632577
63  9  -0.0019185859   0.0128641221   0.0077093861  -0.0000937113   0.0118805680
63 10   0.0023575261  -0.0059604815   0.0067224272  -0.0705815089  -0.0190913820
63 11  -0.0152187038  -0.0001676934  -0.0229776623  -0.0193106547   0.0047700578
63 12   0.0179823908   0.0277350529   0.0359283175   0.0524014987   0.0388006970
63 13   0.0009393756  -0.0000127042   0.0009793223  -0.0000699778   0.0000417628
63 14  -0.0004504872  -0.0013211725  -0.0001109563  -0.0000497944  -0.0005253950
63 15   0.0001304715   0.0005899418
64  1   0.0323831985   0.0849535751   0.0482997585  -0.1352527995  -0.2025766113
64  2  -0.1400883415   0.0027779298   0.0122717007   0.0868289937   0.0006353644
64  3  -0.0097317705   0.0040926965   0.0331076562   0.0011867030  -0.0162872050
64  4  -0.0176426273  -0.0344574795  -0.0223526952  -0.0891950410   0.3250521992
64  5   0.0223605880   0.0225139456   0.0257507069   0.0011346023  -0.0377404794
64  6   0.0180911747  -0.0110736791   0.0029289268  -0.0390950443   0.0325101403
64  7  -0.0011286041  -0.0016062544  -0.0215315839  -0.0064303605   0.1166152456
64  8  -0.2520226350   0.2555054692   0.0158263679   0.1738245550  -0.1498735076
64  9  -0.0532706448   0.0608071426   0.1676796434  -0.0017626425   0.1796454387
64 10   0.0343242539  -0.0815069064   0.0914579132   0.0986444221   0.0229056937
64 11   0.1611307950   0.0017693011   0.0724632666   0.1553485231  -0.0253188153
64 12  -0.1582649788  -0.0707739532  -0.0500492003  -0.2060954385   0.0209107554
64 13   0.4337840723  -0.0030689839   0.5223874713  -0.0159290281  -0.0019260365
64 14   0.0599682758  -0.3872286817  -0.0183207886  -0.0531705175  -0.4356265935
64 15   0.0384818583   0.1495725146
65  1   0.0377711635  -0.1807746500   0.0402086553  -0.0812918005  -0.1359860682
65  2  -0.0443885001   0.0072942390   0.0350540135   0.3084165262   0.1225992061
65  3   0.1285438256  -0.0501374619   0.0980858842   0.0034122038  -0.0482042746
65  4  -0.0520558157   0.1544251953   0.1421649667   0.1368351690  -0.0207832264
65  5   0.0656014683   0.0689911044   0.0767638086   0.0030014071  -0.1126745536
65  6   0.0534784376  -0.0337484126   0.0100638406  -0.1154955937   0.0996372037
65  7  -0.0026235869  -0.0040938872  -0.0537782994  -0.0081221653  -0.0582389641
65  8   0.0941330871  -0.1217738634  -0.0067238748   0.3700562627  -0.0819792140
65  9  -0.0457501075   0.3042727345   0.3739408791  -0.0040865973   0.3966206145
65 10   0.0781751684  -0.1908506578   0.2154212566   0.2205880881   0.0498846494
65 11   0.3618189381   0.0039431518   0.3616024688   0.2283138412  -0.0654880006
65 12  -0.2057631587  -0.1224394951  -0.1826688062  -0.1916027601  -0.2395517781
65 13  -0.1901984991   0.0013706864  -0.2282508455   0.0071494298   0.0005488446
65 14  -0.0227526537   0.1726138013   0.0085410789   0.0228368953   0.1881573791
65 15  -0.0170133078  -0.0668220057
66  1   0.3038015047  -0.0264430164   0.1650913251   0.1438574319   0.0509529984
66  2  -0.1296832888   0.3645360233  -0.2168021583  -0.1401389940   0.0052784727
66  3   0.0269655287  -0.0866406539  -0.4121701951  -0.0168894903   0.2061191659
66  4   0.2179007235   0.0386069308   0.0360020149   0.0251017490   0.0204835011
66  5  -0.2814193774  -0.2835985052  -0.3213521826  -0.0125887174   0.4758975672
66  6  -0.2269958350   0.1414095337  -0.0393877400   0.4848829919  -0.4183520488
66  7   0.0106778797   0.0165423653   0.2407365625   0.0415602362   0.0383780224
66  8   0.0305819535   0.0113829391  -0.0060004597   0.0986544767  -0.0306515132
66  9  -0.0137674832   0.0766390324   0.1035018986  -0.0009990756   0.1095556480
66 10   0.0210746415  -0.0511611550   0.0577717147   0.0592933204   0.0136584098
66 11   0.0987441200   0.0011120721   0.0914191070   0.0664385596  -0.0173327741
66 12  -0.0614047587  -0.0346056596  -0.0473428671  -0.0619780202  -0.0549476898
66 13  -0.0104378077   0.0000760012  -0.0123912832   0.0004295761  -0.0000124499
66 14  -0.0005670009   0.0100433179   0.0005593040   0.0012070859   0.0098464263
66 15  -0.0009699442  -0.0039228969
67  1   0.0679580517   0.0800906061   0.0701545488  -0.1162415131  -0.2192009800
67  2  -0.1656607405   0.0090502468  -0.0086277189   0.1201777315  -0.0061333334
67  3   0.0135095146   0.0047128696  -0.0001228115  -0.0002921303   0.0039668150
67  4   0.0180795264   0.0341115743   0.0357909501   0.0016200573   0.1488301977
67  5  -0.0023931487  -0.0013885630  -0.0172594992  -0.0010724530   0.0001554142
67  6  -0.0057918372   0.0016769379  -0.0036698729  -0.0004461120   0.0085039712
67  7   0.0000962071  -0.0004164818   0.0007388198  -0.0001496637   0.0113836319
67  8  -0.0298798328  -0.0330416248  -0.0026346569   0.0367856811   0.0397204862
67  9   0.0101476233   0.0654813723  -0.0339252642   0.0004510564   0.0074712102
67 10  -0.0063122435   0.0389224638  -0.0454629405   0.2932618565   0.0807533708
67 11  -0.0578227527  -0.0006788956   0.0309697291  -0.0948002875   0.0065973633
67 12   0.1066444311  -0.0242752868  -0.1179808709   0.1019331102  -0.2821675185
67 13   0.0050608245  -0.0000803078   0.0030110822  -0.0003693014   0.0004692946
67 14  -0.0049743324  -0.0039303986  -0.0006381393   0.0008721328   0.0061831876
67 15  -0.0003906781  -0.0013825602
68  1  -0.0612440799  -0.1769795288   0.0373266209  -0.0827447584   0.0031260689
68  2  -0.0058381335  -0.0085308694  -0.0645316243   0.0758275107   0.1402343151
68  3   0.0130974413  -0.0266623507  -0.0006935147   0.0000230595   0.0113878693
68  4   0.0556077264  -0.2136359535  -0.1970690018  -0.1860983252   0.0163271958
68  5  -0.0052416664  -0.0069735006  -0.0513376254  -0.0036342690   0.0004624513
68  6  -0.0170042195   0.0046689256  -0.0110904172  -0.0018609030   0.0234862196
68  7   0.0004643818   0.0018816559  -0.0112221318   0.0012609638  -0.0909352805
68  8   0.2522544053   0.2803485668   0.0193481688  -0.0765897747   0.0757469974
68  9   0.0273697463  -0.0204602687  -0.0034110764  -0.0000480239   0.0041200908
68 10   0.0003016622   0.0034765985  -0.0039302896   0.0278620368   0.0072985093
68 11  -0.0053096294  -0.0000817474   0.0890919980   0.0112934479  -0.0114289598
68 12  -0.0034097764  -0.0526359639  -0.0569036973  -0.1186656773  -0.0405921953
68 13  -0.0419827023   0.0007159523  -0.0095177813   0.0027214996  -0.0042632978
68 14   0.0469043281   0.0063412408   0.0027913743  -0.0071524340  -0.0521639704
68 15   0.0033598797   0.0118929427
69  1   0.1477550466   0.0086427073  -0.0125042854  -0.0121125496  -0.0063455505
69  2   0.0286922572   0.3346403154   0.0968836803  -0.0911458332   0.0363522312
69  3  -0.0030021966  -0.1243024819   0.0022704603   0.0002199496  -0.0462884367
69  4  -0.2300022031  -0.0488537068  -0.0441532514  -0.0445400025   0.0155799756
69  5   0.0268796451   0.0210123233   0.2143660269   0.0142450475  -0.0007751752
69  6   0.0720081311  -0.0223115818   0.0453371205   0.0059428040  -0.1033995033
69  7  -0.0012970315   0.0024091437   0.0053832497   0.0012753468  -0.0203740566
69  8   0.0576342570   0.0632253233   0.0043868044  -0.0152264182   0.0212708873
69  9   0.0071830609   0.0003886558  -0.0036063356   0.0000377097   0.0016686051
69 10  -0.0004324707   0.0039849237  -0.0045959841   0.0302373004   0.0082593890
69 11  -0.0059028209  -0.0000748839   0.0236042981  -0.0049495688  -0.0021844899
69 12   0.0077855575  -0.0144961498  -0.0230313338  -0.0200719791  -0.0323426700
69 13  -0.0095613686   0.0001652349  -0.0020195241   0.0006187464  -0.0009753780
69 14   0.0107374844   0.0011876860   0.0006102764  -0.0016280413  -0.0118907727
69 15   0.0007658858   0.0027156024
70  1   0.1266712084   0.0747356980   0.0945783623  -0.0980168526  -0.2823013195
70  2  -0.2013421311   0.0150984600  -0.0028074667   0.2358997967  -0.0188558670
70  3   0.0752907347   0.0091104477  -0.0002444388  -0.0003743149   0.0081438930
70  4   0.0388761792   0.0133993635   0.0055936944   0.0537059949  -0.2297939242
70  5   0.0225939201   0.0234994943  -0.0246368602  -0.0031078030  -0.0002272502
70  6   0.0385043517  -0.0129827817   0.0236205310   0.0024601837  -0.0502335035
70  7  -0.0005178213   0.0011955230   0.0139430416   0.0022327443   0.0187991607
70  8  -0.0301666112  -0.0289087809  -0.0046342614   0.1858875803   0.3005590152
70  9   0.0815840652   0.4011660027  -0.4346583432   0.0050832541   0.0714824469
70 10  -0.0561833727   0.3474959243  -0.4041158054  -0.2763785314  -0.0829161075
70 11   0.4005062599   0.0045061731  -0.1623091300   0.3381708096  -0.0184682596
70 12  -0.3767718764   0.0454177545   0.1637444484  -0.0942078159   0.3627428233
70 13  -0.0609815325   0.0010257836  -0.0161695871   0.0038924161  -0.0058938070
70 14   0.0644673474   0.0135909828   0.0041810213  -0.0096085416  -0.0696258205
70 15   0.0043722578   0.0153734808
71  1  -0.0803680636  -0.1756574511   0.0458285151  -0.0833032091  -0.0059386200
71  2  -0.0036109561  -0.0230993083  -0.0828294400   0.1061754127   0.1363539091
71  3   0.0216906894   0.0076955416  -0.0012867629   0.0000312892   0.0237081837
71  4   0.1174938806  -0.2152104412  -0.1995655799  -0.1800850208  -0.0202393828
71  5   0.0666269124   0.0689870443  -0.0715194064  -0.0083697973  -0.0009838471
71  6   0.1130461094  -0.0352570496   0.0701567439   0.0065657877  -0.1522372323
71  7  -0.0022445788   0.0053117888   0.0222363038   0.0065418476  -0.0951595672
71  8   0.2773313138   0.2782666898   0.0186564334  -0.0680928483   0.1062764899
71  9   0.0361789632   0.0102375165  -0.0423837077   0.0004084708   0.0103810379
71 10  -0.0044981107   0.0335168624  -0.0388467514  -0.0275575956  -0.0087132719
71 11   0.0393030507   0.0004189009   0.0891582579   0.0578680317  -0.0164826598
71 12  -0.0534443270  -0.0510526552  -0.0342159624  -0.1510769080   0.0208231029
71 13   0.5048386177  -0.0085168031   0.1138007489  -0.0316636054   0.0492860855
71 14  -0.5419223363  -0.0743237852  -0.0314796222   0.0794500254   0.5780324499
71 15  -0.0363929607  -0.1280374891
72  1   0.2628222123   0.0000000000  -0.0368815174   0.0000000000   0.0000000000
72  2   0.0000000000   0.4018035842   0.1802837774  -0.1630185082   0.0465542158
72  3  -0.0080331095  -0.2728137374   0.0048344374   0.0000953773  -0.0981302431
72  4  -0.4907050103  -0.0479134032  -0.0446330502  -0.0391346794  -0.0246716042
72  5  -0.2752206481  -0.2995314090   0.2990728657   0.0339402466   0.0054088501
72  6  -0.4754113136   0.1450714644  -0.2968327274  -0.0296060441   0.6370843133
72  7   0.0103389906  -0.0113389003  -0.1353024079  -0.0195935868  -0.0423676372
72  8   0.0491293514   0.0591187580   0.0058785976  -0.0002260229   0.0494071236
72  9   0.0146981541   0.0350608528  -0.0449835884   0.0004731877   0.0077419642
72 10  -0.0057611045   0.0356899610  -0.0414394704  -0.0288566266  -0.0085419841
72 11   0.0414524972   0.0004660849   0.0082353137   0.0410732552  -0.0053842561
72 12  -0.0430083862  -0.0084805789   0.0051572658  -0.0432768484   0.0340516399
72 13   0.1149542030  -0.0019350531   0.0257206892  -0.0072041846   0.0112364561
72 14  -0.1235528017  -0.0165696274  -0.0071413953   0.0181097598   0.1316457174
72 15  -0.0083043098  -0.0292010025
$end
