$dipgrad          cartesian dipole gradients
  0.21932044887576D-01  0.10869816667048D-01  -.66695501348888D-01
  0.55653809030506D-02  0.13998828744123D+00  0.48681400765592D-02
  -.69672264728301D-01  0.19585813837260D-01  -.60809020171028D-01
  -.25376750595846D-01  -.27384061716023D-01  0.70522374182532D-01
  -.79299940056291D-02  -.14906365891240D+00  -.75091799475596D-02
  0.75341427191291D-01  -.47730479711847D-01  0.70370724599619D-01
  -.20727596333366D-01  0.16750010444264D-01  -.72971225472579D-01
  -.41785459759888D-02  -.15178152553489D+00  -.66857750255008D-03
  -.81119949268874D-01  -.39369798638099D-01  0.67404220055865D-01
  0.19055347615741D-01  0.52913819958855D-03  0.68209802479547D-01
  0.59341095946274D-02  0.14068067251219D+00  -.18729402021941D-02
  0.72510348097240D-01  0.12467046104533D-01  -.58381883781171D-01
  0.11217768290720D+00  0.22770792808116D-01  0.35690836061651D-02
  -.24528480078746D-01  -.15210943206140D+00  -.61999818230706D-02
  0.59843576846047D-05  -.57458682520694D-02  -.63574404949090D-01
  -.99251232758668D-01  0.79936629761382D-02  -.14954407128222D-02
  0.21515515012183D-01  0.13806525526218D+00  0.55016520699081D-02
  -.40097546667103D-03  0.54992890353665D-02  0.60914844585087D-01
  -.24639525169250D-01  0.61721374537952D-02  0.71830381888414D-01
  -.14758475332138D-01  -.15247634587994D+00  -.30521163939555D-01
  0.77388624531834D-01  0.91808216150511D-02  0.72137925160902D-01
  0.22378452987385D-01  0.98665373454761D-02  -.65397807887583D-01
  0.15294118093803D-01  0.13826832709946D+00  0.29633064259000D-01
  -.69091772234088D-01  0.15264163297142D-01  -.59246243195012D-01
  -.21736587333076D-01  -.17609817088683D-01  -.76218316877774D-01
  0.30101327335989D-02  -.15320144193083D+00  -.23072048362662D-01
  -.78022150965430D-01  0.16392915507172D-01  0.69526284341434D-01
  0.18613744113840D-01  0.14276541403907D-02  0.69487645993338D-01
  -.46707978133323D-02  0.13979585537210D+00  0.23016728717688D-01
  0.71561761001431D-01  0.85053164100516D-02  -.56932339934933D-01
  0.11039810308538D+00  -.47144993597882D-01  -.12329401075488D-02
  -.69020315127738D-03  -.15011622923863D+00  -.61989996949519D-02
  0.17014427934169D-02  -.64756951869481D-02  -.62756365161299D-01
  -.10010715037977D+00  0.15046420773761D-01  -.98490254504683D-03
  0.13573527429359D-02  0.13868122524708D+00  0.54623339758520D-02
  -.18069822598133D-02  0.55426592792919D-02  0.61012038142431D-01
  0.12868822450458D+00  -.10686011708542D-02  0.50675090046168D-02
  -.15434991183852D-02  0.16843018020930D-01  -.70894805932968D-01
  0.46622896291613D-02  -.79857162864786D-01  -.86284147832763D-01
  -.12903896223333D+00  0.54826785815896D-03  -.57093285657635D-02
  0.98593603326164D-03  -.21109210997578D-01  0.71603059397129D-01
  -.54973788339057D-02  0.70128250719751D-01  0.97369990978445D-01
  -.10958610990344D+00  0.41772465354507D-02  -.73486745439788D-02
  0.38953413526824D-02  -.34814898388201D-01  -.61836726939972D-01
  -.74904740441265D-02  -.75193373412196D-01  0.31647236436156D-01
  0.11430123975584D+00  -.61853929917663D-02  0.91296059409630D-02
  -.63529896667063D-02  0.16476207047306D-01  0.93659341457349D-01
  0.89711558551128D-02  0.93206718144347D-01  -.47281311005822D-01
  -.94748408232705D-01  0.63724771179017D-02  -.16081049527703D-02
  0.87948846845335D-02  0.11848874194078D+00  0.10831727974659D-01
  -.15181178681160D-02  0.95002983071728D-02  -.38169611021893D-01
  0.72003180100331D-01  0.73384971956308D-03  0.23665656493043D-02
  0.29507910034814D-03  0.31945461286363D-01  0.20667811807014D-02
  0.23758646938690D-02  0.24826616803736D-02  0.98503321026124D-02
  -.10982727760269D+00  -.13147064313548D-02  -.34793110521150D-02
  -.56268602996861D-03  -.50854977960827D-01  0.51026454290227D-01
  -.31819191580554D-02  0.65910319733128D-01  0.46647172104489D-01
  0.11448505993435D+00  0.68999801590909D-03  0.33408896458594D-02
  0.58827698418232D-03  0.38637245545012D-01  -.83255725903159D-01
  0.34234426158514D-02  -.83264631152638D-01  -.69543182414262D-01
  -.12868642795062D+00  0.64945761108303D-02  -.97373033153847D-02
  0.71312339495293D-02  -.15389793882426D-02  -.83638259826977D-01
  -.98939945991785D-02  -.82791317794336D-01  0.78136488020682D-01
  0.12826352392880D+00  -.76360730281926D-02  0.95071523047506D-02
  -.74808143028737D-02  -.30600676276382D-02  0.80740698129573D-01
  0.98842553236460D-02  0.89829149288346D-01  -.65895284766845D-01
  -.12984732521141D+00  0.63811848838011D-02  -.20759215350989D-02
  0.68808406109708D-02  0.90279736093369D-01  0.95135540632121D-02
  -.20524326874279D-02  0.92528293288416D-02  -.60302412592425D-01
  0.13127674987913D+00  -.84801250253655D-02  0.19237682219030D-02
  -.85517163207361D-02  -.12802326495256D+00  -.12255125516295D-01
  0.19218160234568D-02  -.12319925274762D-01  0.64158950294558D-01
$end
