$energy      SCF               SCFKIN            SCFPOT
     1 -464.7283262724      462.3499012773     -927.0782275498
     2 -464.7292169852      462.4878794359     -927.2170964210
     3 -464.7231864289      462.6020828093     -927.3252692383
     4 -464.7254525210      462.5748756988     -927.3003282198
     5 -464.7286454474      462.5277060107     -927.2563514581
     6 -464.7273814696      462.4841005916     -927.2114820612
     7 -464.7281775024      462.4912544690     -927.2194319714
     8 -464.7289382471      462.5053182639     -927.2342565109
     9 -464.7291951361      462.5002271245     -927.2294222606
    10 -464.7292951376      462.5148322273     -927.2441273649
    11 -464.7290398832      462.5201258706     -927.2491657537
    12 -464.7291947253      462.5144047233     -927.2435994487
    13 -464.7293686419      462.5096099393     -927.2389785812
    14 -464.7291610092      462.5041806619     -927.2333416711
    15 -464.7292563474      462.5049411091     -927.2341974565
    16 -464.7293870459      462.5061017787     -927.2354888246
    17 -464.7294284156      462.5109291093     -927.2403575249
    18 -464.7294598909      462.5183722122     -927.2478321031
    19 -464.7295252021      462.5239733613     -927.2534985634
    20 -464.7295979088      462.5282387938     -927.2578367026
    21 -464.7295167858      462.5184169990     -927.2479337848
    22 -464.7296413064      462.5132102564     -927.2428515628
    23 -464.7296550085      462.5184882752     -927.2481432837
    24 -464.7295349695      462.5116387358     -927.2411737053
    25 -464.7296610307      462.5105751898     -927.2402362205
    26 -464.7296606762      462.5136441880     -927.2433048642
    27 -464.7296606075      462.5141678003     -927.2438284078
    28 -464.7296606753      462.5139431707     -927.2436038459
    29 -464.7296606640      462.5139255237     -927.2435861877
    30 -464.7296602365      462.5140456977     -927.2437059342
    31 -464.7296606187      462.5139478720     -927.2436084907
    32 -464.7296604731      462.5139909713     -927.2436514444
    33 -464.7296604704      462.5139199306     -927.2435804010
    34 -464.7296604433      462.5139032740     -927.2435637173
    35 -464.7296604301      462.5139346440     -927.2435950740
    36 -464.7294542408      462.5109942914     -927.2404485323
    37 -464.7294551462      462.5031868994     -927.2326420457
    38 -464.7294551840      462.5019341048     -927.2313892888
    39 -464.7294552185      462.5020343068     -927.2314895252
    40 -464.7294552195      462.5021458297     -927.2316010492
$end
