$hessapprox internal
  0.410146353243D+00 -0.367429505638D-02  0.365258250288D+00 -0.101402005742D-02
 -0.526170078227D-02  0.128453756222D+00 -0.159285866268D-01 -0.432931311656D-02
 -0.131626120015D-02  0.408538963977D+00  0.112826331129D-02  0.183308927527D-02
  0.213142228921D-02  0.150344838701D-02  0.366959471783D+00 -0.218255106169D-02
 -0.257129430429D-02 -0.214449286457D-01 -0.287341886001D-02  0.493859295046D-03
  0.119978295744D+00 -0.121943299207D-01 -0.185339668046D-03  0.187577609207D-02
 -0.121589003269D-01 -0.612520341335D-04 -0.198743665892D-03  0.412015489011D+00
 -0.113726261455D-02 -0.119437685445D-02 -0.187615510518D-02 -0.115533715076D-02
 -0.217693114281D-03 -0.197821357610D-02  0.315016242607D-03  0.367114316465D+00
 -0.986754567068D-03  0.188570094945D-02 -0.233614060453D-01 -0.105271574101D-02
 -0.137487059644D-02 -0.287033897631D-02 -0.350153504675D-03 -0.142555192920D-03
  0.149091957953D+00 -0.777403567603D-02  0.312007755802D-02  0.324604762245D-02
 -0.671644567820D-02 -0.665021763775D-03  0.728032144952D-03 -0.124322538264D-01
  0.195731898625D-02  0.473315163595D-03  0.408074498846D+00 -0.118223378228D-02
  0.702328661184D-04 -0.949342749005D-03 -0.914870142604D-03 -0.197461286643D-02
 -0.317796651995D-02  0.331104582649D-03 -0.263472844890D-02 -0.246164401569D-02
  0.316592888824D-02  0.361878272497D+00  0.316791591464D-02  0.283301111126D-02
 -0.141623784926D-01  0.392346555359D-02 -0.926748175938D-03  0.542910683376D-03
  0.862774819754D-03  0.176686817590D-02  0.102506629617D-01 -0.361416759126D-02
  0.127594451515D-02  0.128568909930D+00 -0.737062242362D-02  0.353797268157D-02
  0.361086621133D-02 -0.633506043547D-02 -0.845387650082D-03  0.194022228439D-02
 -0.125897919657D-01  0.187038424473D-02  0.965259340593D-03 -0.179025968392D-01
  0.291622077997D-02 -0.423453295437D-02  0.406896143925D+00 -0.193376647834D-02
 -0.142548522397D-02 -0.281979528166D-02 -0.242106034139D-02  0.143808823716D-02
 -0.360869519527D-03 -0.343213310402D-03  0.166947842023D-03  0.196132833146D-02
  0.951203264021D-03  0.196101210364D-02  0.105317576111D-02  0.132892744112D-02
  0.367323086264D+00  0.361632641591D-02  0.314531881358D-03 -0.106637300695D-02
  0.429397863778D-02  0.210485693742D-03 -0.333067641481D-02  0.304790583639D-02
  0.122163250941D-02 -0.119729709821D-01  0.518392027305D-03  0.281970805426D-02
 -0.186011177577D-01 -0.812581297752D-03 -0.730546768677D-03  0.121593741541D+00
 -0.120157521879D-01  0.842177159018D-03  0.282403588411D-02 -0.115853306574D-01
 -0.549173546375D-03  0.208866936302D-03 -0.137177062003D-01  0.214560320313D-03
 -0.149528163816D-03 -0.131235340137D-01 -0.132629423732D-03  0.652953462890D-03
 -0.135870983950D-01  0.534485277910D-03  0.333682520471D-02  0.411265350683D+00
 -0.174261720000D-02 -0.767971227496D-03 -0.113309015388D-02 -0.162709019693D-02
 -0.951957770849D-03 -0.269742200442D-02  0.471714850358D-05 -0.208684452439D-02
 -0.172558747438D-02  0.246957613229D-02 -0.455716451959D-02  0.762418579262D-03
  0.228372513357D-02  0.955282374351D-03  0.206780091199D-02 -0.276451174798D-03
  0.365148660440D+00 -0.216958508521D-02 -0.312579566529D-02  0.496271264266D-02
 -0.310262298345D-02  0.146385702787D-02 -0.128950396943D-01  0.120650689436D-04
 -0.900548499000D-03 -0.263632094998D-01  0.298895765986D-03  0.792664740604D-03
 -0.236942210724D-01  0.794160382332D-03 -0.203368485561D-02 -0.515531637463D-02
 -0.390124085839D-03  0.454951010317D-03  0.144604161300D+00 -0.145184000066D-01
 -0.226266628439D-02 -0.535407247926D-03 -0.150112767353D-01  0.305468953536D-03
 -0.217149114549D-02 -0.116332407205D-01 -0.201742476068D-02 -0.186135523046D-02
 -0.771838554033D-02 -0.293265422261D-02  0.118291557537D-02 -0.736700621114D-02
 -0.236148225676D-03  0.228118803960D-02 -0.116741594696D-01 -0.308715957912D-02
 -0.184623187272D-02  0.411448426783D+00 -0.326298587944D-02 -0.276237243059D-02
 -0.325922078014D-02 -0.382495954692D-02  0.195976437063D-02 -0.899652924408D-03
 -0.598729932692D-03 -0.490374849575D-03  0.120092193731D-02  0.106028285516D-02
  0.140424880790D-02  0.159905694776D-02  0.142537542340D-02 -0.161822585094D-02
 -0.484388133247D-03  0.599793560100D-04  0.188934007315D-03 -0.257924218846D-02
 -0.223468670552D-02  0.365671580560D+00 -0.425535552425D-02  0.302779767384D-04
 -0.928972509189D-02 -0.458416186764D-02  0.204588977960D-03 -0.763996836478D-02
  0.411270739927D-03 -0.498395443134D-03  0.347339418020D-03  0.511675086652D-02
 -0.963726218616D-03  0.123048544733D-02  0.538211471947D-02  0.759518460389D-03
  0.483869522644D-02  0.241439203712D-02 -0.112135453630D-02 -0.525873876876D-03
 -0.146039909245D-02 -0.321173868870D-03  0.926080633416D-01 -0.172214398916D-01
 -0.366201355368D-02 -0.189613388897D-03 -0.181146764771D-01  0.100371854998D-02
 -0.129276722283D-02 -0.133082954565D-01 -0.221935937372D-02 -0.983970400605D-03
 -0.575475915395D-02 -0.292318475095D-02  0.377490818858D-02 -0.543753864969D-02
 -0.108953162460D-02  0.384503522920D-02 -0.129892941254D-01 -0.328606480997D-02
 -0.225520381000D-02 -0.155027218521D-01 -0.300291614946D-02 -0.250891798139D-02
  0.404521977324D+00  0.517175467033D-02  0.376488871839D-02  0.278585330882D-02
  0.618246114476D-02 -0.408304482458D-02 -0.186156216788D-02  0.245053425447D-02
 -0.115865265503D-02 -0.392775081101D-02  0.807290762071D-03 -0.660059707232D-02
 -0.207459238820D-02  0.177331458785D-03  0.358196387594D-02  0.138622786589D-02
  0.915382274530D-03 -0.353999128106D-02  0.370505287556D-02  0.205540523412D-02
  0.482042037171D-02 -0.336489044924D-03  0.421570012819D-02  0.357201957942D+00
 -0.210087995493D-02  0.102062552666D-02 -0.481058304617D-02 -0.277064101207D-02
 -0.177378701983D-02 -0.223844060133D-02 -0.366096302722D-03 -0.739330079704D-03
 -0.294464480419D-02 -0.677176383222D-03 -0.307902447695D-02 -0.108978938392D-02
  0.193659722955D-03  0.124940719313D-02 -0.473092612159D-02 -0.132351368682D-02
 -0.161739199764D-02 -0.408204247306D-02 -0.345268411617D-02  0.199385784663D-02
 -0.215692336322D-01 -0.213455001229D-02 -0.382087901219D-02  0.100070944423D+00
 -0.783330958134D-02  0.200188692150D-02  0.111676067853D-02 -0.726577331469D-02
  0.643082531040D-03  0.680141145946D-03 -0.114174015387D-01  0.288208388291D-02
  0.120897288990D-02 -0.164296508589D-01  0.596175748013D-02 -0.407078905133D-02
 -0.165193080622D-01 -0.692695009050D-03 -0.138243240811D-02 -0.113288394792D-01
  0.445895657615D-02 -0.159449820113D-02 -0.671202342646D-02 -0.182886074958D-03
  0.350950302546D-02 -0.433901987401D-02  0.433267882039D-02  0.627213642789D-03
  0.407553014423D+00 -0.138748269664D-02 -0.604250582863D-03 -0.286224002163D-02
 -0.134450941191D-02 -0.204928392462D-02 -0.483414570196D-02  0.222498794711D-02
 -0.404027209894D-02 -0.283009561376D-02  0.761284006721D-02 -0.887410858642D-02
  0.128258032759D-02  0.757080911897D-02  0.243858671755D-02  0.207555907868D-02
  0.197580949480D-02 -0.637511459117D-02  0.122688003368D-04 -0.301022992332D-02
  0.115394645680D-02 -0.846531761685D-03 -0.371191093504D-02 -0.815977969685D-02
 -0.437736767600D-02  0.111492873821D-01  0.356389281138D+00 -0.114046990813D-02
 -0.154358532688D-02  0.474614411495D-02 -0.103830877486D-02  0.918419172114D-03
  0.387225401258D-02 -0.150875768516D-02 -0.853382271324D-03  0.313549160572D-02
  0.437707793148D-03  0.808407632919D-03  0.311646529920D-02  0.319024790825D-03
 -0.456409067856D-03  0.225967721382D-02 -0.180207560718D-02  0.246696899601D-03
  0.287722155681D-02 -0.449526122209D-03 -0.983070622529D-03  0.675355859113D-03
 -0.315735204775D-02  0.142121758636D-02  0.300148701066D-02  0.133594854327D-02
  0.736589270231D-03  0.895245715427D-01 -0.906132083780D-02  0.276680628163D-02
  0.326964957165D-02 -0.823712158407D-02 -0.546814938207D-03  0.123544723100D-02
 -0.133849717172D-01  0.223658672700D-02  0.105064651431D-02 -0.165357869269D-01
  0.334658070432D-02 -0.274544051286D-02 -0.171023937552D-01  0.420340670288D-03
  0.867901016522D-03 -0.137700176828D-01  0.279845270436D-02  0.660053372911D-04
 -0.849363499323D-02  0.114175194451D-02  0.401326605110D-02 -0.805541275076D-02
  0.148806125940D-02  0.129775279837D-02 -0.156772525786D-01  0.766482513296D-02
 -0.105114518872D-02  0.408862696375D+00  0.432012432534D-03  0.653970512514D-03
  0.380878887252D-03  0.319494451293D-03  0.414948022164D-03  0.938327917779D-03
 -0.704252654579D-03  0.155891205294D-02  0.560150502425D-03 -0.260486566408D-02
  0.299480732612D-02 -0.708238832659D-03 -0.241174480493D-02 -0.683429352884D-03
 -0.719664807337D-03 -0.377095875372D-03  0.233897653725D-02 -0.948683856183D-04
  0.132799311042D-02  0.359394211000D-04  0.910473627600D-03  0.193406347627D-02
  0.205174614229D-02  0.134013215779D-02 -0.440210485942D-02  0.438295181235D-02
 -0.284394356292D-04 -0.277608292624D-02  0.366642870701D+00  0.365537043351D-02
 -0.530167745036D-03  0.592703595625D-02  0.414204313931D-02  0.198301787605D-02
  0.412009679786D-02  0.188539000532D-03  0.106349874489D-02  0.653832734252D-03
 -0.329656153950D-02  0.376974557426D-02 -0.252590444876D-02 -0.360187817197D-02
 -0.119892887915D-02 -0.109186079930D-02  0.569426657203D-04  0.194250984617D-02
  0.277704939430D-02  0.446458145149D-02 -0.181969508121D-02 -0.351975026208D-02
  0.458506594298D-02  0.414301410111D-02 -0.847226967633D-02 -0.453847588352D-02
  0.525085447319D-02 -0.185038515036D-01 -0.394387860702D-02 -0.188839961310D-02
  0.921880911359D-01 -0.114951381656D-01  0.756286158229D-03  0.218205134210D-02
 -0.111815471204D-01 -0.469798749568D-03 -0.105903131458D-03 -0.128364506541D-01
  0.110738114999D-03 -0.412652982367D-03 -0.126064409308D-01 -0.160212586372D-03
 -0.799850554822D-03 -0.128709425512D-01  0.492875898040D-03  0.193041849876D-02
 -0.132410203268D-01 -0.320710738389D-03 -0.286408757517D-03 -0.110748231033D-01
 -0.604828891046D-04  0.168257288384D-02 -0.118629465390D-01  0.928663808138D-03
 -0.914653734401D-03 -0.111149726974D-01  0.197924069696D-02 -0.118533427877D-02
 -0.130117219986D-01 -0.476339568148D-03  0.186529664807D-03  0.412921361424D+00
 -0.110864203872D-02  0.148652051809D-03  0.144114501186D-02 -0.708408761196D-03
 -0.156971598974D-02 -0.629682892376D-03  0.143913593608D-04 -0.221373787149D-02
 -0.145947443277D-02  0.209871094773D-02 -0.537833707776D-02 -0.232398917053D-03
  0.171482696396D-02  0.168550874855D-02  0.700898468095D-03 -0.872921295776D-03
 -0.385154132527D-02  0.137845798993D-02 -0.323642128712D-02  0.938478389750D-03
 -0.139553531185D-02 -0.328510412145D-02 -0.496264729944D-02 -0.279656834737D-02
  0.540461272126D-02 -0.735588044617D-02  0.797239809891D-03  0.268562013274D-02
  0.275431418075D-02  0.349567490021D-02 -0.765808429391D-03  0.363461376004D+00
 -0.192063114861D-02  0.306608210395D-03 -0.184729394881D-02 -0.157104126312D-02
  0.595329391353D-03 -0.169702409753D-02 -0.730220838735D-03  0.315422134761D-03
  0.195058573581D-03  0.491418871094D-03  0.670113276195D-03 -0.270597956537D-02
  0.325827198320D-03  0.122007099886D-03  0.371076534989D-04 -0.204492278494D-03
  0.124840896380D-03  0.432810122272D-03 -0.156340446200D-02 -0.615403697787D-03
  0.258075930036D-01 -0.204358125635D-02  0.835950082746D-03 -0.384078182825D-02
  0.743829196057D-03  0.129086675857D-02 -0.136272330462D-02  0.612798668849D-03
 -0.841800146245D-04  0.207505134232D-01 -0.516680868940D-03  0.741543858899D-04
  0.794152142247D-01 -0.932011699839D-04 -0.379598241529D-03  0.613233281762D-02
 -0.143075662785D-03 -0.556541849925D-03  0.420936233690D-02 -0.195112232862D-02
 -0.479629722445D-03  0.154350347179D-02  0.477274820568D-02 -0.236186958173D-02
  0.687969406402D-02  0.375138865784D-02  0.344952795556D-03  0.636323222197D-02
 -0.246141545857D-02 -0.158397198337D-02  0.366929530551D-02  0.711935015575D-03
  0.121633580787D-02 -0.927579248612D-03 -0.809697906992D-02 -0.560413845854D-03
  0.128471993180D-02  0.864822937404D-02 -0.462365940500D-02 -0.795078345247D-02
  0.842958068713D-03  0.307922228256D-02  0.226978659198D-02 -0.678308522731D-03
 -0.300600804877D-02 -0.127527856908D-02  0.593995047910D+00 -0.952545066418D-03
  0.933286881034D-03  0.450381709715D-02 -0.858350831637D-03 -0.308061227723D-02
  0.137765563133D-04 -0.938558738947D-03 -0.282163436013D-02 -0.209035423655D-02
  0.668054198132D-02 -0.881484055844D-02  0.582413809183D-02  0.578434075312D-02
  0.297623437873D-02  0.701548807345D-02 -0.184070455061D-02 -0.597443275641D-02
  0.465532928610D-02 -0.203035496547D-02  0.286631854229D-02  0.554286895262D-03
 -0.864838697506D-02 -0.824640728183D-02 -0.510486013186D-03  0.121621335559D-01
 -0.126966094198D-01 -0.767954078598D-02  0.384881523645D-02  0.597098358300D-02
  0.394484854652D-02 -0.482754738506D-03 -0.920985756966D-02 -0.134180964888D-02
 -0.232418483340D-01  0.598180411246D+00  0.219898311688D-02  0.115842212014D-02
  0.442202571342D-02  0.252516336940D-02 -0.139931601079D-02  0.167415267883D-02
 -0.107359452953D-03 -0.749818746722D-03 -0.785402545064D-03  0.274474479684D-02
 -0.310609860276D-02  0.268102150654D-02  0.189677078142D-02  0.164802780061D-02
  0.348907074635D-02 -0.977354365726D-03 -0.205125932165D-02  0.338946028757D-02
  0.161574614020D-02  0.177871847772D-02 -0.149295600340D-03 -0.294141813636D-02
 -0.368163361997D-02  0.193638063245D-03  0.622363555673D-02 -0.465367634742D-02
 -0.434108279357D-02  0.801736576452D-03  0.297678390908D-02  0.145897166902D-02
  0.669033175548D-04 -0.405461116427D-02 -0.175171072893D-02 -0.168877819270D-01
 -0.146001812818D-01  0.611457997409D+00  0.369649644146D-02  0.249961370029D-02
  0.386531342352D-02  0.421740771691D-02 -0.455571898683D-03  0.369066845599D-02
 -0.713773025067D-03  0.172711462527D-02  0.198038478733D-02 -0.678057111336D-03
  0.217111234763D-02  0.811388625733D-03 -0.148697760991D-02  0.756022866665D-03
  0.101075587537D-02 -0.114748241226D-02  0.214018588267D-02  0.240719004985D-02
  0.485477859805D-02  0.252392684029D-02  0.234222061361D-02  0.105160870042D-02
 -0.557199986339D-03  0.415907588002D-02  0.135802642617D-02  0.323865253525D-02
 -0.379199517116D-02 -0.245689467668D-02 -0.479053135391D-03 -0.312350649358D-02
  0.479697719703D-04  0.163660939159D-02  0.126022506825D-03 -0.162843650544D-01
 -0.106904409595D-01 -0.107860991286D-01  0.609538715421D+00  0.561185072368D-02
  0.512766615929D-02  0.542399403998D-02  0.675977596766D-02 -0.191027633716D-02
  0.459813099092D-02 -0.109141176172D-02  0.281931212829D-02  0.257383218080D-02
 -0.379714718676D-02  0.234383140738D-02 -0.633600406050D-03 -0.496643502508D-02
  0.187028122291D-02  0.804455758141D-03 -0.196606750902D-02  0.304663570135D-02
  0.393612919453D-02  0.607867902528D-02  0.499567556094D-02  0.549754317283D-02
  0.413188665594D-02 -0.347045662560D-02  0.595569422274D-02 -0.112124099987D-02
  0.435282355122D-02 -0.458177966131D-02 -0.475112051315D-02 -0.144225554385D-02
 -0.568865555093D-02 -0.774640455782D-03  0.222425070016D-02  0.161434853501D-02
 -0.144790366430D-01 -0.994220287294D-02 -0.112275558068D-01 -0.130766549603D-01
  0.607770299984D+00  0.283290050574D-02  0.205951932843D-02  0.383285208750D-02
  0.322668553408D-02 -0.149142059517D-03  0.431071283956D-02 -0.976360830622D-03
  0.166111510546D-02  0.372920480258D-02  0.421583512664D-03  0.243320386996D-02
  0.311228219232D-02 -0.388068273884D-03  0.486735464451D-03  0.289904290415D-02
 -0.978786954907D-03  0.230023320789D-02  0.255553529423D-02  0.473133309348D-02
  0.220515765973D-02  0.431049175628D-02  0.775003282814D-05  0.236355849964D-03
  0.330871705110D-02  0.219486301366D-02  0.365836184500D-02 -0.500048940472D-02
 -0.188243728729D-02 -0.510663264618D-03 -0.322394738609D-02  0.308339381423D-03
  0.197885281138D-02  0.136097501946D-02 -0.183839696697D-01 -0.116185976757D-01
 -0.113674712062D-01 -0.134072836147D-01 -0.133269001484D-01  0.607658909714D+00
 -0.921281379599D-03  0.265883837955D-02 -0.781184595603D-03 -0.248636476913D-03
 -0.379471466681D-02 -0.467892609576D-02 -0.257051503030D-03 -0.218222466369D-02
 -0.476883815958D-02 -0.134549505943D-02 -0.773297827167D-02 -0.374276830588D-02
 -0.139027284235D-02  0.339857855699D-02 -0.324702089779D-03 -0.127795357188D-02
 -0.477393874845D-02  0.141928267161D-02 -0.411944745923D-02  0.332259070564D-02
  0.521689540536D-03  0.318494144763D-03 -0.106763988452D-01 -0.266781481753D-02
  0.119000350981D-02 -0.908729604049D-02  0.274963546842D-02  0.673206944662D-03
  0.220455364190D-02  0.201847567728D-02 -0.185084402768D-02 -0.616231493583D-02
  0.620090106772D-03  0.928355884408D-02 -0.111837039133D-02  0.289280705779D-02
  0.817887977800D-02  0.622388087633D-02  0.976868729889D-02  0.419106279267D+00
 -0.384363239264D-02 -0.330608605168D-02 -0.243034400371D-02 -0.446236030179D-02
  0.153666186568D-02 -0.153471814110D-03 -0.279814444033D-03 -0.172902562748D-02
  0.529905438556D-03  0.344031751813D-02 -0.125827639634D-02  0.203497622415D-02
  0.376797019141D-02 -0.115992923457D-02 -0.651486775710D-03 -0.151622624062D-03
 -0.188791360239D-02 -0.216384036661D-02 -0.305210160262D-02 -0.231790199237D-02
 -0.266929430952D-02 -0.502894279368D-02  0.337393694696D-02  0.709930825132D-03
  0.393188110631D-02 -0.315671455288D-02 -0.451416784874D-03  0.306715528207D-02
  0.133380045163D-02  0.217096942815D-02  0.129000458201D-03 -0.108031554282D-02
 -0.862449415250D-03 -0.370235122448D-02 -0.582671463976D-02 -0.296955562161D-02
  0.232598966629D-02  0.622878462534D-02  0.154519244626D-02  0.172825449328D-02
  0.433596752689D+00 -0.188849194854D-02  0.132656428134D-02 -0.848386865678D-03
 -0.163515589190D-02 -0.181960395857D-02 -0.259625452964D-02 -0.117563198866D-02
 -0.958242066771D-03 -0.244654473174D-02 -0.202475146659D-02 -0.353905858874D-02
 -0.213983368949D-02 -0.190374158235D-02  0.158223537310D-02 -0.350566270935D-03
 -0.155418452973D-02 -0.218198459191D-02  0.445871619807D-03 -0.328475610193D-02
  0.147886269560D-02  0.935511859119D-03 -0.523187860357D-03 -0.483807576424D-02
 -0.286474758768D-03 -0.121467761536D-02 -0.389365568550D-02  0.111691911734D-02
 -0.742200571831D-03  0.791438192306D-03 -0.166559294054D-03 -0.191133420364D-02
 -0.283341814269D-02  0.267554393377D-03  0.695351879634D-02  0.184843638235D-02
  0.308314329800D-02  0.566459203840D-02  0.484762130305D-02  0.656285371780D-02
 -0.817271399370D-02  0.102974860844D-02  0.430144459304D+00  0.298738666345D-02
  0.162009422013D-02  0.278753576747D-02  0.299128364666D-02 -0.284894375496D-03
  0.383454017728D-02  0.366824378675D-03  0.382473361098D-03 -0.274664524411D-02
 -0.460061205737D-02  0.375605594496D-03 -0.555987659983D-02 -0.413316191987D-02
  0.521362086925D-03 -0.856402634944D-02 -0.102268077964D-02  0.419315678944D-03
 -0.172769037915D-02  0.199761275281D-02  0.103340210859D-02 -0.324859495184D-01
  0.463687926432D-02 -0.923246378949D-03  0.285722838644D-01 -0.350782214662D-02
  0.111511890600D-02 -0.264246858742D-01 -0.252132906812D-02 -0.779838789061D-03
  0.284532678930D-01 -0.362087007798D-03  0.525638014340D-03 -0.326020603291D-02
  0.490348325283D-02  0.317538218138D-02  0.141459752314D-02  0.158108532485D-02
  0.221266838503D-03  0.110880793123D-02 -0.217239329717D-02  0.438516422143D-02
 -0.126102196013D-02  0.746319097141D-01 -0.553644572589D-02  0.295076357786D-02
  0.214862481529D-02 -0.511494833569D-02 -0.102550070764D-02  0.328992038167D-02
 -0.159618504013D-02  0.293605356991D-03  0.196619579985D-02  0.260623808859D-02
 -0.806436612893D-03 -0.699298615126D-02  0.281621842234D-02  0.108563740795D-02
 -0.606012833442D-02 -0.122885697850D-02  0.801019171057D-03  0.968046850281D-04
 -0.665413279103D-02  0.130734164440D-02  0.186987740848D-01 -0.720643897514D-02
 -0.325591258641D-02  0.218092190710D-01  0.659305255885D-02  0.767446159270D-03
  0.202045422186D-01  0.511144825301D-02  0.109415173000D-04  0.599127522940D-02
 -0.105568683891D-02 -0.151491306645D-02  0.349305381441D-01 -0.609483420001D-02
 -0.922429273704D-02 -0.608590709493D-02  0.260516229630D-02  0.584731023265D-02
  0.453622786698D-02 -0.132906028714D-02 -0.257318698966D-02 -0.251965538900D-03
 -0.153789854888D-02  0.111275729088D+00 -0.261525360154D-02  0.162999655164D-02
  0.411687731754D-02 -0.277490225497D-02 -0.211113791689D-02  0.486663987053D-02
 -0.115927267531D-02 -0.851459068244D-03  0.127636048379D-02  0.297127455579D-03
 -0.282696401676D-02 -0.175596268530D-02  0.701276825449D-03  0.110753495184D-02
 -0.566591938097D-02 -0.222423454807D-02 -0.534698664583D-03 -0.741520546449D-03
 -0.478130625098D-02  0.231661404792D-02 -0.341353155838D-01 -0.454483898071D-02
 -0.479601904606D-02  0.436520925707D-01  0.398452515924D-02 -0.329993188545D-02
  0.336455871161D-01  0.241226937109D-02  0.850428589624D-03 -0.386155727588D-01
 -0.149455629899D-02 -0.247531903280D-02 -0.288952834278D-01 -0.416346537866D-02
 -0.785739653558D-02 -0.343901963329D-02  0.240792318597D-02  0.307831241338D-02
  0.135618173193D-02 -0.274721522002D-02 -0.243331313968D-03 -0.785675995416D-03
  0.410198488095D-02  0.241334616425D-01  0.107186538056D+00  0.557976903754D-02
 -0.104659100157D-02 -0.942052189478D-02  0.577767497381D-02 -0.134371826845D-03
 -0.116292509780D-01  0.247121804098D-03 -0.307724351359D-03 -0.354436535504D-02
 -0.456824112146D-02 -0.916563098431D-03  0.812508328264D-02 -0.451448668283D-02
  0.224589884763D-04  0.920421303422D-02  0.318059127170D-03 -0.488678842641D-03
  0.640464588955D-03  0.737116324349D-02  0.137860443272D-02 -0.124154638440D-02
  0.884079277219D-02 -0.252482325855D-02 -0.808832750972D-03 -0.706738751318D-02
 -0.900933140122D-03 -0.368391754492D-02 -0.586278965007D-02 -0.844593926691D-03
  0.247944593355D-02  0.734175391067D-03  0.336937595900D-02  0.551407292013D-03
  0.418927661611D-02  0.691511617572D-02  0.330349940377D-02 -0.388019608413D-02
 -0.723202862847D-02 -0.526619036744D-02 -0.940429268816D-03  0.596140397200D-02
 -0.203719661530D-03  0.407704385686D-02 -0.115398808023D-02 -0.200292119423D-02
  0.640513834466D-01  0.397692644196D-02  0.552440484501D-02  0.483679737579D-02
  0.435255730150D-02 -0.195166263460D-02  0.444766352028D-03 -0.156747595882D-02
  0.430844606616D-02 -0.382200908298D-03 -0.491513608336D-02  0.486079624309D-02
 -0.281170384532D-02 -0.500309911129D-02  0.650047168792D-03  0.256172454311D-02
 -0.135091810988D-03  0.561609837734D-02  0.349154417926D-02  0.492947404818D-02
  0.336915690647D-02  0.380921700610D-02  0.564479126222D-02 -0.359161795223D-02
 -0.355511773883D-02 -0.836001898492D-02  0.974812685828D-02  0.155347016463D-02
 -0.659791100954D-02 -0.397494328069D-02 -0.235826841492D-02 -0.618481122733D-03
  0.457826627919D-02  0.245727880327D-02  0.334625024773D-02  0.129667696396D-01
  0.772122539609D-02 -0.747008412877D-02 -0.160546190798D-01 -0.663903549035D-02
  0.109166591753D-02 -0.213343070905D-02 -0.113725373097D-03 -0.841003382088D-02
  0.801518521996D-02  0.120955749341D-02 -0.136280819078D-01  0.379770164266D+00
 -0.676785205999D-02  0.613116701468D-02  0.900540765774D-02 -0.564117467615D-02
 -0.317693741927D-02  0.105304322199D-01 -0.206245084199D-02  0.126512227453D-02
  0.433544174820D-02  0.333474673156D-02 -0.173602013378D-02 -0.126898152716D-01
  0.309221792632D-02  0.145374258261D-02 -0.137916593623D-01 -0.237566317849D-02
  0.248209150242D-02 -0.122449219570D-02 -0.119775959081D-01  0.364932421527D-02
 -0.262592812437D-02 -0.113457766921D-01 -0.737767169024D-02  0.301330804815D-01
  0.122182525739D-01  0.858317782824D-03  0.265759721534D-01  0.931520284406D-02
 -0.489803149640D-03 -0.171510107508D-01 -0.208126053140D-02 -0.247083063215D-02
  0.130224153375D-01 -0.909463098821D-02 -0.169317840852D-01 -0.103122806772D-01
  0.450248899104D-02  0.880671803108D-02  0.738837915556D-02 -0.401292254138D-02
 -0.415363844541D-02 -0.150552704962D-02  0.411380181552D-03  0.112010583203D+00
  0.756586946922D-01 -0.113989523993D-02  0.143029767645D-01  0.259997548723D+00
 -0.147997623067D-01 -0.739380784109D-03 -0.126244735260D-02 -0.149370659717D-01
  0.489971685824D-03 -0.257968214508D-02 -0.139118090140D-01  0.156595481871D-03
 -0.144515530461D-02 -0.139769406602D-01  0.966674688735D-03 -0.185267369086D-02
 -0.136022173414D-01 -0.808786051497D-03  0.205234316973D-03 -0.138065793228D-01
  0.228777228560D-03 -0.306213966329D-02 -0.140531077547D-01 -0.176465723730D-02
  0.496012000948D-03 -0.130812483904D-01  0.375844876560D-02 -0.255225044190D-02
 -0.144675682674D-01  0.355053958745D-02  0.679908684752D-03 -0.136545131350D-01
 -0.172311553748D-02  0.758263751018D-03 -0.135097288716D-01  0.894848667918D-03
 -0.256036247441D-03  0.824916992003D-02  0.695048229835D-02  0.620797780074D-02
  0.659473648472D-02  0.654459837654D-02  0.710577659107D-02 -0.362696087532D-02
  0.313929919874D-03 -0.387403336961D-02 -0.587843799910D-03  0.220085748939D-03
 -0.852941392189D-03  0.918958394827D-03 -0.244060446795D-02  0.123370768162D-02
  0.406681042676D+00 -0.445507576714D-02  0.561809802045D-02  0.125301338624D-01
 -0.310698463007D-02 -0.278291391861D-02  0.105278184830D-01 -0.163369465872D-02
  0.894226844117D-03  0.254391936648D-02  0.214648816095D-02 -0.170101625735D-02
 -0.130886161358D-01  0.140413802970D-02  0.196944638742D-02 -0.993526595176D-02
 -0.200213194200D-02  0.118353438907D-02  0.276921510394D-02 -0.904978208482D-02
  0.298633782276D-02 -0.501903972039D-03 -0.793695256897D-02 -0.657376044759D-02
 -0.129376576211D-02  0.932462309055D-02  0.722941021645D-03  0.487889972569D-02
  0.626677757354D-02 -0.247966221949D-03 -0.433599302041D-02 -0.218695240960D-02
 -0.310378219404D-02  0.386097915093D-02 -0.560257795358D-02 -0.136027826632D-01
 -0.761822361248D-02  0.351700482353D-02  0.515780491983D-02  0.653428614637D-02
 -0.584473755526D-02 -0.318734622375D-02 -0.315079066033D-02 -0.197330511910D-02
  0.454352623160D-01  0.238469084845D-01  0.635469705659D-02  0.133282689015D-01
  0.930704119153D-01  0.817856574312D-03  0.182265003476D+00 -0.333977072221D-02
 -0.307433189829D-03 -0.323994400706D-02 -0.461886582661D-02  0.233536609062D-02
 -0.234701835858D-02 -0.220627926304D-03  0.249822584126D-02  0.510138866964D-02
  0.335284235191D-02  0.713952683267D-02  0.545034046698D-02  0.449406865934D-02
 -0.222281319784D-02  0.626548246880D-02  0.420042721669D-02  0.554786230489D-02
 -0.101726993569D-02  0.128821878417D-02 -0.310581388398D-02  0.670637811451D-02
 -0.208457256986D-03  0.527315981013D-02  0.294706072198D-02 -0.406140157388D-02
  0.123270664573D-01 -0.542731898889D-03  0.140187750344D-02 -0.319545531159D-02
 -0.110001379397D-01  0.310649286390D-02  0.550593865495D-02  0.210236759488D-02
  0.592115750650D-02  0.223697016281D-01  0.144631365080D-01 -0.659973038107D-03
 -0.434913569884D-02 -0.112194966696D-03  0.845093174846D-02 -0.124533144763D-01
  0.346568093005D-02 -0.932013300074D-02  0.187453628940D-01  0.107192613134D-01
 -0.167372921884D-01  0.340074082910D-01  0.362108682004D-01 -0.353313083006D-02
  0.301404454871D-01  0.179791380482D+00 -0.349328581151D-03 -0.449919022250D-03
 -0.136663682820D-03 -0.434482795257D-03  0.366326650444D-03  0.346555293607D-03
 -0.405263762435D-04  0.237075552924D-04  0.577024280117D-03  0.352945279847D-03
  0.421563955423D-03  0.181792743354D-03  0.370084830341D-03 -0.342924030204D-03
 -0.179226024889D-03  0.761636557154D-04  0.178120483341D-03 -0.313523793002D-03
 -0.130993721858D-03 -0.465510691380D-03 -0.274752913032D-03 -0.522397236091D-03
  0.992614773451D-03  0.173337942174D-03  0.159063620691D-03  0.382726655724D-03
 -0.585280376574D-04  0.207703555286D-03 -0.479659378434D-04 -0.641725941051D-04
  0.849313848758D-04  0.283067880298D-03 -0.158881787269D-03 -0.541573435451D-03
 -0.169028985221D-04 -0.928573562141D-04 -0.166158984186D-03  0.197034061155D-03
 -0.282316351241D-03  0.100687097925D-02 -0.436650049431D-03  0.493562640876D-03
  0.229259805062D-03 -0.424663253340D-04  0.286200746131D-03  0.685737928829D-03
  0.484853928070D-03  0.173098502822D-03  0.526429713677D-04  0.197935109381D-03
 -0.670222419912D-03  0.543835132052D+00  0.229434948194D-02  0.553664585232D-04
 -0.203723575509D-02  0.477004642235D-02  0.319852925591D-03 -0.160080573836D-02
  0.276840688940D-02  0.628722428499D-03 -0.697194024145D-02  0.593764902337D-02
  0.913334289137D-03  0.431566595718D-02  0.320355808330D-02 -0.276544239487D-03
 -0.407603320851D-02  0.522504411158D-02  0.894119286870D-03  0.178482838014D-02
  0.272477939244D-02 -0.101349505026D-03  0.146474472193D-02  0.173243165434D-02
 -0.103747003393D-04 -0.406174106421D-02  0.440528190236D-02 -0.184539209201D-03
  0.427814887023D-03  0.453664889033D-02  0.463713895914D-03  0.405644737694D-03
  0.362973673310D-02  0.785725748096D-03  0.105199851298D-02 -0.339377588468D-02
 -0.209809864812D-02 -0.230926879804D-02 -0.260781010903D-02 -0.161139828998D-02
 -0.233356334191D-02  0.291032060502D-02 -0.184864119620D-02  0.190261255128D-02
 -0.417136290663D-02  0.236712144690D-03 -0.132916716272D-02 -0.112723773301D-02
  0.516050182937D-02  0.173017366626D-02  0.490953620193D-02  0.500784379875D-02
  0.612516931127D-02 -0.246113326173D-03  0.283818432984D+00  0.841697036760D-03
  0.142800170165D-02  0.204012484592D-03  0.111000802561D-02 -0.156721580618D-02
 -0.308054505207D-02  0.127546360606D-02 -0.500744693323D-03  0.144434156919D-02
  0.985420824997D-03 -0.256339387603D-02 -0.192705399208D-02  0.973388906636D-03
  0.139782447343D-02 -0.153825446421D-02  0.918005440540D-03 -0.133761875208D-02
  0.464002894634D-02 -0.264737187279D-03  0.136122027646D-02  0.171774480348D-02
  0.144287293236D-02 -0.382389392026D-02 -0.280976738406D-03  0.177024567227D-02
 -0.279465619678D-02  0.422618052412D-03  0.186183591202D-02  0.649922086268D-03
 -0.389808349946D-03  0.788722107829D-03 -0.193191176723D-02  0.103758700067D-02
  0.318450717274D-02 -0.349998320932D-03  0.820352822714D-03  0.297942946679D-02
  0.254431443939D-02  0.358514096801D-02 -0.485036160210D-02  0.742664818381D-03
 -0.246981196911D-02 -0.149862815690D-02  0.985580495258D-03 -0.898472160305D-03
 -0.547347434778D-03  0.489983078480D-04  0.574467467581D-03  0.336009813002D-03
 -0.775255867111D-03  0.295884634018D-02  0.121555677694D-03 -0.268868929086D-02
  0.524487036319D+00 -0.806597963857D-03 -0.706694432976D-03 -0.269639244912D-02
 -0.141683580177D-02  0.257068580978D-03  0.226196929495D-02 -0.232670313871D-03
 -0.299396774065D-03  0.102484556129D-02 -0.593165401323D-04 -0.415791187823D-04
 -0.246537540786D-02  0.526914905150D-03 -0.344004393971D-03  0.261676520749D-02
 -0.521463247273D-03 -0.130818769443D-03 -0.965148457223D-03 -0.914461766663D-03
 -0.535572634595D-03 -0.383364698717D-03 -0.998031157983D-03  0.673747724497D-03
 -0.351391789803D-03 -0.238675386375D-04 -0.128190257663D-03  0.486212381714D-03
  0.860783477992D-04 -0.873496410571D-04  0.118820181524D-02 -0.314793393261D-03
  0.652683770857D-04  0.938909980464D-03  0.659426486534D-03  0.350818500794D-03
  0.675142322045D-03  0.841272188718D-03  0.108792253729D-02  0.864778456591D-03
 -0.264487509793D-03 -0.528101259580D-03 -0.278952253689D-03  0.466263714669D-03
  0.110167610454D-02  0.155363979678D-03  0.401632802737D-04  0.642322023008D-03
  0.882043986908D-03 -0.805537481975D-03  0.887508425134D-03 -0.107896971697D-02
 -0.909570398177D-03  0.295927928108D-01  0.249222020442D-02  0.483148411740D+00
  0.447524115460D-02 -0.290095193808D-02 -0.544921546583D-02  0.394914876203D-02
  0.299755731155D-02 -0.166127612482D-02  0.260781157387D-02  0.156625250601D-02
 -0.459861148341D-03  0.191962150672D-02  0.536443308046D-02 -0.338715675062D-02
  0.173647332050D-02 -0.305556138361D-02 -0.668079574005D-02  0.252405283837D-02
  0.318404718657D-02 -0.635712101521D-02  0.509891454541D-02 -0.247830306896D-02
 -0.421446177089D-02  0.126303349354D-02  0.714594792757D-02 -0.505522158459D-02
  0.415337659547D-03  0.479293507755D-02  0.335614506882D-02  0.174158693781D-03
 -0.108205999341D-02  0.330388400847D-02  0.246745899517D-02  0.471046408850D-02
 -0.167259802232D-02 -0.891821701862D-02 -0.149631551813D-02 -0.474087815568D-02
 -0.941644565928D-02 -0.751751643935D-02 -0.977950713603D-02  0.113161261436D-01
 -0.138912156447D-02  0.630480415484D-02 -0.153695509243D-02 -0.700053383129D-04
  0.193061783421D-02 -0.230619529582D-02 -0.269755675839D-03  0.278134155946D-02
  0.564226360163D-02  0.636879588964D-02 -0.469537092135D-02 -0.886199869539D-03
 -0.122365105059D-02  0.226933248781D-01  0.476584961678D-03  0.138100166165D+00
  0.165503681266D-02  0.240751172360D-02  0.370035489383D-02  0.181448046350D-02
 -0.149876525413D-02  0.224313865029D-02  0.269375918383D-04  0.480169220817D-03
  0.460724310789D-02 -0.170389172268D-02 -0.823609550446D-03 -0.432834036125D-02
 -0.159578646027D-02  0.145775537223D-02 -0.481919459331D-02 -0.112699164888D-02
  0.106023983886D-03  0.488586478522D-02  0.546127893726D-03  0.177801632329D-02
  0.229806848685D-02  0.155268791774D-02 -0.276951596094D-02 -0.768734310866D-03
 -0.104114856117D-03  0.172768300174D-04  0.376091511678D-03 -0.878557581245D-03
 -0.192689674882D-03  0.139740328747D-04 -0.565108677572D-03 -0.413479557955D-03
  0.160617474932D-02 -0.515797797796D-03 -0.236045640081D-02 -0.195452703016D-02
 -0.755936495552D-03 -0.157711617934D-02 -0.382741414249D-03 -0.184796915525D-02
  0.227493137594D-02 -0.838323661935D-03 -0.153159073983D-02  0.236489538233D-02
 -0.395913946379D-03 -0.132168822083D-02 -0.355478177853D-02  0.254852604475D-02
  0.714904378541D-03  0.121537705563D-02 -0.182917265696D-03 -0.616380557091D-04
 -0.184319926295D-02 -0.137525110941D+00 -0.183475484965D-02 -0.914431783110D-02
  0.233279042297D+00  0.149580170846D-03  0.978815124999D-03 -0.195106179601D-02
  0.319733818577D-03 -0.267472189645D-03 -0.455280066553D-03 -0.242293701085D-03
 -0.192379688964D-03  0.846471510145D-02 -0.681242643149D-03 -0.746954703580D-03
  0.740436212852D-02 -0.547602384785D-03  0.102583701193D-02 -0.506431437805D-02
  0.434518935684D-04 -0.860906269343D-03 -0.741267927690D-02  0.804797054758D-03
  0.714722213969D-03  0.993321836728D-03  0.129431081639D-02 -0.142168696217D-02
  0.546126229303D-03 -0.429183680152D-03 -0.377488262519D-03 -0.829669150208D-03
 -0.642372612611D-03  0.272014555459D-03  0.612096040723D-04 -0.477606597590D-05
 -0.764995958294D-03 -0.626135806211D-03  0.399576399621D-03  0.509836741408D-04
  0.312228566562D-04  0.413442527160D-03 -0.253437754712D-03  0.407205237530D-03
 -0.119909613226D-02  0.122401600684D-02 -0.517082569201D-03  0.108989786787D-02
 -0.234600902995D-02 -0.178232971373D-02  0.288366621647D-03 -0.203927483795D-02
 -0.527817391666D-02  0.287496925979D-04 -0.462777739305D-02  0.741471630847D-04
  0.917542446574D-03  0.146282681463D-01 -0.917294057412D-03  0.154841106410D+00
  0.112620292711D-02  0.225995520524D-02  0.289641657279D+00 -0.669988784852D-02
 -0.283452134552D-02 -0.628475363977D-02 -0.762120934036D-02 -0.108661413417D-02
 -0.636319157586D-02 -0.141348219438D-03 -0.339005696391D-02  0.447560759568D-02
  0.681783928932D-02 -0.732802287656D-02  0.130554301250D-01  0.724843755879D-02
  0.493011260095D-03  0.100838458973D-01  0.425524911209D-03 -0.566239092695D-02
  0.123844134071D-02 -0.817793408744D-02 -0.162901496122D-02 -0.131607581431D-02
 -0.907911320664D-02 -0.291189472374D-02  0.553807345180D-03  0.698345973784D-02
 -0.108155711012D-01 -0.248021103980D-02  0.660503864367D-02  0.386678532809D-02
  0.216916539024D-03 -0.111350522950D-03 -0.659556278597D-02 -0.579592232739D-03
  0.230842497655D-02 -0.294013753283D-02  0.323368597599D-02  0.849207377404D-02
  0.109178015131D-01  0.815459624930D-02 -0.779372538469D-02 -0.736375048197D-02
 -0.417478362146D-02  0.276474159476D-03 -0.501241668027D-02 -0.356035628474D-02
  0.519892238248D-02  0.162048706171D-01 -0.671807278175D-02 -0.326293768605D-02
 -0.663075535670D-02  0.123145590199D-01  0.133145615186D-02  0.186851465891D-03
 -0.226504584621D-01 -0.454868682755D-02 -0.557284140657D-01 -0.123809906731D-01
  0.195604789721D-02  0.294059389300D+00  0.579769587598D-03  0.646815082439D-03
 -0.143865643196D-01  0.752203005009D-03 -0.169546838460D-03  0.114164233872D-01
 -0.319810963953D-03  0.520942936245D-03  0.135835534113D-01  0.682870800547D-04
  0.105337437946D-03  0.975962427218D-02 -0.811331661112D-04  0.689782004349D-03
 -0.351137271279D-02  0.273231502620D-03 -0.352937596378D-03 -0.167127336483D-01
  0.668281852177D-03  0.424996122541D-03  0.127469910294D-02  0.801535427501D-04
 -0.462241120403D-03 -0.493285838983D-03 -0.280685383565D-03 -0.597961434160D-03
 -0.125449711180D-02 -0.726308641336D-03  0.302406365757D-03  0.101600583482D-02
 -0.153157015230D-03 -0.308011144926D-03  0.509527153680D-03 -0.165076573089D-02
 -0.112193245037D-02 -0.123193231119D-02 -0.207727024102D-02 -0.211450444501D-02
 -0.183702517718D-02  0.383795035959D-03  0.231566372168D-03  0.393666512005D-03
 -0.113586185895D-02 -0.870156884250D-02 -0.527080196821D-02  0.114128577150D-02
 -0.111026035833D-02 -0.184275396316D-01  0.375731511971D-03 -0.110876147351D-01
 -0.106303509188D-02  0.359307178440D-04 -0.962568625017D-02  0.334733878743D-02
 -0.496441384715D-01  0.415696535924D-02 -0.245141249149D-02  0.195853824787D-01
  0.145163328276D-01  0.212689535033D+00 -0.145557043946D-02 -0.468123675200D-02
  0.556190178207D-02 -0.218610433552D-02  0.225091479156D-02  0.619641261202D-02
  0.153320876162D-02 -0.516029986876D-03 -0.457841412190D-02  0.453526003951D-02
  0.408444198089D-03 -0.102598043374D-01  0.460866002241D-02 -0.320534123129D-02
 -0.131577242125D-01  0.110534378842D-02 -0.606823647081D-03 -0.697299709852D-02
 -0.228052023469D-02 -0.352922932420D-02 -0.802589100272D-02 -0.529238924447D-02
  0.671482217512D-02 -0.148945386213D-02  0.456365472338D-02 -0.293210226989D-02
 -0.178404687936D-03  0.401507503449D-02  0.113226191537D-02  0.522183646968D-02
  0.107711227832D-02 -0.326284476889D-04 -0.267998694183D-02 -0.437345633040D-02
 -0.575668699782D-02 -0.351419352498D-02  0.366183146723D-04  0.493520978653D-02
 -0.990976162599D-03  0.469292595399D-02 -0.238979415724D-02  0.253172946934D-02
  0.512203540618D-02 -0.644271093359D-02 -0.960190164448D-03  0.137426953299D-01
 -0.921753607818D-03 -0.752533673989D-02  0.179105849171D-02 -0.655898058758D-02
 -0.153262754828D-01 -0.255150930443D-02 -0.715867651543D-03 -0.397868199488D-02
 -0.769492706093D-03  0.453116744673D-01 -0.488671014577D-01  0.490840466482D-02
  0.138282889748D+00 -0.123544667278D-02  0.133257740494D+00  0.323814659809D-03
  0.118591850598D-02  0.156445474012D-02  0.962109063214D-03 -0.955120551543D-03
 -0.177308207216D-03 -0.110984164058D-02  0.258393672735D-03 -0.471588714925D-02
 -0.163041709021D-02 -0.469905643511D-03 -0.223788491908D-02 -0.222450594783D-02
  0.512413314181D-03  0.653925959882D-02 -0.127534184185D-02  0.255240914095D-03
  0.570253888469D-02 -0.109683392017D-02  0.118052412754D-02 -0.544093825294D-03
 -0.529592760606D-03 -0.222544747977D-02 -0.105847629514D-02 -0.217387730338D-03
 -0.307836423658D-03  0.904904779998D-03 -0.108593221680D-02 -0.951488782248D-04
 -0.350715521067D-04 -0.142295940994D-02 -0.551022256506D-03  0.642941358030D-03
 -0.646268343855D-03 -0.213460772233D-02 -0.122509839273D-02 -0.970335165625D-03
 -0.198137332377D-02 -0.555877023279D-03 -0.198136446969D-02  0.229286408664D-03
 -0.108048552763D-02 -0.140461203868D-02  0.372389132641D-02  0.182130747217D-02
 -0.136811591584D-02  0.117980427041D-02  0.820247531458D-02 -0.493783639474D-03
  0.535833173807D-02  0.463638859988D-02 -0.727210712315D-03 -0.236613995513D-01
  0.703599303982D-02 -0.600179827360D-01 -0.265198477059D-02  0.459810475929D-02
  0.449051563889D-01  0.158087965032D-03  0.179474300256D+00 -0.142920480402D-01
  0.184201428444D+00 -0.109602459990D-03  0.191002447015D-03 -0.887689881288D-02
 -0.160656505157D-02 -0.577903756832D-03 -0.859466655379D-02  0.251312231618D-02
  0.251604453413D-03  0.141883815401D-01  0.688180315449D-02 -0.515755511373D-03
 -0.113921048150D-02  0.764982172072D-02  0.479246567685D-03 -0.882213116513D-02
  0.150369866237D-02  0.416376128777D-03  0.122500254312D-01 -0.119635432653D-02
 -0.639628411267D-03  0.707305905215D-02 -0.512196036529D-02  0.776122959622D-03
 -0.126477171680D-02  0.792344081253D-02 -0.959807201763D-03 -0.780105083045D-03
  0.633001477025D-02  0.117500221775D-02 -0.417918758207D-02  0.240838611059D-02
 -0.157237105472D-03  0.406378315077D-02 -0.118125506744D-01 -0.918090995370D-02
 -0.720350226043D-02 -0.444554233807D-02 -0.552220107113D-03 -0.414101912984D-02
  0.609398032029D-02 -0.482821767356D-02  0.402966289699D-02 -0.766972796270D-02
  0.830662772884D-02  0.177137330096D-02 -0.515864032335D-02  0.939786788958D-02
  0.144875560552D-01  0.457201156131D-02  0.138063927312D-01  0.120701093053D-01
 -0.114472931569D-02 -0.365540318693D-02 -0.305465259141D-01 -0.604233279953D-02
  0.622173121092D-01  0.734064979385D-02  0.184896635290D-02 -0.184644138828D-01
 -0.162356186284D-06  0.125507902510D-01  0.170488487289D-02  0.115148477945D+00
  0.246239469565D-02 -0.698371554084D-03 -0.108283525437D-01  0.149310160931D-02
 -0.107889277812D-02  0.153763937807D-01  0.375639550198D-03  0.814661811605D-03
 -0.658713112272D-02 -0.223056845137D-02 -0.948332702401D-04 -0.165237037403D-01
 -0.141340989627D-02 -0.131820105928D-02  0.171731455480D-01 -0.195961042037D-02
  0.961434363249D-03 -0.181522075452D-02 -0.259893065931D-02  0.714390989412D-04
 -0.435024530804D-02 -0.144831862582D-02 -0.612623726622D-03 -0.309213928021D-02
 -0.673026592727D-03 -0.144702284261D-02 -0.120489076746D-04 -0.552857153057D-03
 -0.650374959052D-03  0.549965100720D-02 -0.168161965016D-02  0.249570500894D-03
  0.526522388684D-02  0.357864909382D-02  0.597379475884D-03  0.127628445588D-02
 -0.685637471332D-03 -0.134081478464D-02  0.331196971563D-03 -0.335644266812D-02
 -0.179233366116D-02 -0.216018559675D-02 -0.102429205323D-02  0.389014859287D-02
 -0.120586944250D-03 -0.112394687919D-02  0.451525070930D-02  0.627096607453D-02
 -0.150513332782D-02  0.683435711378D-02  0.221525055866D-02 -0.493106143556D-03
  0.510009909056D-02  0.232318696218D-02 -0.161709136330D-01  0.285045042444D-02
 -0.509479647459D-02 -0.125849608034D-01  0.359155966814D-02 -0.321553654983D-01
  0.518049880940D-02 -0.264615904978D-01 -0.497815093411D-02  0.118739594956D+00
 -0.686269439306D-02  0.306457027640D-02  0.147906554015D-01 -0.641999562231D-02
 -0.336459226097D-02  0.111632290222D-01 -0.271269385767D-02 -0.213846504067D-02
  0.105115761126D-01 -0.148472035667D-02 -0.670599861146D-02  0.448119221414D-02
 -0.103044377241D-02  0.357266796920D-02  0.646904893360D-02 -0.324571271368D-02
 -0.411973568448D-02  0.178238591700D-01 -0.821313831686D-02  0.227895642288D-02
  0.644210725754D-02 -0.285369727771D-02 -0.694118781779D-02  0.533026743277D-02
  0.120293227376D-02 -0.618941712451D-02 -0.173621227969D-02  0.180187228520D-02
  0.124614715358D-02 -0.330856632313D-02 -0.303130912691D-02 -0.564264831386D-02
  0.386209911473D-02  0.115093440009D-01 -0.951237065054D-03  0.413847311307D-02
  0.153900093582D-01  0.158021859932D-01  0.152962238290D-01 -0.139801782117D-01
  0.373215425212D-02 -0.802362454387D-02  0.121354411374D-02  0.245676682147D-02
 -0.199014259743D-02  0.735500074434D-02 -0.620072113735D-02 -0.145094477393D-02
 -0.631779244626D-02 -0.808098420292D-02 -0.104746800020D-01 -0.421566405874D-03
 -0.468318816940D-02  0.595005567485D-03  0.264687498049D-02 -0.185709027518D+00
 -0.128500078161D-01  0.992865381979D-05  0.188243571146D-01 -0.142816455541D-01
 -0.865585518579D-01 -0.122838423763D-02 -0.634349251848D-01 -0.577245590501D-02
  0.282227268315D+00 -0.342562160877D-02 -0.308145990917D-03 -0.884451451152D-02
 -0.701098018831D-03  0.101905348413D-02  0.800044416425D-02 -0.146857122533D-02
  0.890796591195D-03 -0.138262575505D-01  0.418923383672D-02  0.163010767214D-02
  0.133492808360D-01  0.116371971682D-02 -0.729598968757D-03 -0.937684693757D-02
  0.161128147247D-02  0.134648134911D-02  0.875274897808D-02 -0.324394366902D-02
 -0.531796963592D-03  0.431877367413D-02 -0.609720706251D-02  0.901455502897D-03
 -0.819772805447D-02  0.279931966633D-02  0.411902164793D-03  0.390424145053D-03
  0.162845597569D-02  0.578194864354D-03  0.200833822259D-02 -0.951289444691D-03
  0.142115918031D-02  0.458313370154D-02 -0.765818765612D-02 -0.509295881727D-02
 -0.406536368902D-02 -0.338412210170D-02 -0.113840016315D-02 -0.322686905621D-02
  0.472374109882D-02 -0.410735416851D-02  0.247366167408D-02 -0.687350826690D-02
  0.610967768473D-02 -0.333852371416D-02 -0.199092486602D-02  0.975401140026D-02
  0.120815014140D-01  0.654990094272D-03  0.144639889125D-01  0.110161695530D-01
 -0.381635872425D-03 -0.972229032652D-01 -0.892910371517D-02  0.170136119417D-01
  0.794368021062D-02  0.418262759032D-02  0.364559636177D-02  0.176337168953D-03
 -0.271600218499D-02 -0.123073030164D-03 -0.114824245008D-01 -0.383092654069D-02
 -0.159169721557D-01 -0.989703105323D-02  0.403435127417D+00
$end
