$hessian (projected)
 1  1   0.1294050666  -0.0131026561   0.1260936056  -0.1250342432   0.0117647275
 1  2  -0.1167123543  -0.0103756639   0.0026093347  -0.0297146914   0.0012183818
 1  3  -0.0002728432   0.0004668917  -0.0060051194   0.0005409612   0.0014414438
 1  4  -0.0006979991   0.0001514909  -0.0015475095  -0.0008240324  -0.0000721253
 1  5   0.0008897556   0.0000944217  -0.0000556387  -0.0001006667  -0.0010531012
 1  6   0.0001633003   0.0033876417   0.0004295048  -0.0000752094   0.0008952728
 1  7   0.0119778465  -0.0014667021   0.0155609831   0.0008981249  -0.0001684718
 1  8  -0.0006668376   0.0000011436   0.0000082746  -0.0000002771  -0.0000022780
 1  9   0.0000005264   0.0000397818   0.0000110186   0.0000378525  -0.0001052916
 1 10  -0.0000129134   0.0000237635   0.0000318215   0.0000225234  -0.0000443460
 1 11   0.0000079632  -0.0000508428  -0.0000326778  -0.0000119014   0.0000069473
 1 12   0.0000163039   0.0000135391  -0.0000041246  -0.0000027344   0.0000121787
 1 13  -0.0000029671  -0.0000138625   0.0000050101  -0.0000003095   0.0000001936
 1 14   0.0000021735  -0.0000014067  -0.0000061656   0.0000064620   0.0000000223
 1 15  -0.0000032962   0.0000050053
 2  1  -0.0131026561   0.0276041214  -0.0227736480   0.0116899796  -0.0384781138
 2  2   0.0205189833   0.0005474474   0.0027755896   0.0013213376  -0.0002188916
 2  3  -0.0039390987  -0.0003367116   0.0006311814   0.0072585207   0.0002982782
 2  4   0.0000350375   0.0002617909   0.0000846192  -0.0000725667  -0.0006780644
 2  5  -0.0001151229  -0.0000690408  -0.0013554521  -0.0000929143   0.0000949644
 2  6   0.0073661966   0.0006101602   0.0000481577   0.0002322371   0.0000543115
 2  7   0.0006170061   0.0026985671   0.0007801316  -0.0002133720  -0.0038930943
 2  8  -0.0003148088   0.0000032375  -0.0000047881   0.0000067663  -0.0000166353
 2  9  -0.0000316956  -0.0000757163  -0.0000569230  -0.0000375148   0.0001302148
 2 10   0.0000734174  -0.0000383757  -0.0000813436  -0.0000396770   0.0000253305
 2 11  -0.0000587781   0.0000461502   0.0001606164   0.0000737990  -0.0000205261
 2 12  -0.0000064172   0.0000344168   0.0000042617   0.0000044306  -0.0000222801
 2 13   0.0000065962   0.0000326699  -0.0000045418   0.0000040619   0.0000094461
 2 14  -0.0000081014   0.0000050042   0.0000193291  -0.0000198364   0.0000037853
 2 15   0.0000137688  -0.0000092151
 3  1   0.1260936056  -0.0227736480   0.2822018826  -0.1166661595   0.0205911367
 3  2  -0.2663895433   0.0020360528  -0.0001287368   0.0034164168  -0.0004883169
 3  3  -0.0002903901   0.0007776374   0.0003892804   0.0003593743   0.0018588647
 3  4   0.0002073902   0.0000003346   0.0000351346   0.0008903457  -0.0001099459
 3  5   0.0002565994  -0.0001011813  -0.0000850858  -0.0000242954   0.0044338478
 3  6   0.0005251720  -0.0030943812  -0.0008595629   0.0001323037  -0.0011051318
 3  7  -0.0161901028   0.0021895476  -0.0190186974   0.0002632924  -0.0003502817
 3  8   0.0010915446  -0.0000040259   0.0000074026   0.0000022340   0.0000140858
 3  9   0.0000245920   0.0000362221   0.0000348094   0.0000343814  -0.0000680414
 3 10  -0.0000466691   0.0000149377   0.0000395376   0.0000135536  -0.0000439511
 3 11   0.0000308566  -0.0000201142  -0.0000767578  -0.0000673163   0.0000091938
 3 12   0.0000149765  -0.0000356947   0.0000003970  -0.0000162369   0.0000244776
 3 13  -0.0000038623  -0.0000214407   0.0000109912  -0.0000023465  -0.0000005000
 3 14  -0.0000002256  -0.0000006448   0.0000024150   0.0000151950  -0.0000028685
 3 15   0.0000004009   0.0000057329
 4  1  -0.1250342432   0.0116899796  -0.1166661595   0.6762916849  -0.0271158281
 4  2   0.0299787208  -0.3326259577   0.0109648260   0.0297872588  -0.0110386153
 4  3   0.0007642880  -0.0022908027  -0.0266219032   0.0070900673  -0.0743303467
 4  4   0.0007818946   0.0004507261  -0.0022679214  -0.0493529782  -0.0000075793
 4  5   0.0283084969  -0.0008197118  -0.0000405090   0.0008936888   0.0621879254
 4  6  -0.0045671075   0.0228449936  -0.0008606887   0.0006967003  -0.0043251001
 4  7  -0.1807785883   0.0013411063   0.0592098064  -0.0121079364  -0.0012901859
 4  8   0.0288195850   0.0000022226  -0.0000208403  -0.0000096446  -0.0000046541
 4  9   0.0000689686  -0.0000146024  -0.0000540124  -0.0000546360   0.0000179041
 4 10   0.0000610898   0.0000319539   0.0000690023  -0.0003079472   0.0002227615
 4 11   0.0003531701   0.0002852664   0.0001012251  -0.0004216908   0.0000028616
 4 12  -0.0001740559  -0.0000300027  -0.0000238442   0.0000133064  -0.0000157100
 4 13   0.0000307834  -0.0001018864   0.0000068872  -0.0000015072  -0.0000283542
 4 14   0.0000044593  -0.0000104862  -0.0000238640   0.0000764082  -0.0000006545
 4 15  -0.0000110629   0.0000015994
 5  1   0.0117647275  -0.0384781138   0.0205911367  -0.0271158281   0.1381034315
 5  2  -0.0412702910   0.0149610954  -0.0627023078   0.0031887675  -0.0013030805
 5  3   0.0029488220   0.0000443367   0.0038014923   0.0074607870   0.0016673037
 5  4   0.0005658737   0.0072194234   0.0009547033  -0.0000422498  -0.0084249398
 5  5  -0.0010018729  -0.0000400970  -0.0006956986  -0.0001075382  -0.0015312572
 5  6   0.0072506710   0.0032535896   0.0006190856   0.0073297714   0.0009460581
 5  7  -0.0028303847  -0.0620597044   0.0124880630   0.0008315953   0.0028443931
 5  8  -0.0013860401  -0.0000067260  -0.0000023812  -0.0000112190   0.0000017342
 5  9   0.0000411270   0.0000655980   0.0000515867   0.0001262445  -0.0000319149
 5 10  -0.0000647931   0.0001030400   0.0000808052   0.0002857911  -0.0000999032
 5 11   0.0005005649   0.0000584375  -0.0006497827   0.0000451045   0.0000364004
 5 12  -0.0001792575  -0.0001014804   0.0000103396  -0.0000221749   0.0000085616
 5 13  -0.0000485070  -0.0000374961   0.0000441845  -0.0000020916  -0.0000305901
 5 14   0.0000085006  -0.0000036068  -0.0000292840   0.0000170024   0.0000004628
 5 15  -0.0000160769   0.0000060760
 6  1  -0.1167123543   0.0205189833  -0.2663895433   0.0299787208  -0.0412702910
 6  2   0.7131165935  -0.0329678563   0.0061555903  -0.1269113907   0.0294518059
 6  3  -0.0015275748   0.0038947804  -0.0310488624  -0.0002425776   0.0313029893
 6  4  -0.0033088259   0.0009766285  -0.0048957343   0.0283064386  -0.0007812415
 6  5  -0.0151289945   0.0008908366  -0.0001036243   0.0002578886  -0.0203449693
 6  6   0.0057418278  -0.0577688829  -0.0032814818   0.0008654549  -0.0032370544
 6  7   0.1220837908   0.0096410248  -0.2790470592  -0.0029367474  -0.0000938722
 6  8   0.0049879598   0.0000044196  -0.0000395078  -0.0000165109  -0.0000396594
 6  9   0.0000053166  -0.0000040608  -0.0000427995  -0.0001227447   0.0001192514
 6 10   0.0000541628   0.0000676212   0.0000367507   0.0003450146   0.0001987405
 6 11   0.0000749814  -0.0004343171   0.0002836009  -0.0002644982   0.0000485781
 6 12  -0.0001487704  -0.0002659343  -0.0000298461  -0.0000207079   0.0000566169
 6 13  -0.0000147347  -0.0000080404   0.0000786069  -0.0000071047  -0.0000397626
 6 14   0.0000079266   0.0000066053  -0.0000422462  -0.0000091524  -0.0000008142
 6 15  -0.0000138274   0.0000044702
 7  1  -0.0103756639   0.0005474474   0.0020360528  -0.3326259577   0.0149610954
 7  2  -0.0329678563   0.6777244730  -0.0241161492  -0.0344701859  -0.1306815274
 7  3  -0.0032889716   0.1204785776  -0.1764391731   0.0095380123  -0.0558464284
 7  4  -0.0114656372   0.0026938364  -0.0291121171   0.0622881942  -0.0008517716
 7  5  -0.0203363751  -0.0010508936   0.0000926885   0.0044307435  -0.0479789353
 7  6   0.0038716763  -0.0288485962  -0.0007782087   0.0000488074  -0.0009182304
 7  7  -0.0291995454  -0.0035717732   0.0730690499   0.0006424304   0.0001660566
 7  8   0.0024475114   0.0000032726   0.0000224401   0.0000088357  -0.0000070589
 7  9  -0.0000640654   0.0000196100  -0.0000482873   0.0000828779  -0.0000397542
 7 10   0.0000662464  -0.0000219185  -0.0000528806  -0.0003274192  -0.0001985947
 7 11  -0.0003300984   0.0002164825  -0.0001943440   0.0004500441   0.0000178573
 7 12   0.0001591623   0.0000389525  -0.0000335327  -0.0000150814   0.0000132658
 7 13   0.0000513174   0.0000891114  -0.0000049585   0.0000010982   0.0000252030
 7 14  -0.0000027324   0.0000005445   0.0000149207  -0.0000614748  -0.0000000760
 7 15   0.0000093340  -0.0000009548
 8  1   0.0026093347   0.0027755896  -0.0001287368   0.0109648260  -0.0627023078
 8  2   0.0061555903  -0.0241161492   0.1378671971  -0.0381812536  -0.0033560635
 8  3  -0.0370066150   0.0090560514   0.0137348864  -0.0632565548   0.0181864679
 8  4   0.0005707547   0.0026518481   0.0014021666  -0.0038384515   0.0071379279
 8  5   0.0053119554   0.0001719277   0.0073912727   0.0005241414   0.0038783493
 8  6  -0.0087809318   0.0017802700   0.0000507166  -0.0007069199  -0.0000202541
 8  7  -0.0003115229   0.0081782856  -0.0054650943   0.0000506963   0.0072537693
 8  8   0.0007250338   0.0000056513  -0.0000035231  -0.0000119211  -0.0000082461
 8  9   0.0000505594   0.0000692995  -0.0000370467   0.0001185614  -0.0000408730
 8 10   0.0000608693   0.0000972330   0.0000918450  -0.0002803900  -0.0000577501
 8 11   0.0005336639  -0.0001358234  -0.0006606277   0.0000221367  -0.0000417199
 8 12  -0.0001938128  -0.0001054342  -0.0000113672  -0.0000206873   0.0000061091
 8 13   0.0000401360  -0.0000514465   0.0000476792   0.0000001479  -0.0000327910
 8 14   0.0000092768   0.0000005629  -0.0000309594   0.0000250993  -0.0000020789
 8 15  -0.0000173170   0.0000067809
 9  1  -0.0297146914   0.0013213376   0.0034164168   0.0297872588   0.0031887675
 9  2  -0.1269113907  -0.0344701859  -0.0381812536   0.7119436251   0.1205214955
 9  3   0.0089925863  -0.2621811090  -0.1187227958   0.0213445387  -0.2821297153
 9  4   0.0026230118  -0.0003318684   0.0045256842   0.0229100781   0.0036653413
 9  5  -0.0577843557   0.0033853289   0.0005383577  -0.0031011084  -0.0288062693
 9  6   0.0019976072  -0.0161608033  -0.0009159111  -0.0000168973   0.0002248777
 9  7   0.0297978556  -0.0032648923   0.0331268600   0.0034852821   0.0006467515
 9  8  -0.0047949988  -0.0000051972  -0.0000391028  -0.0000160674   0.0000418772
 9  9   0.0000056374  -0.0000014690   0.0000268192  -0.0001246576   0.0001339084
 9 10  -0.0000505706   0.0000710975   0.0000333894  -0.0003419913   0.0002285810
 9 11   0.0000470138   0.0004691813   0.0002294618  -0.0002562670  -0.0000398446
 9 12  -0.0001419585  -0.0002687757   0.0000133485  -0.0000261079   0.0000598742
 9 13   0.0000115330  -0.0000078947   0.0000797230   0.0000030735  -0.0000395545
 9 14   0.0000084399  -0.0000079049  -0.0000428297   0.0000014960  -0.0000007817
 9 15  -0.0000130483   0.0000047518
10  1   0.0012183818  -0.0002188916  -0.0004883169  -0.0110386153  -0.0013030805
10  2   0.0294518059  -0.1306815274  -0.0033560635   0.1205214955   0.1355106720
10  3   0.0032305571  -0.1302706276   0.0119472571   0.0005459263  -0.0148701171
10  4   0.0008845579  -0.0002850767   0.0006302270  -0.0008621451   0.0006281327
10  5  -0.0032748550   0.0004299451   0.0000531533  -0.0008588920  -0.0007769463
10  6   0.0000832480  -0.0009149441   0.0000901775  -0.0000824113   0.0000934095
10  7  -0.0059596978   0.0007291072  -0.0015445429  -0.0007306289  -0.0000566197
10  8   0.0015354640   0.0000005031  -0.0000088346   0.0000010650   0.0000001253
10  9  -0.0000039998  -0.0000501193   0.0000021631  -0.0000433557   0.0001232332
10 10  -0.0000167043  -0.0000296426  -0.0000428553   0.0000283887   0.0000476358
10 11  -0.0000151546  -0.0000492130   0.0000539202   0.0000180190   0.0000088773
10 12  -0.0000181408  -0.0000075656  -0.0000034793   0.0000039750  -0.0000151230
10 13  -0.0000011502   0.0000174042  -0.0000059745  -0.0000002626   0.0000005844
10 14  -0.0000028415  -0.0000011506   0.0000077685  -0.0000065995   0.0000004716
10 15   0.0000047041  -0.0000061900
11  1  -0.0002728432  -0.0039390987  -0.0002903901   0.0007642880   0.0029488220
11  2  -0.0015275748  -0.0032889716  -0.0370066150   0.0089925863   0.0032305571
11  3   0.0260160835  -0.0103077336  -0.0015344239   0.0027009662   0.0022239771
11  4  -0.0002420239  -0.0038832902  -0.0003784918   0.0006907778   0.0073262937
11  5   0.0009354705  -0.0000686223   0.0002275789   0.0001366562   0.0000853024
11  6  -0.0007017160  -0.0000264799  -0.0000691327  -0.0013532612  -0.0001016450
11  7   0.0006411911   0.0072541174   0.0004431542   0.0000593231   0.0002709575
11  8  -0.0000632090  -0.0000039600  -0.0000044855   0.0000066119   0.0000188180
11  9  -0.0000323765  -0.0000748717   0.0000421723  -0.0000399551   0.0001330814
11 10  -0.0000691560  -0.0000346280  -0.0000863047   0.0000377671   0.0000225335
11 11  -0.0000543459  -0.0000264247   0.0001554775   0.0000692920   0.0000162995
11 12  -0.0000079643   0.0000349617  -0.0000016036   0.0000049502  -0.0000220616
11 13  -0.0000025502   0.0000326217  -0.0000051081  -0.0000024309   0.0000095110
11 14  -0.0000084274  -0.0000021950   0.0000194512  -0.0000196301  -0.0000021583
11 15   0.0000140265  -0.0000095174
12  1   0.0004668917  -0.0003367116   0.0007776374  -0.0022908027   0.0000443367
12  2   0.0038947804   0.1204785776   0.0090560514  -0.2621811090  -0.1302706276
12  3  -0.0103077336   0.2776641303   0.0168731753   0.0006171218  -0.0189994797
12  4  -0.0002994009  -0.0003245774   0.0010985496  -0.0043239211   0.0009532053
12  5  -0.0032315577   0.0008954144   0.0000480608  -0.0011052608  -0.0009173506
12  6  -0.0000225072   0.0002231136   0.0000947052  -0.0000949554  -0.0000211833
12  7  -0.0004884825   0.0004058728   0.0018256867  -0.0002196764   0.0000189542
12  8   0.0000580801   0.0000045175   0.0000074908   0.0000025898  -0.0000150546
12  9   0.0000263726   0.0000369793  -0.0000274536   0.0000375786  -0.0000761977
12 10   0.0000465369   0.0000133894   0.0000459155  -0.0000148282  -0.0000453851
12 11   0.0000273803   0.0000124219  -0.0000756115  -0.0000644384  -0.0000048920
12 12   0.0000161246  -0.0000342565  -0.0000046887  -0.0000157406   0.0000247852
12 13   0.0000009068  -0.0000224888   0.0000110193   0.0000018255  -0.0000007331
12 14   0.0000001553  -0.0000002270   0.0000019189   0.0000165148   0.0000024330
12 15  -0.0000000334   0.0000061655
13  1  -0.0060051194   0.0006311814   0.0003892804  -0.0266219032   0.0038014923
13  2  -0.0310488624  -0.1764391731   0.0137348864  -0.1187227958   0.0119472571
13  3  -0.0015344239   0.0168731753   0.7334199781  -0.0302721607  -0.0013060188
13  4  -0.3336491368   0.0162996803  -0.0021995730  -0.1808104135  -0.0029409129
13  5   0.1220640652   0.0119778525   0.0007684436  -0.0161676556  -0.0291433708
13  6  -0.0003479897   0.0298307484  -0.0059572041   0.0006894053  -0.0004860870
13  7   0.0008614599  -0.0005582726   0.0007562303   0.0007624806  -0.0000839423
13  8   0.0000188816   0.0000034513   0.0000340064   0.0000223121  -0.0000202263
13  9   0.0000138294   0.0000142462   0.0000303714   0.0001416111   0.0000170872
13 10  -0.0000283630  -0.0000561152  -0.0000330082   0.0002090440  -0.0002842102
13 11  -0.0000096635  -0.0005261226  -0.0002753601  -0.0000329546   0.0000362487
13 12   0.0001441389   0.0000077259  -0.0000373114  -0.0000575620   0.0000249395
13 13  -0.0000167805   0.0000187437  -0.0000057844   0.0000045040   0.0000365931
13 14  -0.0000167057  -0.0000004718   0.0000700703   0.0000082444   0.0000029489
13 15   0.0000268673   0.0000021724
14  1   0.0005409612   0.0072585207   0.0003593743   0.0070900673   0.0074607870
14  2  -0.0002425776   0.0095380123  -0.0632565548   0.0213445387   0.0005459263
14  3   0.0027009662   0.0006171218  -0.0302721607   0.1376649655  -0.0366212163
14  4   0.0160274974  -0.0374484367   0.0017092878   0.0016758323  -0.0619873625
14  5   0.0092207720  -0.0015858798   0.0026592811   0.0023932186  -0.0030972696
14  6   0.0080547751  -0.0030721473   0.0007474299   0.0072609622   0.0004085772
14  7  -0.0004718601  -0.0090468123   0.0038862001  -0.0000750128  -0.0006042138
14  8   0.0000464783   0.0000078986  -0.0000178757  -0.0000129680   0.0000442943
14  9  -0.0000005661   0.0000202181  -0.0000314078   0.0000143307   0.0001059200
14 10   0.0000366056   0.0000483883   0.0000179378  -0.0006834387  -0.0001719412
14 11   0.0000064206  -0.0000747287  -0.0005521086  -0.0000739859  -0.0000291444
14 12  -0.0000002570  -0.0001213923   0.0000285703   0.0000363444   0.0000019985
14 13   0.0000417911   0.0000016969  -0.0000002958   0.0000045541  -0.0000201906
14 14   0.0000110096  -0.0000091562  -0.0000395742  -0.0000046438   0.0000006180
14 15  -0.0000151246   0.0000001539
15  1   0.0014414438   0.0002982782   0.0018588647  -0.0743303467   0.0016673037
15  2   0.0313029893  -0.0558464284   0.0181864679  -0.2821297153  -0.0148701171
15  3   0.0022239771  -0.0189994797  -0.0013060188  -0.0366212163   0.6569159293
15  4  -0.0022155332   0.0017113290  -0.0592149938   0.0592264422   0.0124136948
15  5  -0.2791379863   0.0155537898   0.0007840152  -0.0190040313   0.0731150377
15  6  -0.0050153562   0.0331680613  -0.0015410618   0.0004674493   0.0018285086
15  7   0.0007871375   0.0039038090  -0.0652646095   0.0000201219   0.0000482546
15  8  -0.0013061999  -0.0000004835  -0.0000062071   0.0000010605   0.0000460061
15  9   0.0000091872  -0.0000835602   0.0000127969  -0.0001451912   0.0000940142
15 10  -0.0000345126  -0.0000660781  -0.0000802477  -0.0000348433   0.0000100921
15 11  -0.0004546724  -0.0000279020  -0.0000916455   0.0005468286  -0.0000230609
15 12   0.0001462723   0.0000918230   0.0000525340   0.0000764336  -0.0000656997
15 13  -0.0000329326  -0.0000024481  -0.0000898565   0.0000023922   0.0000036485
15 14   0.0000031526   0.0000040259  -0.0000021367   0.0000314940   0.0000015128
15 15   0.0000000666  -0.0000116739
16  1  -0.0006979991   0.0000350375   0.0002073902   0.0007818946   0.0005658737
16  2  -0.0033088259  -0.0114656372   0.0005707547   0.0026230118   0.0008845579
16  3  -0.0002420239  -0.0002994009  -0.3336491368   0.0160274974  -0.0022155332
16  4   0.3547414090  -0.0178171329   0.0023608218  -0.0121005208   0.0009926707
16  5  -0.0029171632   0.0008934911  -0.0002813210   0.0002567472   0.0006425614
16  6   0.0000972525   0.0034904072  -0.0007303086   0.0000659142  -0.0002185230
16  7   0.0007647306  -0.0000581684   0.0000210502  -0.0000732946  -0.0000737156
16  8  -0.0000078391  -0.0000065925  -0.0000027771  -0.0000014102   0.0000069393
16  9  -0.0000086501  -0.0000064618   0.0000302687  -0.0000237534  -0.0000253532
16 10  -0.0000234944   0.0000132565   0.0000039515   0.0000732363   0.0000472164
16 11   0.0000040079  -0.0000753242   0.0001212831   0.0000078574   0.0000281813
16 12  -0.0000263129   0.0000282750  -0.0000217982   0.0000147193  -0.0000063382
16 13   0.0000059889  -0.0000070255   0.0000043791  -0.0000065823  -0.0000025574
16 14   0.0000005433   0.0000006786  -0.0000065480  -0.0000011539  -0.0000032487
16 15  -0.0000014899  -0.0000004402
17  1   0.0001514909   0.0002617909   0.0000003346   0.0004507261   0.0072194234
17  2   0.0009766285   0.0026938364   0.0026518481  -0.0003318684  -0.0002850767
17  3  -0.0038832902  -0.0003245774   0.0162996803  -0.0374484367   0.0017113290
17  4  -0.0178171329   0.0265360452  -0.0024227865  -0.0013233796   0.0028254659
17  5   0.0000661747  -0.0001953560  -0.0038813153  -0.0003753163   0.0001294806
17  6   0.0072599527   0.0007112844  -0.0000631881   0.0002670537   0.0000307945
17  7  -0.0000493953  -0.0006125687   0.0000493864  -0.0000501187  -0.0013724400
17  8  -0.0001060421  -0.0000055138   0.0000054311   0.0000057376   0.0000003087
17  9  -0.0000095907  -0.0000146111   0.0000367808  -0.0000014671  -0.0000333986
17 10  -0.0000171609  -0.0000000896  -0.0000094518   0.0000926528  -0.0000036536
17 11   0.0000003918  -0.0000596974   0.0001775690   0.0000139759   0.0000345057
17 12  -0.0000042751   0.0000376505  -0.0000182354  -0.0000003171   0.0000066354
17 13   0.0000003578  -0.0000093186   0.0000129341  -0.0000054008   0.0000061846
17 14  -0.0000053323   0.0000024389   0.0000077936  -0.0000001761  -0.0000026035
17 15   0.0000082044   0.0000003032
18  1  -0.0015475095   0.0000846192   0.0000351346  -0.0022679214   0.0009547033
18  2  -0.0048957343  -0.0291121171   0.0014021666   0.0045256842   0.0006302270
18  3  -0.0003784918   0.0010985496  -0.0021995730   0.0017092878  -0.0592149938
18  4   0.0023608218  -0.0024227865   0.0583009871   0.0288053789  -0.0016662383
18  5   0.0049786261  -0.0006691376  -0.0003206776   0.0010900536   0.0024445135
18  6   0.0007355551  -0.0047908399   0.0015355455  -0.0000538246   0.0000593939
18  7   0.0000229901   0.0000475270  -0.0013055094  -0.0000062007  -0.0001064243
18  8   0.0001440775  -0.0000038036  -0.0000014244  -0.0000011800   0.0000062110
18  9  -0.0000070672  -0.0000015832   0.0000159816   0.0000081856   0.0000044292
18 10  -0.0000211667   0.0000068459  -0.0000061836   0.0000067883  -0.0000003113
18 11   0.0000206625  -0.0000042904   0.0000159408  -0.0000391606  -0.0000107693
18 12  -0.0000101993   0.0000040558   0.0000179841  -0.0000068484  -0.0000036569
18 13  -0.0000069746   0.0000057050   0.0000015185   0.0000031325   0.0000020241
18 14  -0.0000015968   0.0000001035   0.0000010019  -0.0000023038  -0.0000002139
18 15   0.0000007315  -0.0000004305
19  1  -0.0008240324  -0.0000725667   0.0008903457  -0.0493529782  -0.0000422498
19  2   0.0283064386   0.0622881942  -0.0038384515   0.0229100781  -0.0008621451
19  3   0.0006907778  -0.0043239211  -0.1808104135   0.0016758323   0.0592264422
19  4  -0.0121005208  -0.0013233796   0.0288053789   0.6761871894  -0.0285161069
19  5   0.0298099493  -0.1249216021   0.0130001505  -0.1164875322  -0.3326264479
19  6   0.0105754892   0.0297909946  -0.0110372631   0.0008744963  -0.0022822752
19  7  -0.0266597171   0.0065475060  -0.0743399650   0.0007833018   0.0004872462
19  8  -0.0022666384  -0.0000001823   0.0000241040   0.0000059346   0.0000470603
19  9   0.0000885556   0.0000207682   0.0000119905   0.0001610312  -0.0000082668
19 10  -0.0000245182  -0.0000131276  -0.0000178744  -0.0003342218  -0.0002359725
19 11   0.0002923605   0.0002432317  -0.0000989686  -0.0004541309  -0.0000583669
19 12   0.0000721992   0.0000268026   0.0000651715  -0.0000368500   0.0000593128
19 13  -0.0000087717  -0.0000602051  -0.0000239799   0.0000034636   0.0000221393
19 14  -0.0000061136  -0.0000093674   0.0000090513   0.0000634232   0.0000009457
19 15   0.0000092995   0.0000024682
20  1  -0.0000721253  -0.0006780644  -0.0001099459  -0.0000075793  -0.0084249398
20  2  -0.0007812415  -0.0008517716   0.0071379279   0.0036653413   0.0006281327
20  3   0.0073262937   0.0009532053  -0.0029409129  -0.0619873625   0.0124136948
20  4   0.0009926707   0.0028254659  -0.0016662383  -0.0285161069   0.1383727671
20  5  -0.0425989695   0.0129243649  -0.0388542582   0.0225942985   0.0153953332
20  6  -0.0626492319   0.0031562478  -0.0014877403   0.0029345736   0.0000296517
20  7   0.0037813864   0.0074387299   0.0020900054   0.0005174227   0.0072026515
20  8   0.0009626783   0.0000023574  -0.0000354341  -0.0000148067   0.0000507607
20  9  -0.0000398190  -0.0000590346  -0.0000539006  -0.0002164666   0.0001124244
20 10  -0.0000073295  -0.0000186229  -0.0000179757  -0.0003102949   0.0000319779
20 11  -0.0005344956  -0.0000733824  -0.0005652127  -0.0000602448  -0.0000408238
20 12   0.0000950748   0.0000272700   0.0000654995   0.0001104263  -0.0000747897
20 13   0.0000003859   0.0000615711  -0.0000605191   0.0000033351  -0.0000107121
20 14   0.0000128817   0.0000015251  -0.0000393978  -0.0000298367  -0.0000012068
20 15  -0.0000179377  -0.0000096009
21  1   0.0008897556  -0.0001151229   0.0002565994   0.0283084969  -0.0010018729
21  2  -0.0151289945  -0.0203363751   0.0053119554  -0.0577843557  -0.0032748550
21  3   0.0009354705  -0.0032315577   0.1220640652   0.0092207720  -0.2791379863
21  4  -0.0029171632   0.0000661747   0.0049786261   0.0298099493  -0.0425989695
21  5   0.7129543687  -0.1165400984   0.0226721080  -0.2660986214  -0.0329239947
21  6   0.0061111702  -0.1268664654   0.0294363022  -0.0014093243   0.0038988512
21  7  -0.0310418339  -0.0000831741   0.0313298108  -0.0033102277   0.0010398435
21  8  -0.0048932585  -0.0000030598   0.0000332181   0.0000116349  -0.0000028408
21  9  -0.0000125440   0.0000696430   0.0000619528   0.0001491462  -0.0002215516
21 10  -0.0000260023   0.0000126779   0.0000546403   0.0002895324  -0.0002415147
21 11  -0.0000305133  -0.0004638425  -0.0002525725  -0.0003068358  -0.0000480120
21 12   0.0001286842   0.0001396475   0.0000583439  -0.0000631387   0.0000175798
21 13  -0.0000481561  -0.0000016941  -0.0000126797   0.0000072059   0.0000393083
21 14  -0.0000097846   0.0000113310   0.0000482852   0.0000060119  -0.0000004736
21 15   0.0000111135   0.0000051910
22  1   0.0000944217  -0.0000690408  -0.0001011813  -0.0008197118  -0.0000400970
22  2   0.0008908366  -0.0010508936   0.0001719277   0.0033853289   0.0004299451
22  3  -0.0000686223   0.0008954144   0.0119778525  -0.0015858798   0.0155537898
22  4   0.0008934911  -0.0001953560  -0.0006691376  -0.1249216021   0.0129243649
22  5  -0.1165400984   0.1292894462  -0.0143674379   0.1259011463  -0.0103725037
22  6   0.0028034753  -0.0296887134   0.0012177137  -0.0002851795   0.0004642288
22  7  -0.0060081329   0.0005254135   0.0014418612  -0.0006982839   0.0001562099
22  8  -0.0015464767  -0.0000005953   0.0000001614   0.0000029716  -0.0000019881
22  9   0.0000158944   0.0000074714   0.0000063726  -0.0000197898   0.0000075935
22 10  -0.0000041966   0.0000015245   0.0000144202   0.0000281305   0.0000447578
22 11   0.0000204734  -0.0000483114   0.0000532278  -0.0000097831   0.0000146659
22 12  -0.0000278076  -0.0001245963  -0.0000237703  -0.0000306764   0.0000356935
22 13  -0.0000005798  -0.0000095720   0.0000473683   0.0000004261  -0.0000086183
22 14  -0.0000022105  -0.0000019135   0.0000071349   0.0000071048   0.0000000177
22 15   0.0000039850   0.0000064947
23  1  -0.0000556387  -0.0013554521  -0.0000850858  -0.0000405090  -0.0006956986
23  2  -0.0001036243   0.0000926885   0.0073912727   0.0005383577   0.0000531533
23  3   0.0002275789   0.0000480608   0.0007684436   0.0026592811   0.0007840152
23  4  -0.0002813210  -0.0038813153  -0.0003206776   0.0130001505  -0.0388542582
23  5   0.0226721080  -0.0143674379   0.0280344303  -0.0250628995   0.0004241877
23  6   0.0027492948   0.0014232320  -0.0002064095  -0.0039359460  -0.0003701552
23  7   0.0005802208   0.0072685915   0.0003269241   0.0000279182   0.0002628042
23  8   0.0000947542  -0.0000030133   0.0000082720   0.0000090725  -0.0000036774
23  9   0.0000291373   0.0000054729   0.0000178020  -0.0000035701  -0.0000305698
23 10  -0.0000035786  -0.0000001243   0.0000179290   0.0000357081   0.0000121644
23 11   0.0000526526  -0.0000226634   0.0001501304  -0.0000391440   0.0000520973
23 12  -0.0000191782  -0.0001141272  -0.0000715056  -0.0000359766   0.0000684645
23 13   0.0000129819  -0.0000379610   0.0000631410  -0.0000029009  -0.0000021376
23 14  -0.0000072370  -0.0000040087   0.0000160824   0.0000196562  -0.0000026879
23 15   0.0000125780   0.0000096798
24  1  -0.0001006667  -0.0000929143  -0.0000242954   0.0008936888  -0.0001075382
24  2   0.0002578886   0.0044307435   0.0005241414  -0.0031011084  -0.0008588920
24  3   0.0001366562  -0.0011052608  -0.0161676556   0.0023932186  -0.0190040313
24  4   0.0002567472  -0.0003753163   0.0010900536  -0.1164875322   0.0225942985
24  5  -0.2660986214   0.1259011463  -0.0250628995   0.2818779108   0.0020280663
24  6  -0.0001401106   0.0034230286  -0.0004892250  -0.0003274113   0.0007728827
24  7   0.0003881136   0.0003648064   0.0018623346   0.0002075989   0.0000131748
24  8   0.0000369655  -0.0000026343   0.0000017094   0.0000012623  -0.0000034087
24  9   0.0000245988   0.0000136727   0.0000112229  -0.0000129350  -0.0000409016
24 10   0.0000013296   0.0000127993   0.0000292336   0.0000201546   0.0000453063
24 11   0.0000408489  -0.0000146423   0.0001071558  -0.0000590118   0.0000422985
24 12  -0.0000304764  -0.0000906065  -0.0000611869  -0.0000223214   0.0000489646
24 13   0.0000148385  -0.0000374478   0.0000422803  -0.0000051168  -0.0000080376
24 14   0.0000002908  -0.0000015136  -0.0000014329   0.0000190594  -0.0000034747
24 15   0.0000009754   0.0000071605
25  1  -0.0010531012   0.0000949644   0.0044338478   0.0621879254  -0.0015312572
25  2  -0.0203449693  -0.0479789353   0.0038783493  -0.0288062693  -0.0007769463
25  3   0.0000853024  -0.0009173506  -0.0291433708  -0.0030972696   0.0731150377
25  4   0.0006425614   0.0001294806   0.0024445135  -0.3326264479   0.0153953332
25  5  -0.0329239947  -0.0103725037   0.0004241877   0.0020280663   0.6777669008
25  6  -0.0228117623  -0.0345116742  -0.1307990743  -0.0045561111   0.1204838737
25  7  -0.1763712857   0.0092739569  -0.0558505881  -0.0114716522   0.0027257031
25  8  -0.0291178780  -0.0000024412  -0.0000276319  -0.0000079222   0.0000412827
25  9  -0.0000982541  -0.0000177089  -0.0000020292  -0.0001717205   0.0000252988
25 10  -0.0000346663   0.0000126465   0.0000114085  -0.0002922345   0.0002583242
25 11  -0.0003267638   0.0002513555   0.0000139735   0.0004423210  -0.0000445403
25 12  -0.0000585149  -0.0000456240   0.0000647913   0.0000403068  -0.0000623212
25 13   0.0000099997   0.0000666041   0.0000231348   0.0000030879  -0.0000232330
25 14   0.0000066857   0.0000012025  -0.0000128621  -0.0000779211   0.0000001219
25 15  -0.0000105159  -0.0000032023
26  1   0.0001633003   0.0073661966   0.0005251720  -0.0045671075   0.0072506710
26  2   0.0057418278   0.0038716763  -0.0087809318   0.0019976072   0.0000832480
26  3  -0.0007017160  -0.0000225072  -0.0003479897   0.0080547751  -0.0050153562
26  4   0.0000972525   0.0072599527   0.0007355551   0.0105754892  -0.0626492319
26  5   0.0061111702   0.0028034753   0.0027492948  -0.0001401106  -0.0228117623
26  6   0.1379429202  -0.0393834253  -0.0045000023  -0.0371638104   0.0109938079
26  7   0.0138952626  -0.0632899161   0.0180749960   0.0004177748   0.0026814903
26  8   0.0011216858  -0.0000023531  -0.0000340663  -0.0000147507  -0.0000440604
26  9  -0.0000294394  -0.0000675978   0.0000302921  -0.0002214575   0.0001091059
26 10   0.0000092381  -0.0000229317  -0.0000193990   0.0003455940  -0.0000040814
26 11  -0.0005105775  -0.0000031219  -0.0006206000  -0.0001122327   0.0000422630
26 12   0.0001003804   0.0000414684  -0.0000544938   0.0001213785  -0.0000792990
26 13   0.0000028529   0.0000541486  -0.0000652112  -0.0000058209  -0.0000082720
26 14   0.0000123697  -0.0000016764  -0.0000374647  -0.0000245123   0.0000006691
26 15  -0.0000172889  -0.0000097865
27  1   0.0033876417   0.0006101602  -0.0030943812   0.0228449936   0.0032535896
27  2  -0.0577688829  -0.0288485962   0.0017802700  -0.0161608033  -0.0009149441
27  3  -0.0000264799   0.0002231136   0.0298307484  -0.0030721473   0.0331680613
27  4   0.0034904072   0.0007112844  -0.0047908399   0.0297909946   0.0031562478
27  5  -0.1268664654  -0.0296887134   0.0014232320   0.0034230286  -0.0345116742
27  6  -0.0393834253   0.7116702787   0.1205429882   0.0110496397  -0.2618898432
27  7  -0.1186822576   0.0208363044  -0.2821506696   0.0026220249  -0.0001640964
27  8   0.0045208312   0.0000035528   0.0000332268   0.0000114990  -0.0000044840
27  9  -0.0000125439   0.0000773798  -0.0000367300   0.0001582092  -0.0002311639
27 10   0.0000153402   0.0000118834   0.0000598686  -0.0003114358  -0.0002165854
27 11  -0.0000399429   0.0004538733  -0.0003133488  -0.0003095129   0.0000463866
27 12   0.0001269635   0.0001514238  -0.0000646731  -0.0000546170   0.0000145845
27 13   0.0000486536  -0.0000056345  -0.0000114976  -0.0000030354   0.0000403218
27 14  -0.0000096866  -0.0000108430   0.0000471651  -0.0000015470  -0.0000002185
27 15   0.0000103809   0.0000051675
28  1   0.0004295048   0.0000481577  -0.0008595629  -0.0008606887   0.0006190856
28  2  -0.0032814818  -0.0007782087   0.0000507166  -0.0009159111   0.0000901775
28  3  -0.0000691327   0.0000947052  -0.0059572041   0.0007474299  -0.0015410618
28  4  -0.0007303086  -0.0000631881   0.0015355455  -0.0110372631  -0.0014877403
28  5   0.0294363022   0.0012177137  -0.0002064095  -0.0004892250  -0.1307990743
28  6  -0.0045000023   0.1205429882   0.1356297769   0.0044763288  -0.1302870876
28  7   0.0119419261   0.0006577717  -0.0148635469   0.0008889971  -0.0002590780
28  8   0.0006324464  -0.0000002020   0.0000003724  -0.0000020225  -0.0000009829
28  9  -0.0000143005  -0.0000061050   0.0000093263   0.0000173239  -0.0000088887
28 10  -0.0000035108  -0.0000018020  -0.0000136722   0.0000221881  -0.0000455252
28 11  -0.0000142955  -0.0000509844  -0.0000345174   0.0000069364  -0.0000009066
28 12   0.0000265132   0.0001164672  -0.0000080320   0.0000310694  -0.0000311315
28 13  -0.0000020083   0.0000065141  -0.0000416154   0.0000011755   0.0000085254
28 14   0.0000015420  -0.0000018677  -0.0000053526  -0.0000057098   0.0000004562
28 15  -0.0000027602  -0.0000056151
29  1  -0.0000752094   0.0002322371   0.0001323037   0.0006967003   0.0073297714
29  2   0.0008654549   0.0000488074  -0.0007069199  -0.0000168973  -0.0000824113
29  3  -0.0013532612  -0.0000949554   0.0006894053   0.0072609622   0.0004674493
29  4   0.0000659142   0.0002670537  -0.0000538246   0.0008744963   0.0029345736
29  5  -0.0014093243  -0.0002851795  -0.0039359460  -0.0003274113  -0.0045561111
29  6  -0.0371638104   0.0110496397   0.0044763288   0.0262116333  -0.0125166826
29  7  -0.0016916274   0.0026925884   0.0022325038  -0.0001744282  -0.0038926821
29  8  -0.0003830606   0.0000025075   0.0000080959   0.0000096498   0.0000029555
29  9   0.0000298359   0.0000079573  -0.0000180643  -0.0000021336  -0.0000291340
29 10   0.0000023578   0.0000006227   0.0000200831  -0.0000378163   0.0000184543
29 11   0.0000541007   0.0000438671   0.0001509141  -0.0000416806  -0.0000372601
29 12  -0.0000198418  -0.0001387101   0.0000616591  -0.0000534349   0.0000783921
29 13  -0.0000164501  -0.0000354671   0.0000710188   0.0000032633  -0.0000034713
29 14  -0.0000075413   0.0000036745   0.0000172517   0.0000197261   0.0000026206
29 15   0.0000129741   0.0000109430
30  1   0.0008952728   0.0000543115  -0.0011051318  -0.0043251001   0.0009460581
30  2  -0.0032370544  -0.0009182304  -0.0000202541   0.0002248777   0.0000934095
30  3  -0.0001016450  -0.0000211833  -0.0004860870   0.0004085772   0.0018285086
30  4  -0.0002185230   0.0000307945   0.0000593939  -0.0022822752   0.0000296517
30  5   0.0038988512   0.0004642288  -0.0003701552   0.0007728827   0.1204838737
30  6   0.0109938079  -0.2618898432  -0.1302870876  -0.0125166826   0.2773431470
30  7   0.0168685656   0.0008192212  -0.0189844168  -0.0002962152  -0.0003483023
30  8   0.0010968426   0.0000022327   0.0000015526   0.0000016077   0.0000025447
30  9   0.0000237887   0.0000157148  -0.0000087681  -0.0000114693  -0.0000392004
30 10  -0.0000026699   0.0000126573   0.0000291097  -0.0000185811   0.0000439417
30 11   0.0000421333   0.0000258065   0.0001060642  -0.0000606998  -0.0000350586
30 12  -0.0000283643  -0.0001014711   0.0000544411  -0.0000313787   0.0000548432
30 13  -0.0000187755  -0.0000345304   0.0000446926   0.0000043756  -0.0000083499
30 14   0.0000004851  -0.0000001945  -0.0000002781   0.0000181604   0.0000028153
30 15   0.0000009831   0.0000077504
31  1   0.0119778465   0.0006170061  -0.0161901028  -0.1807785883  -0.0028303847
31  2   0.1220837908  -0.0291995454  -0.0003115229   0.0297978556  -0.0059596978
31  3   0.0006411911  -0.0004884825   0.0008614599  -0.0004718601   0.0007871375
31  4   0.0007647306  -0.0000493953   0.0000229901  -0.0266597171   0.0037813864
31  5  -0.0310418339  -0.0060081329   0.0005802208   0.0003881136  -0.1763712857
31  6   0.0138952626  -0.1186822576   0.0119419261  -0.0016916274   0.0168685656
31  7   0.7336626393  -0.0266371083  -0.0010502718  -0.3339786194   0.0123198852
31  8  -0.0024837916   0.0000018469  -0.0000364500  -0.0000230984  -0.0000124492
31  9  -0.0000182006  -0.0000183291   0.0000336802  -0.0001460659   0.0000001157
31 10  -0.0000320583   0.0000602915   0.0000297318   0.0002818237   0.0002519984
31 11   0.0000186380  -0.0004804798   0.0002850481   0.0000104118   0.0000164936
31 12  -0.0001463867  -0.0000137545  -0.0000277253   0.0000666490  -0.0000263226
31 13  -0.0000316285  -0.0000183140   0.0000051701  -0.0000004315  -0.0000392399
31 14   0.0000180555  -0.0000029868  -0.0000744440  -0.0000097673   0.0000008991
31 15  -0.0000279395  -0.0000025642
32  1  -0.0014667021   0.0026985671   0.0021895476   0.0013411063  -0.0620597044
32  2   0.0096410248  -0.0035717732   0.0081782856  -0.0032648923   0.0007291072
32  3   0.0072541174   0.0004058728  -0.0005582726  -0.0090468123   0.0039038090
32  4  -0.0000581684  -0.0006125687   0.0000475270   0.0065475060   0.0074387299
32  5  -0.0000831741   0.0005254135   0.0072685915   0.0003648064   0.0092739569
32  6  -0.0632899161   0.0208363044   0.0006577717   0.0026925884   0.0008192212
32  7  -0.0266371083   0.1374199094  -0.0365074667   0.0125923032  -0.0371025268
32  8   0.0016873668  -0.0000067930  -0.0000156644  -0.0000115088  -0.0000401399
32  9  -0.0000018021   0.0000126361   0.0000246399   0.0000105561   0.0001127409
32 10  -0.0000262817   0.0000416877   0.0000085426   0.0006538993  -0.0002404116
32 11   0.0000277620   0.0000576796  -0.0006300465  -0.0000847771   0.0000283311
32 12   0.0000161965  -0.0001165829  -0.0000242650   0.0000376346   0.0000022177
32 13  -0.0000440878   0.0000059785   0.0000000064  -0.0000074965  -0.0000170075
32 14   0.0000091993   0.0000104951  -0.0000339586  -0.0000003906  -0.0000011211
32 15  -0.0000124238   0.0000002074
33  1   0.0155609831   0.0007801316  -0.0190186974   0.0592098064   0.0124880630
33  2  -0.2790470592   0.0730690499  -0.0054650943   0.0331268600  -0.0015445429
33  3   0.0004431542   0.0018256867   0.0007562303   0.0038862001  -0.0652646095
33  4   0.0000210502   0.0000493864  -0.0013055094  -0.0743399650   0.0020900054
33  5   0.0313298108   0.0014418612   0.0003269241   0.0018623346  -0.0558505881
33  6   0.0180749960  -0.2821506696  -0.0148635469   0.0022325038  -0.0189844168
33  7  -0.0010502718  -0.0365074667   0.6568537756  -0.0024597468   0.0016790894
33  8  -0.0592202881   0.0000015662  -0.0000076412   0.0000005857  -0.0000361166
33  9   0.0000099046  -0.0000805082  -0.0000350670  -0.0001571674   0.0000773052
33 10   0.0000403514  -0.0000681955  -0.0000702655   0.0000529859   0.0000124896
33 11  -0.0004522772  -0.0000075625  -0.0001000996   0.0005722064   0.0000268109
33 12   0.0001493998   0.0000952140  -0.0000333161   0.0000857574  -0.0000737748
33 13   0.0000411828  -0.0000075981  -0.0000874461  -0.0000028171   0.0000043206
33 14   0.0000025573   0.0000005987   0.0000016599   0.0000206262   0.0000010639
33 15  -0.0000007234  -0.0000114407
34  1   0.0008981249  -0.0002133720   0.0002632924  -0.0121079364   0.0008315953
34  2  -0.0029367474   0.0006424304   0.0000506963   0.0034852821  -0.0007306289
34  3   0.0000593231  -0.0002196764   0.0007624806  -0.0000750128   0.0000201219
34  4  -0.0000732946  -0.0000501187  -0.0000062007   0.0007833018   0.0005174227
34  5  -0.0033102277  -0.0006982839   0.0000279182   0.0002075989  -0.0114716522
34  6   0.0004177748   0.0026220249   0.0008889971  -0.0001744282  -0.0002962152
34  7  -0.3339786194   0.0125923032  -0.0024597468   0.3550969423  -0.0138858348
34  8   0.0026372138  -0.0000058536   0.0000032051   0.0000014513   0.0000058201
34  9   0.0000045551   0.0000036308   0.0000261555   0.0000200868   0.0000258175
34 10  -0.0000209410  -0.0000116363  -0.0000081973   0.0000633252  -0.0000463922
34 11  -0.0000019376  -0.0000833182  -0.0000988483  -0.0000073240   0.0000276706
34 12   0.0000232011  -0.0000187661  -0.0000229109  -0.0000122035   0.0000035592
34 13   0.0000063523   0.0000069615  -0.0000032205  -0.0000058273   0.0000036335
34 14  -0.0000014795   0.0000005080   0.0000066625  -0.0000001667  -0.0000028423
34 15   0.0000025075  -0.0000000871
35  1  -0.0001684718  -0.0038930943  -0.0003502817  -0.0012901859   0.0028443931
35  2  -0.0000938722   0.0001660566   0.0072537693   0.0006467515  -0.0000566197
35  3   0.0002709575   0.0000189542  -0.0000839423  -0.0006042138   0.0000482546
35  4  -0.0000737156  -0.0013724400  -0.0001064243   0.0004872462   0.0072026515
35  5   0.0010398435   0.0001562099   0.0002628042   0.0000131748   0.0027257031
35  6   0.0026814903  -0.0001640964  -0.0002590780  -0.0038926821  -0.0003483023
35  7   0.0123198852  -0.0371025268   0.0016790894  -0.0138858348   0.0261595383
35  8  -0.0023995905   0.0000057593   0.0000051598   0.0000061577   0.0000006659
35  9  -0.0000066549  -0.0000135704  -0.0000340493   0.0000003705  -0.0000395492
35 10   0.0000172568  -0.0000007753  -0.0000057175  -0.0001009286   0.0000005996
35 11  -0.0000032288   0.0000891366   0.0001858331   0.0000170378  -0.0000410713
35 12  -0.0000023726   0.0000338029   0.0000218333  -0.0000008542   0.0000100923
35 13  -0.0000031016  -0.0000123619   0.0000131969   0.0000066488   0.0000053140
35 14  -0.0000046977  -0.0000025882   0.0000073024   0.0000021551   0.0000031854
35 15   0.0000077924   0.0000008204
36  1  -0.0006668376  -0.0003148088   0.0010915446   0.0288195850  -0.0013860401
36  2   0.0049879598   0.0024475114   0.0007250338  -0.0047949988   0.0015354640
36  3  -0.0000632090   0.0000580801   0.0000188816   0.0000464783  -0.0013061999
36  4  -0.0000078391  -0.0001060421   0.0001440775  -0.0022666384   0.0009626783
36  5  -0.0048932585  -0.0015464767   0.0000947542   0.0000369655  -0.0291178780
36  6   0.0011216858   0.0045208312   0.0006324464  -0.0003830606   0.0010968426
36  7  -0.0024837916   0.0016873668  -0.0592202881   0.0026372138  -0.0023995905
36  8   0.0583023624   0.0000036466  -0.0000013111  -0.0000009549  -0.0000062444
36  9  -0.0000068380  -0.0000002882  -0.0000144016   0.0000100926  -0.0000001637
36 10   0.0000205066   0.0000049303  -0.0000037244  -0.0000060765  -0.0000035122
36 11   0.0000222531   0.0000056602   0.0000160062  -0.0000390501   0.0000096764
36 12  -0.0000090161   0.0000072642  -0.0000193480  -0.0000044708  -0.0000053166
36 13   0.0000074430   0.0000045238   0.0000018181  -0.0000028365   0.0000025562
36 14  -0.0000016746   0.0000000735   0.0000013219  -0.0000037217   0.0000002599
36 15   0.0000004711  -0.0000003597
37  1   0.0000011436   0.0000032375  -0.0000040259   0.0000022226  -0.0000067260
37  2   0.0000044196   0.0000032726   0.0000056513  -0.0000051972   0.0000005031
37  3  -0.0000039600   0.0000045175   0.0000034513   0.0000078986  -0.0000004835
37  4  -0.0000065925  -0.0000055138  -0.0000038036  -0.0000001823   0.0000023574
37  5  -0.0000030598  -0.0000005953  -0.0000030133  -0.0000026343  -0.0000024412
37  6  -0.0000023531   0.0000035528  -0.0000002020   0.0000025075   0.0000022327
37  7   0.0000018469  -0.0000067930   0.0000015662  -0.0000058536   0.0000057593
37  8   0.0000036466   0.0250903047  -0.0009597867  -0.0053567647  -0.0348201584
37  9   0.0010908955   0.0047316492   0.0018415764  -0.0004080844  -0.0010367622
37 10  -0.0037074032   0.0001853603  -0.0001389317   0.0076334340  -0.0004680188
37 11   0.0002310390   0.0001747218  -0.0000292721  -0.0000463955  -0.0005908178
37 12  -0.0000416947  -0.0000040930  -0.0014250597   0.0000556108  -0.0000517064
37 13   0.0074656948  -0.0004617142   0.0004697404   0.0002748779   0.0000318712
37 14   0.0000823862   0.0017864598   0.0008574031   0.0013092958  -0.0037202033
37 15   0.0001483776  -0.0001901883
38  1   0.0000082746  -0.0000047881   0.0000074026  -0.0000208403  -0.0000023812
38  2  -0.0000395078   0.0000224401  -0.0000035231  -0.0000391028  -0.0000088346
38  3  -0.0000044855   0.0000074908   0.0000340064  -0.0000178757  -0.0000062071
38  4  -0.0000027771   0.0000054311  -0.0000014244   0.0000241040  -0.0000354341
38  5   0.0000332181   0.0000001614   0.0000082720   0.0000017094  -0.0000276319
38  6  -0.0000340663   0.0000332268   0.0000003724   0.0000080959   0.0000015526
38  7  -0.0000364500  -0.0000156644  -0.0000076412   0.0000032051   0.0000051598
38  8  -0.0000013111  -0.0009597867   0.1170069480   0.1181392325   0.0010945895
38  9  -0.1136071794  -0.1090820025   0.0006984649  -0.0087990129  -0.0305593573
38 10   0.0001495188   0.0012134111   0.0005523440  -0.0005086230  -0.0062039118
38 11   0.0010083741   0.0000341929  -0.0004696003  -0.0015891603  -0.0000406692
38 12  -0.0009156752   0.0008547032   0.0000558351   0.0001081092  -0.0001022653
38 13  -0.0004223253  -0.0014156778   0.0033908344  -0.0000289717   0.0004144508
38 14   0.0009760425  -0.0002514906   0.0118192423   0.0170974958   0.0001832352
38 15   0.0009401555  -0.0006756471
39  1  -0.0000002771   0.0000067663   0.0000022340  -0.0000096446  -0.0000112190
39  2  -0.0000165109   0.0000088357  -0.0000119211  -0.0000160674   0.0000010650
39  3   0.0000066119   0.0000025898   0.0000223121  -0.0000129680   0.0000010605
39  4  -0.0000014102   0.0000057376  -0.0000011800   0.0000059346  -0.0000148067
39  5   0.0000116349   0.0000029716   0.0000090725   0.0000012623  -0.0000079222
39  6  -0.0000147507   0.0000114990  -0.0000020225   0.0000096498   0.0000016077
39  7  -0.0000230984  -0.0000115088   0.0000005857   0.0000014513   0.0000061577
39  8  -0.0000009549  -0.0053567647   0.1181392325   0.2954281262   0.0047331245
39  9  -0.1090087681  -0.2782323941   0.0000519719   0.0013217609   0.0016380219
39 10  -0.0001737195  -0.0004708817   0.0008157212   0.0001933182  -0.0001523703
39 11   0.0019459697   0.0000149034   0.0001887127  -0.0000654074  -0.0000050636
39 12   0.0008330899   0.0003774435  -0.0000513928  -0.0000888202  -0.0000333327
39 13   0.0005093857   0.0045483443  -0.0027000664   0.0000219724  -0.0007831927
39 14  -0.0011345357   0.0002208921  -0.0148136183  -0.0191308048  -0.0001568229
39 15   0.0003196897   0.0010934980
40  1  -0.0000022780  -0.0000166353   0.0000140858  -0.0000046541   0.0000017342
40  2  -0.0000396594  -0.0000070589  -0.0000082461   0.0000418772   0.0000001253
40  3   0.0000188180  -0.0000150546  -0.0000202263   0.0000442943   0.0000460061
40  4   0.0000069393   0.0000003087   0.0000062110   0.0000470603   0.0000507607
40  5  -0.0000028408  -0.0000019881  -0.0000036774  -0.0000034087   0.0000412827
40  6  -0.0000440604  -0.0000044840  -0.0000009829   0.0000029555   0.0000025447
40  7  -0.0000124492  -0.0000401399  -0.0000361166   0.0000058201   0.0000006659
40  8  -0.0000062444  -0.0348201584   0.0010945895   0.0047331245   0.1289522936
40  9   0.0175451995  -0.0193755825  -0.0589478302  -0.0077676222   0.0030257643
40 10   0.0018285222  -0.0014800492  -0.0002238577   0.0073509102   0.0002137579
40 11  -0.0032966903   0.0074241713  -0.0001382091   0.0003686718  -0.0088806538
40 12  -0.0024264449   0.0010298688  -0.0004348042  -0.0000451545   0.0000039695
40 13   0.0069321760   0.0023785288   0.0032541585   0.0074940555  -0.0001640684
40 14   0.0002413744  -0.0585318515  -0.0088389832   0.0094497482   0.0015815793
40 15  -0.0003783225   0.0007865341
41  1   0.0000005264  -0.0000316956   0.0000245920   0.0000689686   0.0000411270
41  2   0.0000053166  -0.0000640654   0.0000505594   0.0000056374  -0.0000039998
41  3  -0.0000323765   0.0000263726   0.0000138294  -0.0000005661   0.0000091872
41  4  -0.0000086501  -0.0000095907  -0.0000070672   0.0000885556  -0.0000398190
41  5  -0.0000125440   0.0000158944   0.0000291373   0.0000245988  -0.0000982541
41  6  -0.0000294394  -0.0000125439  -0.0000143005   0.0000298359   0.0000237887
41  7  -0.0000182006  -0.0000018021   0.0000099046   0.0000045551  -0.0000066549
41  8  -0.0000068380   0.0010908955  -0.1136071794  -0.1090087681   0.0175451995
41  9   0.6736122989   0.0296653607  -0.0099515705  -0.3324526740   0.0184750725
41 10  -0.0003735896  -0.0123473721  -0.0032120117   0.0017306563  -0.0210820092
41 11  -0.0775758642  -0.0001488548   0.0010128701  -0.0019874950  -0.0024038300
41 12  -0.0524922643   0.0261776499  -0.0000458648  -0.0008795041   0.0008700044
41 13   0.0008364835   0.0617381887   0.0297025972  -0.0001241380  -0.0004604447
41 14  -0.0042870379  -0.0066548426  -0.1894395433   0.0632587470  -0.0014854033
41 15  -0.0136010819   0.0278313406
42  1   0.0000397818  -0.0000757163   0.0000362221  -0.0000146024   0.0000655980
42  2  -0.0000040608   0.0000196100   0.0000692995  -0.0000014690  -0.0000501193
42  3  -0.0000748717   0.0000369793   0.0000142462   0.0000202181  -0.0000835602
42  4  -0.0000064618  -0.0000146111  -0.0000015832   0.0000207682  -0.0000590346
42  5   0.0000696430   0.0000074714   0.0000054729   0.0000136727  -0.0000177089
42  6  -0.0000675978   0.0000773798  -0.0000061050   0.0000079573   0.0000157148
42  7  -0.0000183291   0.0000126361  -0.0000805082   0.0000036308  -0.0000135704
42  8  -0.0000002882   0.0047316492  -0.1090820025  -0.2782323941  -0.0193755825
42  9   0.0296653607   0.7169762942   0.0008589500  -0.0446147032  -0.1277241582
42 10   0.0008629145   0.0286299282   0.0051371138  -0.0018107956  -0.0340673606
42 11   0.0257039513   0.0003521831  -0.0025728145  -0.0051748318   0.0010489547
42 12   0.0267547991  -0.0124292689   0.0000031567   0.0008335348   0.0003193166
42 13   0.0017520608  -0.0146530478  -0.0577998801   0.0002808758  -0.0031313497
42 14  -0.0036722674   0.0116057089   0.1264415613  -0.2695387343  -0.0003022577
42 15  -0.0040796859   0.0063567169
43  1   0.0000110186  -0.0000569230   0.0000348094  -0.0000540124   0.0000515867
43  2  -0.0000427995  -0.0000482873  -0.0000370467   0.0000268192   0.0000021631
43  3   0.0000421723  -0.0000274536   0.0000303714  -0.0000314078   0.0000127969
43  4   0.0000302687   0.0000367808   0.0000159816   0.0000119905  -0.0000539006
43  5   0.0000619528   0.0000063726   0.0000178020   0.0000112229  -0.0000020292
43  6   0.0000302921  -0.0000367300   0.0000093263  -0.0000180643  -0.0000087681
43  7   0.0000336802   0.0000246399  -0.0000350670   0.0000261555  -0.0000340493
43  8  -0.0000144016   0.0018415764   0.0006984649   0.0000519719  -0.0589478302
43  9  -0.0099515705   0.0008589500   0.1318529169   0.0199164283  -0.0212019408
43 10  -0.0361836706  -0.0080546722   0.0116805663  -0.0631225601   0.0003704638
43 11   0.0062215736   0.0034459066  -0.0004711940  -0.0010101394   0.0093005712
43 12   0.0007776346   0.0018502872   0.0069746019  -0.0004086542   0.0004894463
43 13  -0.0087508599  -0.0001934030  -0.0006816753  -0.0005968087   0.0000313424
43 14  -0.0000584781   0.0064471116  -0.0023023123   0.0012885785   0.0076820271
43 15  -0.0003844098   0.0005124967
44  1   0.0000378525  -0.0000375148   0.0000343814  -0.0000546360   0.0001262445
44  2  -0.0001227447   0.0000828779   0.0001185614  -0.0001246576  -0.0000433557
44  3  -0.0000399551   0.0000375786   0.0001416111   0.0000143307  -0.0001451912
44  4  -0.0000237534  -0.0000014671   0.0000081856   0.0001610312  -0.0002164666
44  5   0.0001491462  -0.0000197898  -0.0000035701  -0.0000129350  -0.0001717205
44  6  -0.0002214575   0.0001582092   0.0000173239  -0.0000021336  -0.0000114693
44  7  -0.0001460659   0.0000105561  -0.0001571674   0.0000200868   0.0000003705
44  8   0.0000100926  -0.0004080844  -0.0087990129   0.0013217609  -0.0077676222
44  9  -0.3324526740  -0.0446147032   0.0199164283   0.6821609967  -0.0320750764
44 10  -0.0080549055  -0.1431931169   0.1258498042  -0.0018270343  -0.1690072479
44 11  -0.0514907340   0.0006182319  -0.0089487544  -0.0298998459   0.0022870369
44 12   0.0619928775  -0.0141405456  -0.0004423988  -0.0014024502   0.0044472912
44 13  -0.0001754436  -0.0453382654  -0.0309824579   0.0000292013  -0.0006897928
44 14  -0.0009671718  -0.0038352047  -0.0344123633   0.0701036190  -0.0003416669
44 15   0.0003423049   0.0026246311
45  1  -0.0001052916   0.0001302148  -0.0000680414   0.0000179041  -0.0000319149
45  2   0.0001192514  -0.0000397542  -0.0000408730   0.0001339084   0.0001232332
45  3   0.0001330814  -0.0000761977   0.0000170872   0.0001059200   0.0000940142
45  4  -0.0000253532  -0.0000333986   0.0000044292  -0.0000082668   0.0001124244
45  5  -0.0002215516   0.0000075935  -0.0000305698  -0.0000409016   0.0000252988
45  6   0.0001091059  -0.0002311639  -0.0000088887  -0.0000291340  -0.0000392004
45  7   0.0000001157   0.0001127409   0.0000773052   0.0000258175  -0.0000395492
45  8  -0.0000001637  -0.0010367622  -0.0305593573   0.0016380219   0.0030257643
45  9   0.0184750725  -0.1277241582  -0.0212019408  -0.0320750764   0.7092061630
45 10   0.0116881231   0.1259161198  -0.2478088366   0.0040607554  -0.1145210396
45 11  -0.2922278889   0.0000586677   0.0013024599   0.0029241666   0.0033137312
45 12   0.0291830772  -0.0576455785   0.0004565416   0.0034604525  -0.0027234645
45 13  -0.0006618473  -0.0303873131  -0.0196986759  -0.0000593199  -0.0009876896
45 14   0.0001463228  -0.0002258354   0.0258814145   0.0386340250   0.0005526268
45 15   0.0038138315  -0.0044717848
46  1  -0.0000129134   0.0000734174  -0.0000466691   0.0000610898  -0.0000647931
46  2   0.0000541628   0.0000662464   0.0000608693  -0.0000505706  -0.0000167043
46  3  -0.0000691560   0.0000465369  -0.0000283630   0.0000366056  -0.0000345126
46  4  -0.0000234944  -0.0000171609  -0.0000211667  -0.0000245182  -0.0000073295
46  5  -0.0000260023  -0.0000041966  -0.0000035786   0.0000013296  -0.0000346663
46  6   0.0000092381   0.0000153402  -0.0000035108   0.0000023578  -0.0000026699
46  7  -0.0000320583  -0.0000262817   0.0000403514  -0.0000209410   0.0000172568
46  8   0.0000205066  -0.0037074032   0.0001495188  -0.0001737195   0.0018285222
46  9  -0.0003735896   0.0008629145  -0.0361836706  -0.0080549055   0.0116881231
46 10   0.0259640044   0.0089629606  -0.0129234791   0.0030229745  -0.0003472407
46 11   0.0003288804  -0.0040547488   0.0001708799  -0.0001574778   0.0069803115
46 12  -0.0001101738   0.0002610182   0.0003074856  -0.0000295638   0.0000242968
46 13  -0.0004152907   0.0000267614  -0.0000498357  -0.0014266578   0.0000472508
46 14  -0.0000457039   0.0075117616  -0.0004256298   0.0001327887   0.0002467414
46 15  -0.0000277135   0.0000555580
47  1   0.0000237635  -0.0000383757   0.0000149377   0.0000319539   0.0001030400
47  2   0.0000676212  -0.0000219185   0.0000972330   0.0000710975  -0.0000296426
47  3  -0.0000346280   0.0000133894  -0.0000561152   0.0000483883  -0.0000660781
47  4   0.0000132565  -0.0000000896   0.0000068459  -0.0000131276  -0.0000186229
47  5   0.0000126779   0.0000015245  -0.0000001243   0.0000127993   0.0000126465
47  6  -0.0000229317   0.0000118834  -0.0000018020   0.0000006227   0.0000126573
47  7   0.0000602915   0.0000416877  -0.0000681955  -0.0000116363  -0.0000007753
47  8   0.0000049303   0.0001853603   0.0012134111  -0.0004708817  -0.0014800492
47  9  -0.0123473721   0.0286299282  -0.0080546722  -0.1431931169   0.1259161198
47 10   0.0089629606   0.1488616214  -0.1364429056   0.0007491360   0.0117349326
47 11  -0.0130019713   0.0001426184   0.0007834552   0.0006365965  -0.0001446531
47 12  -0.0004536285  -0.0031938157   0.0000313581   0.0004296132  -0.0007801071
47 13   0.0000237028  -0.0006526982  -0.0009543149   0.0000483195   0.0000822157
47 14   0.0001068984  -0.0003845157  -0.0058096370  -0.0020307282  -0.0000887597
47 15  -0.0008242207   0.0014906151
48  1   0.0000318215  -0.0000813436   0.0000395376   0.0000690023   0.0000808052
48  2   0.0000367507  -0.0000528806   0.0000918450   0.0000333894  -0.0000428553
48  3  -0.0000863047   0.0000459155  -0.0000330082   0.0000179378  -0.0000802477
48  4   0.0000039515  -0.0000094518  -0.0000061836  -0.0000178744  -0.0000179757
48  5   0.0000546403   0.0000144202   0.0000179290   0.0000292336   0.0000114085
48  6  -0.0000193990   0.0000598686  -0.0000136722   0.0000200831   0.0000291097
48  7   0.0000297318   0.0000085426  -0.0000702655  -0.0000081973  -0.0000057175
48  8  -0.0000037244  -0.0001389317   0.0005523440   0.0008157212  -0.0002238577
48  9  -0.0032120117   0.0051371138   0.0116805663   0.1258498042  -0.2478088366
48 10  -0.0129234791  -0.1364429056   0.2627653846   0.0014129378   0.0185557899
48 11  -0.0193010041  -0.0001852591  -0.0001152510   0.0011718640   0.0002285865
48 12  -0.0041840118  -0.0036912140   0.0000848551   0.0009787578  -0.0011666042
48 13  -0.0000519035  -0.0009913079   0.0000879705  -0.0000452447   0.0001200092
48 14  -0.0000068588   0.0001740978  -0.0008711580   0.0017143617  -0.0000042154
48 15  -0.0002570095   0.0001140776
49  1   0.0000225234  -0.0000396770   0.0000135536  -0.0003079472   0.0002857911
49  2   0.0003450146  -0.0003274192  -0.0002803900  -0.0003419913   0.0000283887
49  3   0.0000377671  -0.0000148282   0.0002090440  -0.0006834387  -0.0000348433
49  4   0.0000732363   0.0000926528   0.0000067883  -0.0003342218  -0.0003102949
49  5   0.0002895324   0.0000281305   0.0000357081   0.0000201546  -0.0002922345
49  6   0.0003455940  -0.0003114358   0.0000221881  -0.0000378163  -0.0000185811
49  7   0.0002818237   0.0006538993   0.0000529859   0.0000633252  -0.0001009286
49  8  -0.0000060765   0.0076334340  -0.0005086230   0.0001933182   0.0073509102
49  9   0.0017306563  -0.0018107956  -0.0631225601  -0.0018270343   0.0040607554
49 10   0.0030229745   0.0007491360   0.0014129378   0.1380132362   0.0204167285
49 11  -0.0179181769  -0.0381550863  -0.0096783938   0.0001773430  -0.0634979412
49 12  -0.0065664121   0.0114376143   0.0030156320  -0.0002792034   0.0002786093
49 13   0.0070646159  -0.0038324977  -0.0001866342   0.0076481547  -0.0003961627
49 14   0.0001766152  -0.0074007625   0.0001363255   0.0021641722  -0.0010394444
49 15   0.0000566138   0.0000139681
50  1  -0.0000443460   0.0000253305  -0.0000439511   0.0002227615  -0.0000999032
50  2   0.0001987405  -0.0001985947  -0.0000577501   0.0002285810   0.0000476358
50  3   0.0000225335  -0.0000453851  -0.0002842102  -0.0001719412   0.0000100921
50  4   0.0000472164  -0.0000036536  -0.0000003113  -0.0002359725   0.0000319779
50  5  -0.0002415147   0.0000447578   0.0000121644   0.0000453063   0.0002583242
50  6  -0.0000040814  -0.0002165854  -0.0000455252   0.0000184543   0.0000439417
50  7   0.0002519984  -0.0002404116   0.0000124896  -0.0000463922   0.0000005996
50  8  -0.0000035122  -0.0004680188  -0.0062039118  -0.0001523703   0.0002137579
50  9  -0.0210820092  -0.0340673606   0.0003704638  -0.1690072479  -0.1145210396
50 10  -0.0003472407   0.0117349326   0.0185557899   0.0204167285   0.7408199268
50 11   0.0057526492  -0.0097080522  -0.3379763176  -0.0176533621  -0.0087363609
50 12  -0.1912744410   0.1267840266   0.0008206146   0.0119354464  -0.0146510603
50 13  -0.0023336429  -0.0340108509   0.0265572283  -0.0004365520  -0.0059700057
50 14  -0.0008627724   0.0001357319   0.0007406669   0.0041388969   0.0000549173
50 15   0.0007604923   0.0001314831
51  1   0.0000079632  -0.0000587781   0.0000308566   0.0003531701   0.0005005649
51  2   0.0000749814  -0.0003300984   0.0005336639   0.0000470138  -0.0000151546
51  3  -0.0000543459   0.0000273803  -0.0000096635   0.0000064206  -0.0004546724
51  4   0.0000040079   0.0000003918   0.0000206625   0.0002923605  -0.0005344956
51  5  -0.0000305133   0.0000204734   0.0000526526   0.0000408489  -0.0003267638
51  6  -0.0005105775  -0.0000399429  -0.0000142955   0.0000541007   0.0000421333
51  7   0.0000186380   0.0000277620  -0.0004522772  -0.0000019376  -0.0000032288
51  8   0.0000222531   0.0002310390   0.0010083741   0.0019459697  -0.0032966903
51  9  -0.0775758642   0.0257039513   0.0062215736  -0.0514907340  -0.2922278889
51 10   0.0003288804  -0.0130019713  -0.0193010041  -0.0179181769   0.0057526492
51 11   0.6604003931   0.0001848017  -0.0176378521  -0.0603617566   0.0092739457
51 12   0.0637455382  -0.2695833085   0.0013533037   0.0168868008  -0.0195012077
51 13   0.0013053355   0.0700610287   0.0388867700   0.0001391867  -0.0020224866
51 14   0.0017111640   0.0021639218   0.0041293792  -0.0656886888   0.0000141792
51 15   0.0001310075  -0.0013131178
52  1  -0.0000508428   0.0000461502  -0.0000201142   0.0002852664   0.0000584375
52  2  -0.0004343171   0.0002164825  -0.0001358234   0.0004691813  -0.0000492130
52  3  -0.0000264247   0.0000124219  -0.0005261226  -0.0000747287  -0.0000279020
52  4  -0.0000753242  -0.0000596974  -0.0000042904   0.0002432317  -0.0000733824
52  5  -0.0004638425  -0.0000483114  -0.0000226634  -0.0000146423   0.0002513555
52  6  -0.0000031219   0.0004538733  -0.0000509844   0.0000438671   0.0000258065
52  7  -0.0004804798   0.0000576796  -0.0000075625  -0.0000833182   0.0000891366
52  8   0.0000056602   0.0001747218   0.0000341929   0.0000149034   0.0074241713
52  9  -0.0001488548   0.0003521831   0.0034459066   0.0006182319   0.0000586677
52 10  -0.0040547488   0.0001426184  -0.0001852591  -0.0381550863  -0.0097080522
52 11   0.0001848017   0.0267761003   0.0107848631  -0.0005158144   0.0033815268
52 12  -0.0014991530  -0.0002055411  -0.0040542822   0.0001958946  -0.0001788547
52 13   0.0074097486  -0.0003339321   0.0005195472   0.0001729527  -0.0000792634
52 14  -0.0000065695  -0.0008962144   0.0000517781   0.0000170843  -0.0012565360
52 15   0.0000422477  -0.0000494210
53  1  -0.0000326778   0.0001606164  -0.0000767578   0.0001012251  -0.0006497827
53  2   0.0002836009  -0.0001943440  -0.0006606277   0.0002294618   0.0000539202
53  3   0.0001554775  -0.0000756115  -0.0002753601  -0.0005521086  -0.0000916455
53  4   0.0001212831   0.0001775690   0.0000159408  -0.0000989686  -0.0005652127
53  5  -0.0002525725   0.0000532278   0.0001501304   0.0001071558   0.0000139735
53  6  -0.0006206000  -0.0003133488  -0.0000345174   0.0001509141   0.0001060642
53  7   0.0002850481  -0.0006300465  -0.0001000996  -0.0000988483   0.0001858331
53  8   0.0000160062  -0.0000292721  -0.0004696003   0.0001887127  -0.0001382091
53  9   0.0010128701  -0.0025728145  -0.0004711940  -0.0089487544   0.0013024599
53 10   0.0001708799   0.0007834552  -0.0001152510  -0.0096783938  -0.3379763176
53 11  -0.0176378521   0.0107848631   0.3592295075   0.0190327487  -0.0004221829
53 12  -0.0122713509  -0.0032341463   0.0001683028   0.0008812862   0.0000954549
53 13  -0.0003544193   0.0003592909   0.0032403254  -0.0000181260  -0.0006351805
53 14  -0.0002619976   0.0000515705   0.0007771127   0.0001250698   0.0000422192
53 15  -0.0000444812  -0.0000109042
54  1  -0.0000119014   0.0000737990  -0.0000673163  -0.0004216908   0.0000451045
54  2  -0.0002644982   0.0004500441   0.0000221367  -0.0002562670   0.0000180190
54  3   0.0000692920  -0.0000644384  -0.0000329546  -0.0000739859   0.0005468286
54  4   0.0000078574   0.0000139759  -0.0000391606  -0.0004541309  -0.0000602448
54  5  -0.0003068358  -0.0000097831  -0.0000391440  -0.0000590118   0.0004423210
54  6  -0.0001122327  -0.0003095129   0.0000069364  -0.0000416806  -0.0000606998
54  7   0.0000104118  -0.0000847771   0.0005722064  -0.0000073240   0.0000170378
54  8  -0.0000390501  -0.0000463955  -0.0015891603  -0.0000654074   0.0003686718
54  9  -0.0019874950  -0.0051748318  -0.0010101394  -0.0298998459   0.0029241666
54 10  -0.0001574778   0.0006365965   0.0011718640   0.0001773430  -0.0176533621
54 11  -0.0603617566  -0.0005158144   0.0190327487   0.0599925159   0.0008619997
54 12   0.0279797904   0.0063067837  -0.0001986657  -0.0006463447   0.0010906325
54 13   0.0005018828   0.0026612103  -0.0045138233   0.0000543583   0.0015175961
54 14   0.0001024089   0.0000159227   0.0001296453  -0.0012774400  -0.0000494902
54 15  -0.0000106602   0.0001526436
55  1   0.0000069473  -0.0000205261   0.0000091938   0.0000028616   0.0000364004
55  2   0.0000485781   0.0000178573  -0.0000417199  -0.0000398446   0.0000088773
55  3   0.0000162995  -0.0000048920   0.0000362487  -0.0000291444  -0.0000230609
55  4   0.0000281813   0.0000345057  -0.0000107693  -0.0000583669  -0.0000408238
55  5  -0.0000480120   0.0000146659   0.0000520973   0.0000422985  -0.0000445403
55  6   0.0000422630   0.0000463866  -0.0000009066  -0.0000372601  -0.0000350586
55  7   0.0000164936   0.0000283311   0.0000268109   0.0000276706  -0.0000410713
55  8   0.0000096764  -0.0005908178  -0.0000406692  -0.0000050636  -0.0088806538
55  9  -0.0024038300   0.0010489547   0.0093005712   0.0022870369   0.0033137312
55 10   0.0069803115  -0.0001446531   0.0002285865  -0.0634979412  -0.0087363609
55 11   0.0092739457   0.0033815268  -0.0004221829   0.0008619997   0.1316093944
55 12   0.0175129819  -0.0192615477  -0.0356183661   0.0011152464   0.0046480012
55 13  -0.0588127616  -0.0077734207   0.0030263688   0.0017599238  -0.0014755390
55 14  -0.0002199504   0.0066142422   0.0002006390  -0.0033176224   0.0076985808
55 15  -0.0001185996   0.0003812892
56  1   0.0000163039  -0.0000064172   0.0000149765  -0.0001740559  -0.0001792575
56  2  -0.0001487704   0.0001591623  -0.0001938128  -0.0001419585  -0.0000181408
56  3  -0.0000079643   0.0000161246   0.0001441389  -0.0000002570   0.0001462723
56  4  -0.0000263129  -0.0000042751  -0.0000101993   0.0000721992   0.0000950748
56  5   0.0001286842  -0.0000278076  -0.0000191782  -0.0000304764  -0.0000585149
56  6   0.0001003804   0.0001269635   0.0000265132  -0.0000198418  -0.0000283643
56  7  -0.0001463867   0.0000161965   0.0001493998   0.0000232011  -0.0000023726
56  8  -0.0000090161  -0.0000416947  -0.0009156752   0.0008330899  -0.0024264449
56  9  -0.0524922643   0.0267547991   0.0007776346   0.0619928775   0.0291830772
56 10  -0.0001101738  -0.0004536285  -0.0041840118  -0.0065664121  -0.1912744410
56 11   0.0637455382  -0.0014991530  -0.0122713509   0.0279797904   0.0175129819
56 12   0.6748071259   0.0290470789   0.0011102230  -0.1139846659  -0.1094145576
56 13  -0.0099539000  -0.3324861265   0.0185139524  -0.0003707676  -0.0122123908
56 14  -0.0030766556   0.0017353500  -0.0215478517  -0.0776419251  -0.0001579433
56 15   0.0010601162  -0.0019538121
57  1   0.0000135391   0.0000344168  -0.0000356947  -0.0000300027  -0.0001014804
57  2  -0.0002659343   0.0000389525  -0.0001054342  -0.0002687757  -0.0000075656
57  3   0.0000349617  -0.0000342565   0.0000077259  -0.0001213923   0.0000918230
57  4   0.0000282750   0.0000376505   0.0000040558   0.0000268026   0.0000272700
57  5   0.0001396475  -0.0001245963  -0.0001141272  -0.0000906065  -0.0000456240
57  6   0.0000414684   0.0001514238   0.0001164672  -0.0001387101  -0.0001014711
57  7  -0.0000137545  -0.0001165829   0.0000952140  -0.0000187661   0.0000338029
57  8   0.0000072642  -0.0000040930   0.0008547032   0.0003774435   0.0010298688
57  9   0.0261776499  -0.0124292689   0.0018502872  -0.0141405456  -0.0576455785
57 10   0.0002610182  -0.0031938157  -0.0036912140   0.0114376143   0.1267840266
57 11  -0.2695833085  -0.0002055411  -0.0032341463   0.0063067837  -0.0192615477
57 12   0.0290470789   0.7168291502   0.0046423572  -0.1094767030  -0.2775921169
57 13   0.0008597988  -0.0445498050  -0.1277135623   0.0008671963   0.0288008432
57 14   0.0051177448  -0.0018085570  -0.0334378871   0.0255343012   0.0003401448
57 15  -0.0031432422  -0.0052030638
58  1  -0.0000041246   0.0000042617   0.0000003970  -0.0000238442   0.0000103396
58  2  -0.0000298461  -0.0000335327  -0.0000113672   0.0000133485  -0.0000034793
58  3  -0.0000016036  -0.0000046887  -0.0000373114   0.0000285703   0.0000525340
58  4  -0.0000217982  -0.0000182354   0.0000179841   0.0000651715   0.0000654995
58  5   0.0000583439  -0.0000237703  -0.0000715056  -0.0000611869   0.0000647913
58  6  -0.0000544938  -0.0000646731  -0.0000080320   0.0000616591   0.0000544411
58  7  -0.0000277253  -0.0000242650  -0.0000333161  -0.0000229109   0.0000218333
58  8  -0.0000193480  -0.0014250597   0.0000558351  -0.0000513928  -0.0004348042
58  9  -0.0000458648   0.0000031567   0.0069746019  -0.0004423988   0.0004565416
58 10   0.0003074856   0.0000313581   0.0000848551   0.0030156320   0.0008206146
58 11   0.0013533037  -0.0040542822   0.0001683028  -0.0001986657  -0.0356183661
58 12   0.0011102230   0.0046423572   0.0253707634  -0.0009791504  -0.0052903352
58 13   0.0018814947  -0.0004197637  -0.0010304608  -0.0037125650   0.0001859136
58 14  -0.0001390289   0.0075216814  -0.0004592371   0.0002292366   0.0002499840
58 15  -0.0000365252  -0.0000435573
59  1  -0.0000027344   0.0000044306  -0.0000162369   0.0000133064  -0.0000221749
59  2  -0.0000207079  -0.0000150814  -0.0000206873  -0.0000261079   0.0000039750
59  3   0.0000049502  -0.0000157406  -0.0000575620   0.0000363444   0.0000764336
59  4   0.0000147193  -0.0000003171  -0.0000068484  -0.0000368500   0.0001104263
59  5  -0.0000631387  -0.0000306764  -0.0000359766  -0.0000223214   0.0000403068
59  6   0.0001213785  -0.0000546170   0.0000310694  -0.0000534349  -0.0000313787
59  7   0.0000666490   0.0000376346   0.0000857574  -0.0000122035  -0.0000008542
59  8  -0.0000044708   0.0000556108   0.0001081092  -0.0000888202  -0.0000451545
59  9  -0.0008795041   0.0008335348  -0.0004086542  -0.0014024502   0.0034604525
59 10  -0.0000295638   0.0004296132   0.0009787578  -0.0002792034   0.0119354464
59 11   0.0168868008   0.0001958946   0.0008812862  -0.0006463447   0.0011152464
59 12  -0.1139846659  -0.1094767030  -0.0009791504   0.1171862181   0.1185720004
59 13   0.0006848006  -0.0089658243  -0.0303985019   0.0001509170   0.0012160615
59 14   0.0005322618  -0.0004993503  -0.0060473356   0.0010345011   0.0000236889
59 15  -0.0006586742  -0.0015885621
60  1   0.0000121787  -0.0000222801   0.0000244776  -0.0000157100   0.0000085616
60  2   0.0000566169   0.0000132658   0.0000061091   0.0000598742  -0.0000151230
60  3  -0.0000220616   0.0000247852   0.0000249395   0.0000019985  -0.0000656997
60  4  -0.0000063382   0.0000066354  -0.0000036569   0.0000593128  -0.0000747897
60  5   0.0000175798   0.0000356935   0.0000684645   0.0000489646  -0.0000623212
60  6  -0.0000792990   0.0000145845  -0.0000311315   0.0000783921   0.0000548432
60  7  -0.0000263226   0.0000022177  -0.0000737748   0.0000035592   0.0000100923
60  8  -0.0000053166  -0.0000517064  -0.0001022653  -0.0000333327   0.0000039695
60  9   0.0008700044   0.0003193166   0.0004894463   0.0044472912  -0.0027234645
60 10   0.0000242968  -0.0007801071  -0.0011666042   0.0002786093  -0.0146510603
60 11  -0.0195012077  -0.0001788547   0.0000954549   0.0010906325   0.0046480012
60 12  -0.1094145576  -0.2775921169  -0.0052903352   0.1185720004   0.2950402383
60 13   0.0000548153   0.0014352072   0.0016968215  -0.0001740795  -0.0004915526
60 14   0.0008132009   0.0001878413  -0.0001233687   0.0019573956   0.0000159932
60 15   0.0001589129  -0.0000541572
61  1  -0.0000029671   0.0000065962  -0.0000038623   0.0000307834  -0.0000485070
61  2  -0.0000147347   0.0000513174   0.0000401360   0.0000115330  -0.0000011502
61  3  -0.0000025502   0.0000009068  -0.0000167805   0.0000417911  -0.0000329326
61  4   0.0000059889   0.0000003578  -0.0000069746  -0.0000087717   0.0000003859
61  5  -0.0000481561  -0.0000005798   0.0000129819   0.0000148385   0.0000099997
61  6   0.0000028529   0.0000486536  -0.0000020083  -0.0000164501  -0.0000187755
61  7  -0.0000316285  -0.0000440878   0.0000411828   0.0000063523  -0.0000031016
61  8   0.0000074430   0.0074656948  -0.0004223253   0.0005093857   0.0069321760
61  9   0.0008364835   0.0017520608  -0.0087508599  -0.0001754436  -0.0006618473
61 10  -0.0004152907   0.0000237028  -0.0000519035   0.0070646159  -0.0023336429
61 11   0.0013053355   0.0074097486  -0.0003544193   0.0005018828  -0.0588127616
61 12  -0.0099539000   0.0008597988   0.0018814947   0.0006848006   0.0000548153
61 13   0.1289352932   0.0199905262  -0.0212821610  -0.0353587008  -0.0080381875
61 14   0.0116961873  -0.0580313854   0.0002304141   0.0063911703   0.0016394198
61 15  -0.0004784139  -0.0010738468
62  1  -0.0000138625   0.0000326699  -0.0000214407  -0.0001018864  -0.0000374961
62  2  -0.0000080404   0.0000891114  -0.0000514465  -0.0000078947   0.0000174042
62  3   0.0000326217  -0.0000224888   0.0000187437   0.0000016969  -0.0000024481
62  4  -0.0000070255  -0.0000093186   0.0000057050  -0.0000602051   0.0000615711
62  5  -0.0000016941  -0.0000095720  -0.0000379610  -0.0000374478   0.0000666041
62  6   0.0000541486  -0.0000056345   0.0000065141  -0.0000354671  -0.0000345304
62  7  -0.0000183140   0.0000059785  -0.0000075981   0.0000069615  -0.0000123619
62  8   0.0000045238  -0.0004617142  -0.0014156778   0.0045483443   0.0023785288
62  9   0.0617381887  -0.0146530478  -0.0001934030  -0.0453382654  -0.0303873131
62 10   0.0000267614  -0.0006526982  -0.0009913079  -0.0038324977  -0.0340108509
62 11   0.0700610287  -0.0003339321   0.0003592909   0.0026612103  -0.0077734207
62 12  -0.3324861265  -0.0445498050  -0.0004197637  -0.0089658243   0.0014352072
62 13   0.0199905262   0.6811777237  -0.0328338531  -0.0080375488  -0.1427415254
62 14   0.1255920885  -0.0019652219  -0.1672822653  -0.0508048634   0.0006272121
62 15  -0.0103866051  -0.0299386999
63  1   0.0000050101  -0.0000045418   0.0000109912   0.0000068872   0.0000441845
63  2   0.0000786069  -0.0000049585   0.0000476792   0.0000797230  -0.0000059745
63  3  -0.0000051081   0.0000110193  -0.0000057844  -0.0000002958  -0.0000898565
63  4   0.0000043791   0.0000129341   0.0000015185  -0.0000239799  -0.0000605191
63  5  -0.0000126797   0.0000473683   0.0000631410   0.0000422803   0.0000231348
63  6  -0.0000652112  -0.0000114976  -0.0000416154   0.0000710188   0.0000446926
63  7   0.0000051701   0.0000000064  -0.0000874461  -0.0000032205   0.0000131969
63  8   0.0000018181   0.0004697404   0.0033908344  -0.0027000664   0.0032541585
63  9   0.0297025972  -0.0577998801  -0.0006816753  -0.0309824579  -0.0196986759
63 10  -0.0000498357  -0.0009543149   0.0000879705  -0.0001866342   0.0265572283
63 11   0.0388867700   0.0005195472   0.0032403254  -0.0045138233   0.0030263688
63 12   0.0185139524  -0.1277135623  -0.0010304608  -0.0303985019   0.0016968215
63 13  -0.0212821610  -0.0328338531   0.7091838675   0.0117009259   0.1256681576
63 14  -0.2485241056   0.0042381243  -0.1139939409  -0.2920590147   0.0000154854
63 15   0.0019734885   0.0030845287
64  1  -0.0000003095   0.0000040619  -0.0000023465  -0.0000015072  -0.0000020916
64  2  -0.0000071047   0.0000010982   0.0000001479   0.0000030735  -0.0000002626
64  3  -0.0000024309   0.0000018255   0.0000045040   0.0000045541   0.0000023922
64  4  -0.0000065823  -0.0000054008   0.0000031325   0.0000034636   0.0000033351
64  5   0.0000072059   0.0000004261  -0.0000029009  -0.0000051168   0.0000030879
64  6  -0.0000058209  -0.0000030354   0.0000011755   0.0000032633   0.0000043756
64  7  -0.0000004315  -0.0000074965  -0.0000028171  -0.0000058273   0.0000066488
64  8  -0.0000028365   0.0002748779  -0.0000289717   0.0000219724   0.0074940555
64  9  -0.0001241380   0.0002808758  -0.0005968087   0.0000292013  -0.0000593199
64 10  -0.0014266578   0.0000483195  -0.0000452447   0.0076481547  -0.0004365520
64 11   0.0001391867   0.0001729527  -0.0000181260   0.0000543583   0.0017599238
64 12  -0.0003707676   0.0008671963  -0.0037125650   0.0001509170  -0.0001740795
64 13  -0.0353587008  -0.0080375488   0.0117009259   0.0256972750   0.0089317100
64 14  -0.0129031052   0.0017704985  -0.0003095059   0.0002647119  -0.0037218406
64 15   0.0001695930  -0.0001462263
65  1   0.0000001936   0.0000094461  -0.0000005000  -0.0000283542  -0.0000305901
65  2  -0.0000397626   0.0000252030  -0.0000327910  -0.0000395545   0.0000005844
65  3   0.0000095110  -0.0000007331   0.0000365931  -0.0000201906   0.0000036485
65  4  -0.0000025574   0.0000061846   0.0000020241   0.0000221393  -0.0000107121
65  5   0.0000393083  -0.0000086183  -0.0000021376  -0.0000080376  -0.0000232330
65  6  -0.0000082720   0.0000403218   0.0000085254  -0.0000034713  -0.0000083499
65  7  -0.0000392399  -0.0000170075   0.0000043206   0.0000036335   0.0000053140
65  8   0.0000025562   0.0000318712   0.0004144508  -0.0007831927  -0.0001640684
65  9  -0.0004604447  -0.0031313497   0.0000313424  -0.0006897928  -0.0009876896
65 10   0.0000472508   0.0000822157   0.0001200092  -0.0003961627  -0.0059700057
65 11  -0.0020224866  -0.0000792634  -0.0006351805   0.0015175961  -0.0014755390
65 12  -0.0122123908   0.0288008432   0.0001859136   0.0012160615  -0.0004915526
65 13  -0.0080381875  -0.1427415254   0.1256681576   0.0089317100   0.1485701331
65 14  -0.1360947075   0.0007946246   0.0116238528  -0.0132531227   0.0001356389
65 15   0.0008973423   0.0006622534
66  1   0.0000021735  -0.0000081014  -0.0000002256   0.0000044593   0.0000085006
66  2   0.0000079266  -0.0000027324   0.0000092768   0.0000084399  -0.0000028415
66  3  -0.0000084274   0.0000001553  -0.0000167057   0.0000110096   0.0000031526
66  4   0.0000005433  -0.0000053323  -0.0000015968  -0.0000061136   0.0000128817
66  5  -0.0000097846  -0.0000022105  -0.0000072370   0.0000002908   0.0000066857
66  6   0.0000123697  -0.0000096866   0.0000015420  -0.0000075413   0.0000004851
66  7   0.0000180555   0.0000091993   0.0000025573  -0.0000014795  -0.0000046977
66  8  -0.0000016746   0.0000823862   0.0009760425  -0.0011345357   0.0002413744
66  9  -0.0042870379  -0.0036722674  -0.0000584781  -0.0009671718   0.0001463228
66 10  -0.0000457039   0.0001068984  -0.0000068588   0.0001766152  -0.0008627724
66 11   0.0017111640  -0.0000065695  -0.0002619976   0.0001024089  -0.0002199504
66 12  -0.0030766556   0.0051177448  -0.0001390289   0.0005322618   0.0008132009
66 13   0.0116961873   0.1255920885  -0.2485241056  -0.0129031052  -0.1360947075
66 14   0.2632425507   0.0013550313   0.0186539867  -0.0189332466  -0.0001801344
66 15  -0.0003328357   0.0011375825
67  1  -0.0000014067   0.0000050042  -0.0000006448  -0.0000104862  -0.0000036068
67  2   0.0000066053   0.0000005445   0.0000005629  -0.0000079049  -0.0000011506
67  3  -0.0000021950  -0.0000002270  -0.0000004718  -0.0000091562   0.0000040259
67  4   0.0000006786   0.0000024389   0.0000001035  -0.0000093674   0.0000015251
67  5   0.0000113310  -0.0000019135  -0.0000040087  -0.0000015136   0.0000012025
67  6  -0.0000016764  -0.0000108430  -0.0000018677   0.0000036745  -0.0000001945
67  7  -0.0000029868   0.0000104951   0.0000005987   0.0000005080  -0.0000025882
67  8   0.0000000735   0.0017864598  -0.0002514906   0.0002208921  -0.0585318515
67  9  -0.0066548426   0.0116057089   0.0064471116  -0.0038352047  -0.0002258354
67 10   0.0075117616  -0.0003845157   0.0001740978  -0.0074007625   0.0001357319
67 11   0.0021639218  -0.0008962144   0.0000515705   0.0000159227   0.0066142422
67 12   0.0017353500  -0.0018085570   0.0075216814  -0.0004993503   0.0001878413
67 13  -0.0580313854  -0.0019652219   0.0042381243   0.0017704985   0.0007946246
67 14   0.0013550313   0.1277847468   0.0204348922  -0.0182462316  -0.0345495709
67 15  -0.0095620128   0.0003176739
68  1  -0.0000061656   0.0000193291   0.0000024150  -0.0000238640  -0.0000292840
68  2  -0.0000422462   0.0000149207  -0.0000309594  -0.0000428297   0.0000077685
68  3   0.0000194512   0.0000019189   0.0000700703  -0.0000395742  -0.0000021367
68  4  -0.0000065480   0.0000077936   0.0000010019   0.0000090513  -0.0000393978
68  5   0.0000482852   0.0000071349   0.0000160824  -0.0000014329  -0.0000128621
68  6  -0.0000374647   0.0000471651  -0.0000053526   0.0000172517  -0.0000002781
68  7  -0.0000744440  -0.0000339586   0.0000016599   0.0000066625   0.0000073024
68  8   0.0000013219   0.0008574031   0.0118192423  -0.0148136183  -0.0088389832
68  9  -0.1894395433   0.1264415613  -0.0023023123  -0.0344123633   0.0258814145
68 10  -0.0004256298  -0.0058096370  -0.0008711580   0.0001363255   0.0007406669
68 11   0.0041293792   0.0000517781   0.0007771127   0.0001296453   0.0002006390
68 12  -0.0215478517  -0.0334378871  -0.0004592371  -0.0060473356  -0.0001233687
68 13   0.0002304141  -0.1672822653  -0.1139939409  -0.0003095059   0.0116238528
68 14   0.0186539867   0.0204348922   0.7311746005   0.0051858726  -0.0095621557
68 15  -0.3314730507  -0.0171967308
69  1   0.0000064620  -0.0000198364   0.0000151950   0.0000764082   0.0000170024
69  2  -0.0000091524  -0.0000614748   0.0000250993   0.0000014960  -0.0000065995
69  3  -0.0000196301   0.0000165148   0.0000082444  -0.0000046438   0.0000314940
69  4  -0.0000011539  -0.0000001761  -0.0000023038   0.0000634232  -0.0000298367
69  5   0.0000060119   0.0000071048   0.0000196562   0.0000190594  -0.0000779211
69  6  -0.0000245123  -0.0000015470  -0.0000057098   0.0000197261   0.0000181604
69  7  -0.0000097673  -0.0000003906   0.0000206262  -0.0000001667   0.0000021551
69  8  -0.0000037217   0.0013092958   0.0170974958  -0.0191308048   0.0094497482
69  9   0.0632587470  -0.2695387343   0.0012885785   0.0701036190   0.0386340250
69 10   0.0001327887  -0.0020307282   0.0017143617   0.0021641722   0.0041388969
69 11  -0.0656886888   0.0000170843   0.0001250698  -0.0012774400  -0.0033176224
69 12  -0.0776419251   0.0255343012   0.0002292366   0.0010345011   0.0019573956
69 13   0.0063911703  -0.0508048634  -0.2920590147   0.0002647119  -0.0132531227
69 14  -0.0189332466  -0.0182462316   0.0051858726   0.6589671099   0.0003182181
69 15  -0.0171981756  -0.0602910970
70  1   0.0000000223   0.0000037853  -0.0000028685  -0.0000006545   0.0000004628
70  2  -0.0000008142  -0.0000000760  -0.0000020789  -0.0000007817   0.0000004716
70  3  -0.0000021583   0.0000024330   0.0000029489   0.0000006180   0.0000015128
70  4  -0.0000032487  -0.0000026035  -0.0000002139   0.0000009457  -0.0000012068
70  5  -0.0000004736   0.0000000177  -0.0000026879  -0.0000034747   0.0000001219
70  6   0.0000006691  -0.0000002185   0.0000004562   0.0000026206   0.0000028153
70  7   0.0000008991  -0.0000011211   0.0000010639  -0.0000028423   0.0000031854
70  8   0.0000002599  -0.0037202033   0.0001832352  -0.0001568229   0.0015815793
70  9  -0.0014854033  -0.0003022577   0.0076820271  -0.0003416669   0.0005526268
70 10   0.0002467414  -0.0000887597  -0.0000042154  -0.0010394444   0.0000549173
70 11   0.0000141792  -0.0012565360   0.0000422192  -0.0000494902   0.0076985808
70 12  -0.0001579433   0.0003401448   0.0002499840   0.0000236889   0.0000159932
70 13   0.0016394198   0.0006272121   0.0000154854  -0.0037218406   0.0001356389
70 14  -0.0001801344  -0.0345495709  -0.0095621557   0.0003182181   0.0251902010
70 15   0.0105695324  -0.0005629669
71  1  -0.0000032962   0.0000137688   0.0000004009  -0.0000110629  -0.0000160769
71  2  -0.0000138274   0.0000093340  -0.0000173170  -0.0000130483   0.0000047041
71  3   0.0000140265  -0.0000000334   0.0000268673  -0.0000151246   0.0000000666
71  4  -0.0000014899   0.0000082044   0.0000007315   0.0000092995  -0.0000179377
71  5   0.0000111135   0.0000039850   0.0000125780   0.0000009754  -0.0000105159
71  6  -0.0000172889   0.0000103809  -0.0000027602   0.0000129741   0.0000009831
71  7  -0.0000279395  -0.0000124238  -0.0000007234   0.0000025075   0.0000077924
71  8   0.0000004711   0.0001483776   0.0009401555   0.0003196897  -0.0003783225
71  9  -0.0136010819  -0.0040796859  -0.0003844098   0.0003423049   0.0038138315
71 10  -0.0000277135  -0.0008242207  -0.0002570095   0.0000566138   0.0007604923
71 11   0.0001310075   0.0000422477  -0.0000444812  -0.0000106602  -0.0001185996
71 12   0.0010601162  -0.0031432422  -0.0000365252  -0.0006586742   0.0001589129
71 13  -0.0004784139  -0.0103866051   0.0019734885   0.0001695930   0.0008973423
71 14  -0.0003328357  -0.0095620128  -0.3314730507  -0.0171981756   0.0105695324
71 15   0.3530145273   0.0186271883
72  1   0.0000050053  -0.0000092151   0.0000057329   0.0000015994   0.0000060760
72  2   0.0000044702  -0.0000009548   0.0000067809   0.0000047518  -0.0000061900
72  3  -0.0000095174   0.0000061655   0.0000021724   0.0000001539  -0.0000116739
72  4  -0.0000004402   0.0000003032  -0.0000004305   0.0000024682  -0.0000096009
72  5   0.0000051910   0.0000064947   0.0000096798   0.0000071605  -0.0000032023
72  6  -0.0000097865   0.0000051675  -0.0000056151   0.0000109430   0.0000077504
72  7  -0.0000025642   0.0000002074  -0.0000114407  -0.0000000871   0.0000008204
72  8  -0.0000003597  -0.0001901883  -0.0006756471   0.0010934980   0.0007865341
72  9   0.0278313406   0.0063567169   0.0005124967   0.0026246311  -0.0044717848
72 10   0.0000555580   0.0014906151   0.0001140776   0.0000139681   0.0001314831
72 11  -0.0013131178  -0.0000494210  -0.0000109042   0.0001526436   0.0003812892
72 12  -0.0019538121  -0.0052030638  -0.0000435573  -0.0015885621  -0.0000541572
72 13  -0.0010738468  -0.0299386999   0.0030845287  -0.0001462263   0.0006622534
72 14   0.0011375825   0.0003176739  -0.0171967308  -0.0602910970  -0.0005629669
72 15   0.0186271883   0.0593716886
$end
