$vibrational normal modes
 1  1   0.0043258750  -0.0006270063   0.1800271559  -0.2830510469   0.2130734150
 1  2  -0.0520969526  -0.1135544286  -0.0683871247  -0.0149593993  -0.0081824444
 1  3  -0.0152316711  -0.0525152072  -0.0136854024   0.0067454576  -0.0187534566
 1  4  -0.0005197945   0.2646841013  -0.0305084021  -0.0312163811   0.0010167486
 1  5  -0.0015322291   0.0183473572  -0.0006383257  -0.0163322595   0.0062169955
 1  6   0.0001865528  -0.0217900122   0.0125879422   0.0011428542   0.0023103611
 1  7  -0.0128586460   0.0219623888  -0.0053012868   0.0207328343  -0.1396563161
 1  8  -0.0436965696  -0.0139086085   0.1418111588   0.2144357631  -0.0206676289
 1  9  -0.3696396362  -0.2128461050   0.0078689017   0.3540228040   0.0325943454
 1 10   0.4258654964  -0.0188814176  -0.2590764982  -0.1554494324   0.1784202862
 1 11  -0.0008178919  -0.3513281546  -0.1515235920  -0.0090362813  -0.4278426918
 1 12   0.1326536231  -0.1035424689   0.3549964360  -0.0597717808   0.0032236928
 1 13  -0.0001981948  -0.2033369441   0.0025075885   0.2381413792  -0.1526788452
 1 14  -0.0282514564  -0.0130294880  -0.2415238765   0.1385075972   0.0039745534
 1 15  -0.1929625307   0.0220911189
 2  1   0.2202320336  -0.1649000510   0.0175825255  -0.0514457821   0.0212341475
 2  2   0.2158156658  -0.0250690583  -0.0057573429   0.1149719977  -0.2125143233
 2  3  -0.3786800042   0.1760892925  -0.2851616027   0.1355845633  -0.4195090467
 2  4   0.0052742071  -0.0155886188   0.0247048433   0.0205927861  -0.0027697871
 2  5  -0.0159744577   0.4049031804  -0.0211395732  -0.3513490829   0.0980906632
 2  6  -0.0020742014  -0.4825294851   0.2842763737   0.0185734235  -0.0028368329
 2  7  -0.2949066790   0.4806155700   0.0468537621   0.4034075308   0.0265828944
 2  8   0.0120280302  -0.0043247593  -0.0075904311  -0.0074281152  -0.0016758573
 2  9   0.0012343249   0.0072224152  -0.0017838642  -0.0032347035   0.0007583048
 2 10  -0.0033270450   0.0024174349   0.0025375454   0.0020233619   0.0005902658
 2 11  -0.0002680045   0.0027578609  -0.0038202051  -0.0000316184   0.0079636123
 2 12   0.0043215862  -0.0101942674  -0.0087315063  -0.0001246162  -0.0014836196
 2 13   0.0000256064   0.0332410830  -0.0002963970  -0.0390426933   0.0246862364
 2 14   0.0045268769   0.0020029883   0.0390966151  -0.0231394074  -0.0005182207
 2 15   0.0314612899  -0.0040242026
 3  1   0.0467209468  -0.0220583301  -0.0981129397   0.1837345014   0.1120649819
 3  2   0.1380989905   0.0695291729  -0.1224051558   0.0751649407  -0.0149907567
 3  3   0.0417411773   0.0154835827  -0.0190724435   0.0088377316  -0.0284882077
 3  4   0.0006038427   0.0790043111  -0.3205431977   0.0014851877  -0.0028868468
 3  5  -0.0002879898   0.0267829503  -0.0017415669  -0.0241905349   0.0047657792
 3  6  -0.0006226264  -0.0320288232   0.0188967164   0.0008613856  -0.0023709425
 3  7  -0.0191367673   0.0320251389   0.0100699689   0.0231026369  -0.2473521698
 3  8  -0.0807590343  -0.0201916676   0.2501249685  -0.0373721458   0.0068682730
 3  9   0.2855314220   0.0272902997  -0.0038414583  -0.2001042902  -0.0188684698
 3 10  -0.2424970785   0.0098372289   0.1425525463   0.0880591748  -0.1002460566
 3 11   0.0008572795   0.1981795234   0.1612015972   0.0110027799   0.1739437111
 3 12  -0.1525859385   0.2230532873  -0.1079944633   0.0422902596   0.0013311142
 3 13  -0.0003484155  -0.3611892006   0.0043964084   0.4250886451  -0.2670629278
 3 14  -0.0493894194  -0.0228618153  -0.4235749193   0.2540260628   0.0070301232
 3 15  -0.3425928802   0.0392804051
 4  1   0.0015948004  -0.0048875002   0.1016999143  -0.1874330787   0.2267003240
 4  2  -0.0183722482  -0.0733927880  -0.0053722514  -0.0102119773  -0.0083928088
 4  3  -0.0071090023  -0.0559757989  -0.0062503786   0.0029892326  -0.0085904566
 4  4  -0.0006627493  -0.0114223612  -0.2196102995   0.0080525970  -0.0021662627
 4  5  -0.0003764061  -0.0016438770  -0.0002780392  -0.0097358067  -0.0001582615
 4  6  -0.0000954600   0.0033268416  -0.0021661783  -0.0001858573   0.0004434262
 4  7   0.0028673174  -0.0038567221  -0.0010765913  -0.0030487650  -0.1282114090
 4  8  -0.0414263297  -0.0107369879   0.1416117036   0.0613960485  -0.0046610984
 4  9  -0.0322040178  -0.0636483978   0.0010367322   0.0264116646   0.0034210231
 4 10   0.0464652891  -0.0024169045  -0.0301320469   0.1723984470  -0.2013920904
 4 11  -0.0001341427   0.0525467418   0.0763998959   0.0049826270   0.0847336627
 4 12  -0.0725438335   0.1988932131  -0.2101800160   0.0526973146  -0.0010597134
 4 13   0.0000080569   0.0168611051  -0.0002479374  -0.0195347893   0.0142195690
 4 14   0.0026258267   0.0012391838   0.0228280055  -0.0102053763  -0.0003708822
 4 15   0.0176213992  -0.0020186322
 5  1   0.1227514753  -0.0905446041   0.0096584127  -0.0413287929  -0.0116128859
 5  2   0.1937130955  -0.0489430402   0.0121392335   0.0595060836  -0.2053054712
 5  3  -0.2126037013   0.0994840415  -0.1293439356   0.0621925733  -0.1902502152
 5  4   0.0023850877  -0.0153844800   0.0247727462   0.0003340931   0.0003954747
 5  5   0.0004920065  -0.0344214521  -0.0103895959  -0.2040012946  -0.0149633632
 5  6   0.0000584180   0.0725022155  -0.0423733682  -0.0035647981   0.0004176953
 5  7   0.0544911983  -0.0890396376  -0.0069531322  -0.0581811068   0.0217448785
 5  8   0.0066271560   0.0027312646  -0.0270495780  -0.0058473609   0.0007026689
 5  9  -0.0053385136   0.0069702463   0.0001037453  -0.0000801023  -0.0001500038
 5 10  -0.0003442672  -0.0000960543   0.0001889974  -0.0013626162   0.0011596312
 5 11   0.0000446291  -0.0003500246  -0.0048894759  -0.0003486976   0.0031765000
 5 12   0.0049151982  -0.0120567625  -0.0043165519  -0.0009475355   0.0000147971
 5 13   0.0000111503  -0.0027853685   0.0000323416   0.0033283297  -0.0021318059
 5 14  -0.0003622421  -0.0001847097  -0.0035089668   0.0020603320   0.0000214841
 5 15  -0.0028896710   0.0004591015
 6  1   0.0393043321  -0.0128673341  -0.0546437696   0.1307791692   0.1013707534
 6  2   0.1170651997   0.0447053541  -0.1562734577   0.0673984342  -0.0143050853
 6  3   0.0523682024   0.0103744752  -0.0090182742   0.0041724239  -0.0131478992
 6  4   0.0004040703   0.2355650739  -0.2153362096  -0.0223667498  -0.0009070346
 6  5   0.0004283405  -0.0024020195  -0.0009784235  -0.0144835245  -0.0019007229
 6  6  -0.0001592207   0.0048828642  -0.0029067294  -0.0003273059  -0.0009501214
 6  7   0.0040887511  -0.0058642350   0.0026845884  -0.0060793923  -0.2274278860
 6  8  -0.0737340052  -0.0187721694   0.2515220505   0.0433427718  -0.0015205440
 6  9   0.0895933686  -0.0504958116   0.0002538253  -0.0151962834  -0.0025012171
 6 10  -0.0284833529   0.0001871756   0.0133031542  -0.0972095342   0.1136474016
 6 11   0.0004761811  -0.0296498727   0.0189874247   0.0019921732  -0.1030517158
 6 12  -0.0228280936   0.0364421188   0.2018475172  -0.0221683735   0.0036947309
 6 13   0.0000340655   0.0301191744  -0.0003973532  -0.0365988558   0.0221382126
 6 14   0.0041124843   0.0020057224   0.0369495300  -0.0238930814  -0.0006450960
 6 15   0.0313714702  -0.0036347398
 7  1   0.0023854810   0.0028677113   0.0996029767  -0.1837985294   0.2242607652
 7  2  -0.0190930277  -0.0754229892  -0.0051658002  -0.0100041291  -0.0081652471
 7  3  -0.0065816104  -0.0664269704  -0.0023461529   0.0043583464   0.0105344300
 7  4  -0.0008612427   0.0388486090  -0.2215163108   0.0014317487  -0.0016474186
 7  5  -0.0003162548  -0.0017375260   0.0007107544   0.0096034521   0.0012012391
 7  6  -0.0000650977   0.0036775184   0.0016102116   0.0001435317   0.0003707100
 7  7   0.0020509330   0.0046656008   0.0001129929   0.0015452147   0.1338944859
 7  8   0.0431608099   0.0105704975   0.1476645411  -0.0596812852   0.0035370139
 7  9  -0.0349815461   0.0652200374  -0.0010144972  -0.0259777627  -0.0032951860
 7 10  -0.0468912023  -0.0022762348  -0.0280595685  -0.1699951778   0.1985943492
 7 11   0.0000922467   0.0517996426  -0.0696258255  -0.0055749198   0.0886743808
 7 12   0.0724709261  -0.2770234352   0.0776999368  -0.0447185368  -0.0010952080
 7 13   0.0000067784   0.0176000876   0.0002798216  -0.0212959446  -0.0136130118
 7 14  -0.0026394500  -0.0013027935  -0.0242703442  -0.0091783318   0.0004362504
 7 15  -0.0183521481   0.0021042852
 8  1   0.1353680432   0.0743991273  -0.0129078093   0.0090722630  -0.0670731747
 8  2   0.1690389442  -0.1029388284  -0.0005298280   0.0618563097  -0.2014168713
 8  3  -0.1998947020  -0.1201125239  -0.0505779524   0.0941702653   0.2129106992
 8  4  -0.0020863414  -0.0159123862  -0.0056215611   0.0012872451   0.0001247506
 8  5   0.0014443626  -0.0342700609   0.0105665442   0.2041703388   0.0142046995
 8  6   0.0006691414   0.0755182808   0.0370963630   0.0033739029  -0.0002142138
 8  7   0.0498689108   0.0919715305   0.0070596155   0.0576674233   0.0107591846
 8  8   0.0035576496   0.0018779305   0.0131839138  -0.0005465942   0.0005894020
 8  9   0.0083669051   0.0008539209   0.0001657208   0.0024781314   0.0001731674
 8 10   0.0042258974   0.0001423992   0.0025701034   0.0151044932  -0.0180844633
 8 11   0.0000532807  -0.0046573264   0.0015348997   0.0002034550  -0.0113647897
 8 12  -0.0019885396   0.0249766956   0.0052495638   0.0023629378   0.0003998860
 8 13   0.0000134838   0.0011322769   0.0000094508  -0.0014544385  -0.0006631524
 8 14  -0.0000985779  -0.0000650855  -0.0013315911  -0.0009653009  -0.0000106517
 8 15  -0.0011610740   0.0002654053
 9  1   0.0371936910   0.0091241252   0.0590506520  -0.0064966670   0.0753268754
 9  2   0.0640852942  -0.0198143604  -0.2489353285   0.0566410397  -0.0131373088
 9  3   0.0529406810  -0.0045722312  -0.0033839282   0.0066201739   0.0148272221
 9  4  -0.0004105628   0.2019241316   0.2427395170  -0.0317428596   0.0030254928
 9  5  -0.0003594812  -0.0022817272   0.0010432680   0.0146428714   0.0018927524
 9  6   0.0002027356   0.0052183795   0.0025135859   0.0003253920   0.0010427511
 9  7   0.0037739967   0.0062326539  -0.0035866696   0.0075080951  -0.2249303530
 9  8  -0.0727975791  -0.0175885810  -0.2487508188   0.0498139074  -0.0047069939
 9  9  -0.0865085373  -0.0491496040   0.0003051741  -0.0156520213  -0.0025217771
 9 10  -0.0298212040  -0.0019764440  -0.0125621740  -0.1002218645   0.1171904331
 9 11   0.0004391623   0.0305718113   0.0263481230   0.0012558636   0.1024166533
 9 12  -0.0223192653  -0.1675626011  -0.1256311480  -0.0037593470  -0.0017450604
 9 13   0.0000091090  -0.0298545887  -0.0004356991   0.0375694363   0.0198851508
 9 14   0.0039224402   0.0020258155   0.0378275416   0.0212187222  -0.0007627801
 9 15   0.0310558127  -0.0035605200
10  1   0.0054625722   0.0131721871   0.1762473160  -0.2765910582   0.2087371947
10  2  -0.0533781820  -0.1171631016  -0.0680203210  -0.0145899716  -0.0076650937
10  3  -0.0141447411  -0.0712272358  -0.0048666099   0.0096775935   0.0232178435
10  4  -0.0010172294  -0.2578436892  -0.0759489801   0.0352684243  -0.0022414728
10  5  -0.0010850477   0.0200127069   0.0011689283   0.0166861795  -0.0028308630
10  6   0.0002270547  -0.0247333740  -0.0124957518  -0.0004991235   0.0024458250
10  7  -0.0139894413  -0.0244268113  -0.0090516478  -0.0181312925   0.1460532979
10  8   0.0458279005   0.0125677389   0.1454864117  -0.1820850022   0.0066463722
10  9  -0.3791215945   0.2140574388  -0.0074167164  -0.3487310225  -0.0313994879
10 10  -0.4293569495  -0.0216619360  -0.2396193133   0.1537794388  -0.1766017071
10 11   0.0011105648  -0.3464570791   0.1113083130   0.0115166746  -0.4351350512
10 12  -0.1258635858   0.3603951397   0.0802030090   0.0335699973   0.0035689685
10 13   0.0000290247  -0.2121305476  -0.0028848865   0.2578120376   0.1453042174
10 14   0.0284361728   0.0138050211   0.2593207321   0.1274986325  -0.0048700342
10 15   0.2009967262  -0.0228631457
11  1   0.2427822849   0.1298027541  -0.0241023454   0.0382135475  -0.0774246718
11  2   0.1719227523  -0.1211228390  -0.0282950021   0.1191540652  -0.2055075282
11  3  -0.3560118245  -0.2178951186  -0.1101273918   0.2079665861   0.4692493213
11  4  -0.0049976069   0.0123828013  -0.0199026142   0.0185375155  -0.0031650591
11  5  -0.0061688406   0.4054441085   0.0187056311   0.3502530898  -0.0936569897
11  6  -0.0028029249  -0.5026580234  -0.2488071645  -0.0175525030   0.0011623962
11  7  -0.2710879773  -0.4964530981  -0.0458864564  -0.4010194236   0.0020768007
11  8   0.0010796506  -0.0068397152  -0.0067594330   0.0097429867  -0.0024987814
11  9   0.0346438454  -0.0137093546  -0.0011097975   0.0302356063   0.0038442669
11 10   0.0379256231   0.0041034741   0.0203101759  -0.0127008398   0.0175673506
11 11  -0.0004515875   0.0307124342  -0.0153383819  -0.0010426473   0.0343884637
11 12   0.0165804600  -0.0317694889   0.0054432121  -0.0046561047  -0.0015260792
11 13  -0.0000023023  -0.0133097899  -0.0000660978   0.0162676359   0.0088482806
11 14   0.0017000139   0.0007392350   0.0159253884   0.0084990917  -0.0001806306
11 15   0.0125309670  -0.0018338823
12  1   0.0429918823   0.0172507293   0.1041653563  -0.0604664187   0.0657363961
12  2   0.0438536390  -0.0452454921  -0.2872450211   0.0560343814  -0.0129027731
12  3   0.0427394555  -0.0110488078  -0.0071115793   0.0139066948   0.0318285696
12  4  -0.0006172563   0.0262071813   0.3270595312  -0.0111224151   0.0026416716
12  5  -0.0012365447   0.0269633998   0.0015873818   0.0241353311  -0.0043689691
12  6   0.0003583935  -0.0330947652  -0.0165237184  -0.0007297585   0.0023936839
12  7  -0.0175907030  -0.0328740965  -0.0111287112  -0.0211218289  -0.2451224070
12  8  -0.0801903785  -0.0193495739  -0.2476398814  -0.0162802778  -0.0035832847
12  9  -0.2944583086   0.0322577330  -0.0036138768  -0.2061109608  -0.0190621291
12 10  -0.2554241933  -0.0131934200  -0.1374596017   0.0910525794  -0.1038849481
12 11   0.0010376795  -0.2043456414   0.1478668855   0.0123839705  -0.1955446912
12 12  -0.1536105407   0.2080089323  -0.1425479831   0.0450459020   0.0006804746
12 13  -0.0000496330   0.3578868786   0.0048314951  -0.4367165138  -0.2410839067
12 14  -0.0472195567  -0.0230501693  -0.4327564349  -0.2230917293   0.0082576764
12 15  -0.3390026243   0.0385269774
13  1  -0.0011111458  -0.0016338218  -0.0010381798  -0.0607871320   0.2415091906
13  2   0.0241021599  -0.0240951691   0.0756930730  -0.0038940103  -0.0088202707
13  3   0.0036943652  -0.0715041360   0.0087603936  -0.0075889253  -0.0010539996
13  4  -0.0005224229   0.3537042334   0.0234819588  -0.0449502388   0.0019603777
13  5   0.0003289126  -0.0018476309  -0.0005120237  -0.0093735735   0.0005794656
13  6  -0.0000336844   0.0001084653   0.0046888092   0.0000222057  -0.0011041686
13  7  -0.0060102142  -0.0001292949   0.0020679702  -0.0026838377   0.2614284587
13  8   0.0848571099   0.0219522578  -0.2894048966  -0.0043125474   0.0022533180
13  9   0.1193783739  -0.0012136302  -0.0000120031  -0.0003987003   0.0000551128
13 10  -0.0038291622  -0.0001039166  -0.0006934879  -0.0024289029   0.0028456042
13 11   0.0000095362  -0.0007073035  -0.0026248210   0.0005210959  -0.0916718814
13 12  -0.0009069323   0.1243146326  -0.0783800459   0.0255549152  -0.0006844272
13 13  -0.0002415420  -0.0319202315   0.0000231765   0.0014196595   0.0469830693
13 14   0.0082220538  -0.0000706150  -0.0015694732  -0.0521740240   0.0010217565
13 15  -0.0386058108   0.0043265514
14  1   0.0101770342   0.1689710516  -0.0218500858   0.0220501538  -0.1092374729
14  2   0.1406634859  -0.1335811801   0.0224546082  -0.0093683402  -0.1984700422
14  3   0.0083727775  -0.2170311555   0.1799022086  -0.1562077753  -0.0226145043
14  4  -0.0026205406  -0.0169536776  -0.0118031014   0.0022943474  -0.0001871924
14  5  -0.0013490208  -0.0346084962  -0.0100587485  -0.2035742897   0.0288816483
14  6  -0.0009218499   0.0031235114   0.0807158563   0.0002018240  -0.0004287711
14  7  -0.1046765298  -0.0028738976  -0.0067041419  -0.0571170278  -0.0148372620
14  8  -0.0029324288  -0.0014839811   0.0119193381   0.0043423366  -0.0001144900
14  9  -0.0059320182  -0.0043340037  -0.0000216252  -0.0021527952  -0.0000098626
14 10   0.0003228139  -0.0003518899  -0.0044379408  -0.0137074811   0.0161207171
14 11   0.0001041628  -0.0041594475   0.0073567726   0.0006244879   0.0042705720
14 12  -0.0071321542  -0.0178041690  -0.0157552923  -0.0001985461  -0.0001386201
14 13   0.0000293924   0.0017080448  -0.0000050928   0.0000479149  -0.0025364228
14 14  -0.0004065974   0.0000172339   0.0003165684   0.0027914786  -0.0000912055
14 15   0.0020742884  -0.0001228906
15  1   0.0270340150   0.0211084391   0.1148130550  -0.0745216752   0.0615226283
15  2   0.0370044009  -0.0516956566  -0.2922482609   0.0462917246  -0.0123908344
15  3   0.0675277215  -0.0108880435   0.0126348981  -0.0108307723  -0.0018277633
15  4  -0.0001995267  -0.0082341130   0.1524127443  -0.0035072178   0.0013882633
15  5  -0.0001120487  -0.0023648795  -0.0006965284  -0.0142703920   0.0020418349
15  6  -0.0000661628  -0.0001720924   0.0056845526  -0.0000651181  -0.0000260122
15  7  -0.0074204579  -0.0006592459  -0.0004655511  -0.0039664944   0.0022394812
15  8   0.0008023644   0.0000771751  -0.0028629311  -0.0579241663   0.0038552596
15  9  -0.0012875864   0.0615261016   0.0003407078   0.0307721328  -0.0000876572
15 10   0.0012023881   0.0050770351   0.0635228186   0.1967554709  -0.2314703881
15 11  -0.0014782516   0.0599148680  -0.1033018649  -0.0075512446   0.0040724564
15 12   0.1025192652   0.1698959047   0.2783433631  -0.0162240428   0.0025858911
15 13  -0.0000004054  -0.0002620540   0.0000509503  -0.0017680554   0.0004476143
15 14   0.0000761112  -0.0001886692  -0.0033244546  -0.0003387086   0.0000014398
15 15  -0.0003188083   0.0000492884
16  1  -0.0005477016   0.0053489479  -0.0027348859  -0.0577606941   0.2393334613
16  2   0.0234042350  -0.0259592790   0.0757581563  -0.0037196011  -0.0090767672
16  3   0.0042354901  -0.0810003420   0.0204323653  -0.0177189844  -0.0025209042
16  4  -0.0006720221   0.3522699795   0.0280687876  -0.0437349161   0.0019339905
16  5   0.0000800817   0.0217333465  -0.0008857205  -0.0175058476  -0.0113822522
16  6   0.0003611695  -0.0011473349  -0.0283080534  -0.0000366366  -0.0010398072
16  7   0.0299588348   0.0008389726   0.0051366788   0.0213459434   0.2854879078
16  8   0.0922618344   0.0242015637  -0.2861595294  -0.0009368790   0.0021450435
16  9   0.1283698188  -0.0052541235   0.0000149171  -0.0049551222   0.0001571018
16 10  -0.0039083315  -0.0007114779  -0.0068299914   0.0020532170  -0.0025301751
16 11  -0.0000725902   0.0049131510  -0.0093762149   0.0002833360  -0.1115144802
16 12   0.0049888538   0.1427665293  -0.0788353722   0.0276389476  -0.0007031922
16 13   0.0028550281   0.3851523448  -0.0002689985  -0.0165209786  -0.5526155827
16 14  -0.0968231270   0.0008156430   0.0181037762   0.5867613257  -0.0111949211
16 15   0.4235691314  -0.0470361159
17  1   0.0200780180   0.2988207513  -0.0393463312   0.0612754401  -0.1523890282
17  2   0.1214693049  -0.1755974233   0.0125842529  -0.0075105341  -0.2009162788
17  3   0.0185411778  -0.3925724273   0.3960842788  -0.3438936527  -0.0499097233
17  4  -0.0059930642  -0.0147747830   0.0150302579   0.0212570251  -0.0009521759
17  5  -0.0088923802   0.4049004532  -0.0165623653  -0.3527717065  -0.1909321810
17  6   0.0062560697  -0.0204121985  -0.5356938057  -0.0010271998   0.0031457175
17  7   0.5677041821   0.0151520746   0.0441917179   0.3956966623  -0.0016321410
17  8  -0.0101188017   0.0014847994   0.0267276592   0.0254442405  -0.0028371584
17  9  -0.0024336744  -0.0268840295   0.0001121761  -0.0280548956   0.0000020473
17 10  -0.0004790600  -0.0037435279  -0.0393678686   0.0121019842  -0.0146812359
17 11  -0.0003417539   0.0279014605  -0.0262258747  -0.0025291552   0.0068805732
17 12   0.0261283908   0.0080560245   0.0290523941  -0.0024565291   0.0000484117
17 13  -0.0001982420  -0.0208789016   0.0000211955   0.0007403102   0.0300078058
17 14   0.0051464164  -0.0000642542  -0.0013120277  -0.0318141421   0.0007568188
17 15  -0.0230062753   0.0020963280
18  1   0.0248284606   0.0385213928   0.2030702311  -0.1814113527   0.0411717403
18  2  -0.0043145097  -0.1019266248  -0.3641910845   0.0375141991  -0.0118415148
18  3   0.0688677117  -0.0225271765   0.0275582287  -0.0239468483  -0.0044485340
18  4  -0.0004398636   0.0205570766  -0.2321121097   0.0056589309  -0.0020341244
18  5  -0.0006204515   0.0282384341  -0.0011368473  -0.0247805067  -0.0133127775
18  6  -0.0007545146  -0.0027982818  -0.0373151354  -0.0012038060   0.0002656005
18  7   0.0393531814  -0.0000543112   0.0029272444   0.0276476717   0.0039549542
18  8   0.0002627072   0.0000280141  -0.0024313816  -0.3678439303   0.0242720080
18  9  -0.0137832700   0.3946422222  -0.0017055844   0.4067605800  -0.0005741915
18 10   0.0108245928   0.0548129978   0.5695415174  -0.1729848867   0.2112345000
18 11   0.0051597613  -0.4033242137   0.3826473275   0.0279854712  -0.0185897739
18 12  -0.3774990311  -0.2161140122  -0.3597715534   0.0215343824  -0.0007554707
18 13   0.0000215579   0.0032158576  -0.0000435861   0.0021216941  -0.0046962473
18 14  -0.0008214028   0.0002370203   0.0048800699   0.0047741449  -0.0000786275
18 15   0.0035405932  -0.0004284686
19  1  -0.0051833033  -0.0144835728  -0.0995509641   0.0585653276   0.2612363156
19  2   0.0680383832   0.0293038603   0.1563609621   0.0020066547  -0.0096116079
19  3   0.0132848242  -0.0663479611  -0.0060007629   0.0029553984  -0.0094595363
19  4  -0.0007436651   0.0114940850   0.2195513677  -0.0081620719   0.0019040700
19  5  -0.0003396693  -0.0016491447   0.0007004823   0.0097091230   0.0012421132
19  6   0.0000009045  -0.0035921513   0.0018741282  -0.0001513253   0.0003555570
19  7   0.0023660198  -0.0045726187   0.0000987564   0.0015617957   0.1282261068
19  8   0.0414430863   0.0102913969   0.1418059198   0.0614289733  -0.0044800808
19  9  -0.0320695043  -0.0637405381   0.0009998836   0.0263881068  -0.0034683855
19 10  -0.0464606877   0.0012645684   0.0301663308   0.1723772203  -0.2013420741
19 11  -0.0000807967  -0.0525701879   0.0764151366   0.0050926458   0.0846184260
19 12  -0.0725859489  -0.1989991037   0.2101363764  -0.0525823793   0.0035920045
19 13   0.0000059760   0.0167875859  -0.0002689661   0.0194575564  -0.0143437029
19 14  -0.0026317338   0.0012270697   0.0228663522  -0.0100297686   0.0004682740
19 15  -0.0176629179   0.0019886933
20  1  -0.1274882555   0.0984624514  -0.0085703804  -0.0153766880  -0.0959397467
20  2   0.1369621542  -0.1102251917   0.0581112047  -0.0829493390  -0.1987345018
20  3   0.2037982490  -0.0935436441  -0.1295249682   0.0624034292  -0.1900891524
20  4  -0.0001396422   0.0161343026  -0.0263751545  -0.0021110327  -0.0003095932
20  5   0.0013293158  -0.0343233560   0.0106218355   0.2043542626   0.0151086544
20  6  -0.0017030744  -0.0725073188   0.0424240189  -0.0035698998  -0.0001492031
20  7   0.0550450694  -0.0890640745   0.0062746650   0.0577616467  -0.0207552845
20  8  -0.0065961873  -0.0008499351  -0.0216415897  -0.0060306718   0.0006753611
20  9  -0.0041652406   0.0061512513  -0.0001946163  -0.0003063547  -0.0001442639
20 10   0.0001001190   0.0001345786  -0.0008397529  -0.0013748480   0.0020105813
20 11  -0.0001026510   0.0004785419  -0.0050312658  -0.0003688713   0.0032389655
20 12   0.0051622456   0.0119647768   0.0040082526   0.0009204577  -0.0002127742
20 13   0.0000132319  -0.0030152987   0.0000506690  -0.0036314960   0.0023369635
20 14   0.0004616017  -0.0002113400  -0.0038317293   0.0022201482  -0.0001218959
20 15   0.0031796468  -0.0002400501
21  1   0.0189413615   0.0108421507   0.0569183410  -0.0052543758   0.0737753355
21  2   0.0629189339  -0.0190504990  -0.2429170448   0.0467566726  -0.0128029358
21  3   0.0811050047  -0.0024922483  -0.0091272900   0.0045536835  -0.0134681634
21  4   0.0002237914  -0.2354815773   0.2152755631   0.0222561715   0.0006782284
21  5   0.0005363960  -0.0024022914   0.0004649298   0.0140104075   0.0001590494
21  6   0.0000777727  -0.0052300977   0.0030388931  -0.0001556257  -0.0010740771
21  7   0.0036717364  -0.0065412530   0.0045523634   0.0005386436   0.2271946827
21  8   0.0736241074   0.0180142470   0.2518882714   0.0433759429  -0.0014106602
21  9   0.0897659472  -0.0506229088   0.0002678655  -0.0152074963   0.0024559342
21 10   0.0284792119  -0.0012505077  -0.0132809833  -0.0971805716   0.1136545958
21 11   0.0004098942   0.0296922884   0.0189211518   0.0020665672  -0.1030705083
21 12  -0.0228187925  -0.0363325302  -0.2019084802   0.0222711865  -0.0024445748
21 13  -0.0000091883   0.0300086954  -0.0004338447   0.0364755569  -0.0223779004
21 14  -0.0041268749   0.0019837579   0.0370248889  -0.0235941933   0.0008460372
21 15  -0.0314864007   0.0035740202
22  1  -0.0076514085  -0.0176995485  -0.1779051119   0.1544513051   0.2744883244
22  2   0.1015778876   0.0690812737   0.2192467366   0.0067712095  -0.0102312213
22  3   0.0213237175  -0.0710565365  -0.0133873507   0.0061974471  -0.0210121121
22  4  -0.0007961511  -0.2644092026   0.0306017839   0.0330338587  -0.0008282719
22  5  -0.0010431161   0.0199763959   0.0011891651   0.0167863060  -0.0031676733
22  6   0.0001300194   0.0238374395  -0.0142831788   0.0006278863   0.0024424306
22  7  -0.0150310701   0.0236419878  -0.0090683101  -0.0182432326   0.1397544800
22  8   0.0439809684   0.0127503347   0.1403408288   0.2145629950  -0.0196785755
22  9  -0.3698099244  -0.2128803803   0.0077761805   0.3540431126  -0.0326765287
22 10  -0.4256627017   0.0119168850   0.2600171729  -0.1553583449   0.1780186932
22 11  -0.0013057476   0.3514526520  -0.1517579281  -0.0076340306  -0.4275528419
22 12   0.1327285355   0.1040132357  -0.3547777341   0.0597269769  -0.0061114689
22 13   0.0000375118  -0.2025272718   0.0027455743  -0.2372903681   0.1541975399
22 14   0.0283521276  -0.0128834822  -0.2419670865   0.1365870358  -0.0051880372
22 15   0.1935653400  -0.0217165674
23  1  -0.2248863389   0.1728614938  -0.0149669623  -0.0052686927  -0.1287619367
23  2   0.1148757915  -0.1340805656   0.0759959727  -0.1383771692  -0.2007328202
23  3   0.3698242508  -0.1701381602  -0.2855805485   0.1360289968  -0.4191671328
23  4  -0.0007671705   0.0202507514  -0.0233427359   0.0175755825   0.0009997168
23  5  -0.0061226981   0.4054286430   0.0188730981   0.3495352541  -0.0984674457
23  6   0.0093271805   0.4820944185  -0.2842204631   0.0185404810   0.0019723513
23  7  -0.2987451139   0.4818888842  -0.0458898870  -0.3979540593  -0.0310708491
23  8  -0.0103925445  -0.0082383184  -0.0403853981  -0.0077843013  -0.0016278051
23  9  -0.0062352539   0.0091355261   0.0013894522  -0.0023383875   0.0010382769
23 10   0.0031874758  -0.0020813871  -0.0016725497   0.0003516824  -0.0033576841
23 11   0.0002641095  -0.0027743907  -0.0043265148  -0.0000978349   0.0082233427
23 12   0.0044796407   0.0110764332   0.0097661118   0.0002584919   0.0012842065
23 13  -0.0000094790   0.0364266557  -0.0006023059   0.0428551479  -0.0274286732
23 14  -0.0050738848   0.0024069375   0.0431413973  -0.0251861307   0.0010610963
23 15  -0.0348754742   0.0035040082
24  1   0.0104503762   0.0202511911   0.1004712788  -0.0582571265   0.0629747604
24  2   0.0417771952  -0.0438868007  -0.2765352140   0.0384427453  -0.0127472397
24  3   0.0934782373  -0.0075876383  -0.0208724160   0.0101535101  -0.0301927755
24  4   0.0001908875  -0.0786510812   0.3206912574   0.0011939985   0.0024216290
24  5   0.0003245092   0.0299460768   0.0010570722   0.0248602386  -0.0089991975
24  6   0.0012446852   0.0355013517  -0.0208890084   0.0017543792  -0.0021061443
24  7  -0.0224210317   0.0353841054   0.0045761883  -0.0345352786   0.2464712137
24  8   0.0806233988   0.0184840237   0.2477501520  -0.0373967463   0.0067376628
24  9   0.2850578849   0.0273800457  -0.0034525534  -0.2000424706   0.0190502474
24 10   0.2423976910  -0.0073557946  -0.1429225771   0.0878666496  -0.1004574370
24 11   0.0011510364  -0.1982413384   0.1612366857   0.0103298086   0.1737209852
24 12  -0.1526729068  -0.2231685371   0.1079198695  -0.0420746232   0.0030167123
24 13   0.0000647455  -0.3598055151   0.0048233746  -0.4236244968   0.2698098400
24 14   0.0495799550  -0.0226051040  -0.4244030012   0.2506474670  -0.0092287478
24 15   0.3437490410  -0.0385991929
25  1  -0.0056267781  -0.0222274623  -0.0975005655   0.0549329127   0.2636782525
25  2   0.0687613199   0.0313374521   0.1561574524   0.0017988933  -0.0097868780
25  3   0.0125686934  -0.0559386657  -0.0024836174   0.0046714858   0.0097013122
25  4  -0.0007419504  -0.0388733436   0.2215729856  -0.0015538319   0.0019177629
25  5  -0.0003940562  -0.0015598995  -0.0002848097  -0.0097268794  -0.0001017190
25  6   0.0001118233  -0.0034571833  -0.0019109533   0.0001584437   0.0004557997
25  7   0.0025842470   0.0040437666  -0.0010923334  -0.0030641392  -0.1335626525
25  8  -0.0432616705  -0.0113453856   0.1474124213  -0.0597258629   0.0033623039
25  9  -0.0351569181   0.0652103452  -0.0010614371  -0.0260561006   0.0033164811
25 10   0.0468588780   0.0034944775   0.0280006915  -0.1700189477   0.1986624203
25 11   0.0001599723  -0.0518246089  -0.0696086542  -0.0056783264   0.0887842030
25 12   0.0725157798   0.2768597575  -0.0776753652   0.0445305522  -0.0013458825
25 13   0.0000011045   0.0177070385   0.0002648068   0.0213523543   0.0134934349
25 14   0.0026101263  -0.0013062488  -0.0242488069  -0.0093456745  -0.0004339482
25 15   0.0183002889  -0.0020598011
26  1  -0.1401477051  -0.0664896809   0.0135249142  -0.0657778628  -0.0404801954
26  2   0.1616356780  -0.0562297974   0.0707811134  -0.0853018074  -0.2021712516
26  3   0.1910623597   0.1260804279  -0.0506753467   0.0941301488   0.2129187261
26  4   0.0002185536   0.0159613531   0.0074377659  -0.0029994675  -0.0000224805
26  5   0.0005173357  -0.0344598358  -0.0104133918  -0.2043402576  -0.0142968113
26  6   0.0009095497  -0.0754802295  -0.0370843792   0.0034436776   0.0003499838
26  7   0.0493645455   0.0921277746  -0.0063130287  -0.0581158625  -0.0096197273
26  8  -0.0036250371   0.0003982836   0.0076507472  -0.0008289906   0.0006062423
26  9   0.0069956742  -0.0000686017  -0.0001263580   0.0021619930  -0.0004916669
26 10  -0.0043357770  -0.0000461984  -0.0018680769   0.0151545576  -0.0172876169
26 11  -0.0001358006   0.0045761146   0.0013892554   0.0001878488  -0.0114675372
26 12  -0.0017847574  -0.0248090799  -0.0049568009  -0.0024223080  -0.0003753100
26 13   0.0000152759   0.0013687490   0.0000231989   0.0017691073   0.0008068676
26 14   0.0001941608  -0.0000939251  -0.0016399000  -0.0011380506  -0.0000711391
26 15   0.0014233510  -0.0000347766
27  1   0.0209901421  -0.0117190513  -0.0567859936   0.1320212106   0.0998196238
27  2   0.1158991645   0.0454690521  -0.1502566690   0.0575166037  -0.0139479639
27  3   0.0805714258   0.0120065579  -0.0037194455   0.0066053210   0.0150028951
27  4  -0.0002661798  -0.2019504762  -0.2426614203   0.0316264535  -0.0032835146
27  5  -0.0003413131  -0.0025410669  -0.0004831743  -0.0141370779  -0.0001826913
27  6  -0.0001261855  -0.0053452111  -0.0026767243   0.0001547557   0.0009854417
27  7   0.0032878002   0.0066839529  -0.0035775609  -0.0021315996   0.2250763478
27  8   0.0729832699   0.0188576719  -0.2490658834   0.0498804049  -0.0045951894
27  9  -0.0865288926  -0.0492780326   0.0002696164  -0.0157025804   0.0024793125
27 10   0.0298246767   0.0008509623   0.0126982717  -0.1002465728   0.1172782558
27 11   0.0004880722  -0.0305820666   0.0264006111   0.0013150267   0.1024640431
27 12  -0.0222886811   0.1673892532   0.1255778081   0.0037824187   0.0031132718
27 13  -0.0000169372  -0.0299842267  -0.0004055485  -0.0376077521  -0.0196408018
27 14  -0.0038543571   0.0020275180   0.0377388977   0.0214614405   0.0007029087
27 15  -0.0308871075   0.0035479004
28  1  -0.0088751028  -0.0315673953  -0.1743149112   0.1479853731   0.2788407520
28  2   0.1028685691   0.0727079602   0.2188886377   0.0064013287  -0.0106755519
28  3   0.0204224054  -0.0522833084  -0.0056187232   0.0102029119   0.0215482474
28  4  -0.0006964627   0.2579518178   0.0758642225  -0.0334776334   0.0018830872
28  5  -0.0015963394   0.0187408565  -0.0007181376  -0.0165465224   0.0061534203
28  6  -0.0006573289   0.0234376458   0.0113283486  -0.0012867858   0.0022939094
28  7  -0.0122704413  -0.0236190677  -0.0052073787   0.0213750428  -0.1451802800
28  8  -0.0457383234  -0.0148946705   0.1472354991  -0.1821145559   0.0056907407
28  9  -0.3788160548   0.2141983572  -0.0074994979  -0.3490742825   0.0316425470
28 10   0.4288856934   0.0278675865   0.2386374022   0.1539612242  -0.1771242194
28 11   0.0005949093   0.3466557021   0.1112419651   0.0101633069  -0.4351916825
28 12  -0.1259247698  -0.3599295855  -0.0802076503  -0.0333057905  -0.0012677811
28 13  -0.0001008744  -0.2133413898  -0.0026988281  -0.2584134866  -0.1438238421
28 14  -0.0280345170   0.0138491168   0.2590466452   0.1293045367   0.0046207017
28 15  -0.2002446561   0.0226192429
29  1  -0.2473587735  -0.1221251960   0.0229400260  -0.0949283638  -0.0301045288
29  2   0.1587674607  -0.0380274919   0.0985353999  -0.1425638564  -0.2067937513
29  3   0.3470187770   0.2237657868  -0.1103732847   0.2078504272   0.4690968993
29  4   0.0005656030  -0.0079964834   0.0185262086   0.0204021932   0.0013499970
29  5  -0.0157741302   0.4049954438  -0.0211416579  -0.3510119523   0.0926670205
29  6  -0.0041224170   0.5020582333   0.2489227301  -0.0178791949  -0.0034690117
29  7  -0.2665567941  -0.4982461709   0.0466671536   0.4008233298  -0.0078942005
29  8   0.0014231744  -0.0085358807   0.0269015182   0.0102128357  -0.0025364551
29  9   0.0433937400  -0.0116748574   0.0024507442   0.0320909132  -0.0018749448
29 10  -0.0389833308  -0.0048007734  -0.0214955663  -0.0150356871   0.0142205504
29 11   0.0002833237  -0.0311139854  -0.0160372786  -0.0009304538   0.0346240919
29 12   0.0169822770   0.0317987939  -0.0068785703   0.0049475672   0.0011304318
29 13  -0.0000117280  -0.0165635904  -0.0003149411  -0.0202170112  -0.0108677909
29 14  -0.0021549536   0.0011637042   0.0197962380   0.0106541384   0.0004830792
29 15  -0.0156091639   0.0013649347
30  1   0.0141033887  -0.0198852420  -0.1020358672   0.1859463081   0.1093077900
30  2   0.1360271699   0.0708886466  -0.1117051476   0.0575956555  -0.0147789877
30  3   0.0925100867   0.0186770611  -0.0083133087   0.0152269745   0.0338869540
30  4  -0.0002294257  -0.0259676526  -0.3272042028   0.0138466872  -0.0031404024
30  5  -0.0019491281   0.0297531800  -0.0012619933  -0.0250818244   0.0085981980
30  6  -0.0009290606   0.0372610300   0.0183171188  -0.0017885659   0.0019642477
30  7  -0.0201596142  -0.0369661109  -0.0036167619   0.0334354257   0.2453555593
30  8   0.0806349209   0.0189600007  -0.2451379530  -0.0161521248  -0.0037182258
30  9  -0.2937649555   0.0323275873  -0.0035111394  -0.2062308498   0.0192504353
30 10   0.2551278635   0.0152521683   0.1369487061   0.0910612834  -0.1043353060
30 11   0.0007780493   0.2044628173   0.1478634066   0.0116563883  -0.1955969224
30 12  -0.1536452746  -0.2078478390   0.1423944980  -0.0447365312   0.0035135705
30 13   0.0001675696   0.3594164026   0.0044766031   0.4371170520   0.2382338972
30 14   0.0464622057  -0.0230650244  -0.4316902509  -0.2258049094  -0.0077269277
30 15   0.3371987643  -0.0382217357
31  1  -0.0022822192  -0.0171544205   0.0031317472  -0.0680522638   0.2463908972
31  2   0.0255464886  -0.0200306667   0.0752842825  -0.0043095285  -0.0091699886
31  3   0.0023656483  -0.0506065224   0.0083394312  -0.0072508250  -0.0011748047
31  4  -0.0003317912  -0.3537856050  -0.0235338016   0.0449399426  -0.0019678936
31  5   0.0005914634  -0.0014191324   0.0004181735   0.0098637797  -0.0021349866
31  6   0.0000665486  -0.0000788326  -0.0029781288   0.0000112963  -0.0009880894
31  7  -0.0038476253  -0.0000765455   0.0016409797   0.0045833170  -0.2618865841
31  8  -0.0846704883  -0.0205324149  -0.2891888100  -0.0043648799   0.0020537058
31  9   0.1193304749  -0.0011580754  -0.0000275427  -0.0003969110  -0.0000595455
31 10   0.0038755310   0.0001401396   0.0007185906  -0.0024122100   0.0028386675
31 11   0.0000029976   0.0007259722  -0.0026113361   0.0002522327  -0.0917402299
31 12  -0.0009290795  -0.1241403870   0.0783795602  -0.0255208658   0.0006549997
31 13   0.0002343890  -0.0322223302   0.0000055917  -0.0013753141  -0.0469892461
31 14  -0.0081834890  -0.0000691865  -0.0015958292  -0.0523001646  -0.0007313507
31 15   0.0382778371  -0.0043630616
32  1  -0.0151827539  -0.1609751193   0.0228163834  -0.0787576490   0.0016880594
32  2   0.1900135418  -0.0255842919   0.0477953925  -0.0140724263  -0.2057255741
32  3  -0.0168759962   0.2228780116   0.1798570772  -0.1563004050  -0.0225134910
32  4   0.0022877946   0.0154197332   0.0117335484  -0.0024320650   0.0001820468
32  5   0.0031925310  -0.0343692339   0.0102746551   0.2036220458  -0.0288399640
32  6   0.0009806450  -0.0030009373  -0.0808858614   0.0001103574   0.0001080113
32  7  -0.1041951043  -0.0031382094   0.0064331611   0.0580372631   0.0118080185
32  8   0.0062704298   0.0005540196   0.0159320165   0.0043098024  -0.0000922609
32  9  -0.0052063617  -0.0042750380  -0.0000291138  -0.0021341281  -0.0000160094
32 10   0.0001016504   0.0003638633   0.0044034107  -0.0136907267   0.0161167234
32 11   0.0000957754   0.0041405475   0.0073147639   0.0006415596   0.0039051329
32 12  -0.0070988361   0.0177628842   0.0157131019  -0.0000266133   0.0004414567
32 13   0.0000080606   0.0013805246  -0.0000037915  -0.0000662449   0.0019990533
32 14   0.0003880101   0.0000162121   0.0002984802   0.0022282738  -0.0000079406
32 15  -0.0016307741   0.0003049596
33  1   0.0311729144  -0.0233879117  -0.1125461414   0.2000443258   0.1136134553
33  2   0.1429700665   0.0773504713  -0.1069158689   0.0678096049  -0.0146997822
33  3   0.0664533014   0.0185287969   0.0125441571  -0.0110256454  -0.0013346944
33  4   0.0001344246   0.0080902011  -0.1524101010   0.0034875939  -0.0012524811
33  5   0.0002107395  -0.0024480303   0.0007103180   0.0142145595  -0.0019944083
33  6   0.0000524570  -0.0006312545  -0.0056258119   0.0000680165   0.0000140409
33  7  -0.0073243898   0.0001819964   0.0004249144   0.0040745219  -0.0023204424
33  8  -0.0006189654  -0.0003006029  -0.0025893081  -0.0579506239   0.0038541393
33  9  -0.0012219761   0.0615326672   0.0004131740   0.0308414986   0.0000777604
33 10  -0.0011635590  -0.0052373011  -0.0634911645   0.1967889430  -0.2315152390
33 11  -0.0014179385  -0.0599596932  -0.1033755573  -0.0075410389   0.0039109092
33 12   0.1024878315  -0.1698220986  -0.2781889617   0.0159619229  -0.0067273392
33 13   0.0000030246  -0.0002867289   0.0000484302   0.0017738246  -0.0004842799
33 14  -0.0000772529  -0.0001890490  -0.0033216448  -0.0003786962  -0.0000137646
33 15   0.0003470347  -0.0000230111
34  1  -0.0027072996  -0.0223829757   0.0046765315  -0.0706849161   0.2480181786
34  2   0.0259739194  -0.0187282242   0.0750312851  -0.0044587866  -0.0093823880
34  3   0.0019460027  -0.0433846969   0.0172455393  -0.0149960271  -0.0023017294
34  4  -0.0001845927  -0.3519608893  -0.0280997522   0.0455922885  -0.0020326237
34  5   0.0000693045   0.0168415073   0.0005592973   0.0159359061   0.0068193315
34  6  -0.0002477123   0.0008993551   0.0227214518  -0.0000242373  -0.0011532452
34  7   0.0239605024   0.0007709884  -0.0001876200  -0.0145972360  -0.2850745891
34  8  -0.0930539381  -0.0224660311  -0.2873362103  -0.0009980823   0.0018620315
34  9   0.1280073493  -0.0052081341  -0.0000109168  -0.0049696992  -0.0001663681
34 10   0.0039509767   0.0005350257   0.0068722774   0.0020698141  -0.0025422010
34 11  -0.0000735674  -0.0048899574  -0.0093433442  -0.0003052253  -0.1116029118
34 12   0.0049562319  -0.1425595104   0.0788558571  -0.0275633157   0.0004842442
34 13  -0.0027574402   0.3887400351  -0.0000613281   0.0159872685   0.5525891684
34 14   0.0963777547   0.0008021380   0.0183998222   0.5880873853   0.0079260032
34 15  -0.4199137895   0.0474409809
35  1  -0.0251628491  -0.2909181949   0.0403414251  -0.1179972102   0.0448768375
35  2   0.2092317032   0.0164601599   0.0576490844  -0.0158754747  -0.2139556574
35  3  -0.0268516652   0.3983045003   0.3961732420  -0.3442803891  -0.0498154337
35  4   0.0048362489   0.0212817808  -0.0146834301   0.0178552586  -0.0009257969
35  5  -0.0133660594   0.4053203992   0.0144270151   0.3529728640   0.1911806496
35  6  -0.0065049117   0.0203280767   0.5363118152  -0.0006042815  -0.0007842192
35  7   0.5630994849   0.0172230658  -0.0438852997  -0.4014309750   0.0160216699
35  8  -0.0080958750   0.0040286690   0.0012477313   0.0253157845  -0.0027993615
35  9  -0.0080693976  -0.0270899831   0.0000673252  -0.0282802348  -0.0000853985
35 10   0.0007692733   0.0025931198   0.0394881963   0.0120154281  -0.0147671261
35 11  -0.0003304832  -0.0278520014  -0.0262067433  -0.0024768520   0.0062720558
35 12   0.0260491539  -0.0085744878  -0.0285997939   0.0030993774  -0.0008154502
35 13   0.0000717597  -0.0163960527   0.0000029724  -0.0005145699  -0.0232659708
35 14  -0.0041704223  -0.0000474572  -0.0011060530  -0.0247776963  -0.0001822411
35 15   0.0176647161  -0.0024630865
36  1   0.0321506998  -0.0406521317  -0.2008394524   0.3068671985   0.1338091677
36  2   0.1841319689   0.1275643920  -0.0346051417   0.0757860200  -0.0159661138
36  3   0.0669283454   0.0302413265   0.0277441607  -0.0240900430  -0.0025657237
36  4   0.0003101776  -0.0202170976   0.2321446306  -0.0029684599   0.0019742802
36  5  -0.0009436134   0.0282320020   0.0010156856   0.0246651459   0.0133683466
36  6   0.0006877071   0.0000233820   0.0373880179   0.0010278792   0.0000072428
36  7   0.0389801697   0.0020683440  -0.0032815107  -0.0279507738  -0.0022046182
36  8  -0.0018225228  -0.0005106753  -0.0044065995  -0.3679834416   0.0242616322
36  9  -0.0140425755   0.3946786494  -0.0011448551   0.4073574981   0.0009151930
36 10  -0.0108604388  -0.0376446205  -0.5703864584  -0.1732103744   0.2115619288
36 11   0.0046857667   0.4033885228   0.3827203772   0.0278683234  -0.0183026040
36 12  -0.3773453900   0.2160330502   0.3595098806  -0.0208821404   0.0112382654
36 13  -0.0000292311   0.0035684103  -0.0000417663  -0.0021251418   0.0051627949
36 14   0.0008842262   0.0002400904   0.0048926111   0.0052773047   0.0000900794
36 15  -0.0038652965   0.0003948278
37  1  -0.0202216786  -0.2257811758  -0.3351855920  -0.0946358965  -0.0433202094
37  2  -0.1774421707  -0.3750528379  -0.1538411722  -0.0029811364  -0.0003427609
37  3   0.0037702320  -0.0765790935  -0.2793138199  -0.3344951280   0.0788203656
37  4  -0.2765501721  -0.0006834339   0.0013039199  -0.0058212494   0.0106398986
37  5   0.4146434274   0.0112489680  -0.3053451370   0.0055064352   0.2392198623
37  6  -0.5069393117   0.0007603830  -0.0854615534   0.4793497789   0.4671541517
37  7  -0.0002737226  -0.0146065210   0.2177538818  -0.0232569517   0.0003908894
37  8  -0.0073891357  -0.0041507850  -0.0051215124  -0.0065456213   0.0230408635
37  9  -0.0025926659  -0.0077296058  -0.0188546934   0.0002527542   0.0224727451
37 10  -0.0015352938  -0.0132623416   0.0010610753   0.0092686635   0.0075635744
37 11   0.0186354066   0.0000184081  -0.0086915847  -0.0210478582   0.0001719648
37 12  -0.0100121430   0.0021323559  -0.0023656734  -0.0173463002   0.0082458015
37 13  -0.0077530534   0.0000001250  -0.0079788176  -0.0000155370  -0.0002293325
37 14   0.0011272334  -0.0077568461   0.0003334167  -0.0000501449  -0.0079170913
37 15  -0.0003114660  -0.0012133558
38  1  -0.2606155464   0.0168467118   0.0064264836  -0.0096192119  -0.0153316163
38  2   0.2028100254  -0.0642002773  -0.0251750518   0.1412901250   0.2032754273
38  3  -0.1360101920  -0.0103061848   0.0095871470   0.0112745003  -0.0027451745
38  4   0.0094128873  -0.0322370188  -0.0076397543  -0.2608951730  -0.0175628804
38  5  -0.0141770826   0.0030935871   0.0104402723  -0.0002222453  -0.0081892303
38  6   0.0173675224   0.0007078629   0.0029502286  -0.0162294041  -0.0159481726
38  7   0.0000068030   0.0003557464  -0.0075523401   0.0009271731  -0.0499292076
38  8   0.1107444286   0.1363392275   0.0007248910  -0.1924075548   0.4008735845
38  9  -0.0160998275  -0.2075132220  -0.3665366128   0.0047248095   0.4364638783
38 10  -0.0296965305  -0.2611027904   0.0221730460   0.1817198683   0.1480304452
38 11   0.3628845985   0.0002294182  -0.1153800269  -0.4499436909   0.0028273423
38 12  -0.1431342428   0.0324066984  -0.0398246948  -0.2717195417   0.2646409413
38 13   0.2179496236  -0.0000508945   0.2217641360   0.0003042922   0.0078523007
38 14  -0.0396657865   0.2232791806  -0.0097450132   0.0006239488   0.2175592613
38 15   0.0088836586   0.0368193937
39  1   0.1012772256  -0.0133705700  -0.0104722483   0.0201846300   0.0149244403
39  2   0.0140982733  -0.0006814982  -0.0411967448  -0.3068888441   0.0124502010
39  3   0.0027306882  -0.0026332453  -0.0095967593  -0.0116191368   0.0027209337
39  4  -0.0095400199  -0.0090910489   0.0004207925  -0.0861077157  -0.3246354118
39  5   0.0143723168   0.0011761249  -0.0105519130   0.0001923018   0.0082830699
39  6  -0.0176287551   0.0001721407  -0.0029647804   0.0166497248   0.0162913676
39  7   0.0003725995  -0.0004742428   0.0079059424  -0.0010745019  -0.0989143731
39  8   0.2501937180   0.2604819743   0.0004676427   0.0013424488  -0.2642629824
39  9   0.0048807833   0.0194086676   0.1837698248  -0.0024457471  -0.2197388011
39 10   0.0149698997   0.1242476079  -0.0105702494  -0.0901190178  -0.0737280788
39 11  -0.1806188413  -0.0001173745   0.1369202204   0.1643047278  -0.0046930639
39 12   0.1478145136  -0.0287271564   0.0305433793   0.2332460366   0.0223971971
39 13   0.4376705169  -0.0001023769   0.4479077157   0.0005892962   0.0143309229
39 14  -0.0714388679   0.4429800396  -0.0191930490   0.0012671438   0.4419451928
39 15   0.0177014291   0.0711984002
40  1  -0.0106161538  -0.1225701775  -0.1890046832  -0.0168503112  -0.0065080146
40  2  -0.1325861842  -0.3114417782  -0.0835385011   0.0006426247   0.0038254454
40  3   0.0007267160  -0.0154469750  -0.1294468878  -0.1550155993   0.0364372142
40  4  -0.1277482753   0.0010965842   0.0004137039   0.0087871159   0.0009413678
40  5  -0.0320528440  -0.0011522919  -0.2199469157   0.0111603902  -0.0352373276
40  6   0.0762969996  -0.0001266898   0.0126806787  -0.0868876151  -0.0706365279
40  7   0.0000035406   0.0026266192  -0.0239640843   0.0024837956   0.0017559812
40  8  -0.0037511003  -0.0046406329   0.0004953828   0.0000099107   0.0042083503
40  9  -0.0002133956  -0.0002467615  -0.0014567770   0.0000225307   0.0025439294
40 10  -0.0001643302  -0.0013935172   0.0001353730  -0.0105360039  -0.0089803820
40 11  -0.0028465722   0.0000030080   0.0011492503   0.0066288118   0.0000656810
40 12   0.0015078017  -0.0013323347   0.0016363713   0.0111743568  -0.0100934727
40 13   0.0006414827  -0.0000008555   0.0007130470   0.0000050997   0.0000002961
40 14   0.0000092050   0.0006232960  -0.0000258641   0.0000055295   0.0007769856
40 15   0.0000258199   0.0000788921
41  1  -0.1457190919   0.0077412857   0.0034141903  -0.0196806934  -0.0267622048
41  2   0.1899639734  -0.0669293704  -0.0014650199   0.0828545597   0.2038295577
41  3  -0.0746317974  -0.0071314876   0.0044008991   0.0052323559  -0.0013032691
41  4   0.0043641753   0.0042528606   0.0026162109   0.0259827499  -0.2078455874
41  5   0.0010818403   0.0004975372   0.0074756988  -0.0003839566   0.0011984226
41  6  -0.0025906243   0.0003517382  -0.0004242691   0.0029790049   0.0024183645
41  7   0.0001815767  -0.0001139297   0.0008762375  -0.0001152233  -0.0454878446
41  8   0.1092342845   0.1329643985   0.0003897933  -0.0590430396   0.0419173529
41  9  -0.0034384987  -0.0573820103  -0.0274126921   0.0003581538   0.0477681271
41 10  -0.0030847461  -0.0310370175   0.0026253516  -0.2061842118  -0.1759840818
41 11  -0.0555663875  -0.0000381563   0.0663586373   0.0964786152  -0.0021897964
41 12   0.0717896421  -0.0338257730   0.0383569635   0.2783433947  -0.1027882845
41 13  -0.0182931323   0.0000043604  -0.0181657236  -0.0000324107  -0.0010391998
41 14   0.0054479916  -0.0211766709   0.0009383504  -0.0000521031  -0.0184684182
41 15  -0.0009131570  -0.0043605891
42  1   0.0442080496  -0.0070067119  -0.0063825358   0.0265727013   0.0212687525
42  2   0.0212899283   0.0018040394  -0.0517593789  -0.2777237942   0.0122955968
42  3  -0.0278887448  -0.0031306404  -0.0043624900  -0.0054251972   0.0012529580
42  4  -0.0043879774  -0.0273428388  -0.0047160287  -0.2297271035  -0.2317744999
42  5  -0.0011425195   0.0023319309  -0.0075629202   0.0003730519  -0.0012538838
42  6   0.0026429583   0.0003253521   0.0004544183  -0.0029485203  -0.0023836441
42  7   0.0001866484   0.0000567794  -0.0006211104  -0.0000711442  -0.0926528459
42  8   0.2246329429   0.2653724822   0.0007296138  -0.0587046273  -0.0817321287
42  9  -0.0011760718  -0.0496141796   0.0151086576  -0.0002694086  -0.0265504293
42 10   0.0017633240   0.0100205500  -0.0008653486   0.1027146137   0.0873650303
42 11   0.0273670746   0.0000159550   0.0322410965  -0.0965893217  -0.0016039355
42 12   0.0272346280   0.0053597003  -0.0093050703  -0.0492558353   0.1906812181
42 13  -0.0364662236   0.0000088296  -0.0384109573  -0.0000478513  -0.0010458770
42 14   0.0050801570  -0.0387801953   0.0016711781  -0.0001160881  -0.0405742768
42 15  -0.0016373216  -0.0065252405
43  1   0.0078279099   0.1029457925  -0.2112440216  -0.0585933525   0.0503270229
43  2  -0.1047948533  -0.2534694050  -0.0645830066  -0.0020114297   0.0112641878
43  3  -0.0112294336   0.1389184430   0.1339415158   0.1608325630  -0.0394901835
43  4  -0.1112751088   0.0009091579  -0.0002975233   0.0064435889  -0.0158935170
43  5  -0.0373170996  -0.0009343667   0.2119328387  -0.0095347344   0.0462265888
43  6   0.0709090893  -0.0006756436  -0.0162435443   0.0901479461  -0.0169194507
43  7   0.0001496026  -0.0038594798   0.0709700310  -0.0079710859   0.0027148676
43  8  -0.0140132882   0.0135014556  -0.0019539181   0.0037669090  -0.0025541303
43  9  -0.0016327849   0.0036894893   0.0001874123   0.0000060425  -0.0003969779
43 10   0.0000685185  -0.0003747304   0.0002030975   0.0020923634   0.0018283257
43 11  -0.0005291209   0.0000011393  -0.0030877251  -0.0011774769   0.0001799075
43 12  -0.0031622206   0.0006797538  -0.0008525813  -0.0058200133   0.0049742405
43 13  -0.0013414931  -0.0000047402  -0.0020094364   0.0000142401   0.0003843132
43 14  -0.0021602846   0.0021345953  -0.0001360327   0.0000143633   0.0009107086
43 15   0.0001569669   0.0010437155
44  1  -0.1358638856  -0.0004469437   0.0043459384  -0.0189301178  -0.0296333126
44  2   0.1879812695  -0.0689612257   0.0002714271   0.0776210462   0.2029926017
44  3  -0.0682712437  -0.0118650195  -0.0045875012  -0.0054679717   0.0012998128
44  4   0.0038198519  -0.0018350898   0.0014000953  -0.0244165809  -0.2342276810
44  5   0.0012608939   0.0007573736  -0.0072401557   0.0003242914  -0.0015713981
44  6  -0.0024153667   0.0002271452   0.0005537716  -0.0030627433   0.0005721358
44  7  -0.0008472045   0.0000437957  -0.0027806420   0.0004639926   0.0382751571
44  8  -0.1543966773   0.1549525672   0.0003308285   0.0690882676   0.0221753654
44  9   0.0027676834   0.0642893678   0.0221916130  -0.0001593431  -0.0445828142
44 10   0.0039825545  -0.0256392815   0.0019367043   0.1927985229   0.1668755036
44 11  -0.0492856187  -0.0000296990  -0.0783938655   0.0773699471   0.0032971163
44 12  -0.0740712887   0.0340710131  -0.0358038028  -0.2768062774  -0.0516035459
44 13  -0.0150101183   0.0000000876  -0.0226486321   0.0000673574   0.0044740546
44 14  -0.0250547557   0.0259490036  -0.0016265804   0.0000251271   0.0121780408
44 15   0.0016370064   0.0103055518
45  1  -0.1201091469   0.0087988839  -0.0099864816   0.0357167638   0.0377989499
45  2   0.0384436304   0.0046117730  -0.0884670229  -0.1943744981   0.0136023416
45  3  -0.1157267694  -0.0053123828   0.0048193503   0.0054043815  -0.0013941224
45  4  -0.0038929964  -0.0271083322  -0.0082732359  -0.2087293768   0.2275020673
45  5  -0.0012972321   0.0021085083   0.0074311382  -0.0003357067   0.0015646223
45  6   0.0024929866   0.0002798117  -0.0005349565   0.0031428064  -0.0006335088
45  7   0.0011815625  -0.0000380082   0.0029898552  -0.0005639663  -0.0564655630
45  8   0.2263590031  -0.2321789079  -0.0005028457  -0.0401323464   0.0949160771
45  9  -0.0036026371  -0.0432445779   0.0169031095  -0.0002445135  -0.0322621829
45 10   0.0024593277  -0.0146740304   0.0011258934   0.1278360411   0.1105796270
45 11  -0.0333316147  -0.0000198121   0.0119675655   0.1098973351  -0.0000606451
45 12   0.0183001536   0.0134388824  -0.0109206312  -0.1036584766  -0.1941610497
45 13   0.0238440044  -0.0000009020   0.0355607582  -0.0000973667  -0.0066795613
45 14   0.0375349685  -0.0359146138   0.0023254465  -0.0000231365  -0.0142405295
45 15  -0.0029060634  -0.0198806758
46  1   0.0124822357   0.1746712217  -0.3746606837  -0.1689422360   0.0578991305
46  2  -0.1279386854  -0.2717992333  -0.1200632500  -0.0077060339   0.0129725443
46  3  -0.0173390751   0.1960797537   0.2869827850   0.3443849806  -0.0831633041
46  4  -0.2509435472   0.0013588615   0.0023441608   0.0100137970  -0.0141452331
46  5   0.4014996788   0.0111944112   0.3811550953  -0.0248833393  -0.3095709645
46  6  -0.4795734529   0.0046154472   0.1115343015  -0.5007405813   0.0116718191
46  7  -0.0011634351   0.0239911617  -0.4637859457   0.0532163733   0.0072725690
46  8  -0.0087463014   0.0120341571   0.0136898250   0.0056191978   0.0007814260
46  9   0.0114811025   0.0054649395   0.0033848626  -0.0000832783  -0.0043685050
46 10   0.0002324499  -0.0027296518  -0.0013807334  -0.0016155188  -0.0016476884
46 11   0.0036317880   0.0000484027  -0.0011555158  -0.0069366289  -0.0004534730
46 12  -0.0016291917  -0.0000104941  -0.0001629291  -0.0002772096   0.0086379189
46 13   0.0161722849   0.0000884930   0.0237579674  -0.0002378828  -0.0044516519
46 14   0.0249692485  -0.0238631706   0.0015219813  -0.0001650431  -0.0098852810
46 15  -0.0017255919  -0.0112235855
47  1  -0.2447195404   0.0023572710   0.0080345961  -0.0082836377  -0.0204506930
47  2   0.1992739245  -0.0678219002  -0.0220755910   0.1319512645   0.2060647373
47  3  -0.1260683759  -0.0188417230  -0.0101954825  -0.0114313475   0.0028514297
47  4   0.0085088200   0.0330100192   0.0084688826   0.2610585654  -0.0883459683
47  5  -0.0136984871  -0.0004733321  -0.0129950147   0.0009368465   0.0105316683
47  6   0.0163111553  -0.0030053308  -0.0037466792   0.0169583639  -0.0005347251
47  7  -0.0019772944  -0.0009990666   0.0154028470  -0.0017088143   0.0483221616
47  8  -0.1765163329   0.1602557346  -0.0003293548   0.2326827097   0.3457939785
47  9   0.0038287113   0.2069229758   0.3293313855  -0.0039889198  -0.4167324459
47 10   0.0347210332  -0.2415031835   0.0186368360  -0.1734661870  -0.1509559022
47 11   0.3297887002   0.0002236935   0.1421949086  -0.4119793452  -0.0068801422
47 12   0.1144917244  -0.0328072252   0.0310270537   0.2624138663   0.2372372287
47 13   0.1865549349   0.0000022042   0.2743787463  -0.0007725203  -0.0516919704
47 14   0.2889480136  -0.2781382838   0.0176106150  -0.0002115012  -0.1167211197
47 15  -0.0197448740  -0.1277286080
48  1  -0.1925053071   0.0147977510  -0.0169324715   0.0364632765   0.0443609420
48  2   0.0446440724   0.0043160669  -0.1065705907  -0.1584580599   0.0156534895
48  3  -0.1548806849  -0.0066985343   0.0098799174   0.0120002997  -0.0028736057
48  4  -0.0088098016  -0.0036149632  -0.0033441261  -0.0169213674   0.3228589623
48  5   0.0139751022   0.0021349434   0.0133389899  -0.0008125464  -0.0108401588
48  6  -0.0166988178  -0.0018255595   0.0039538337  -0.0175061742   0.0002769999
48  7   0.0003572147   0.0008660454  -0.0156179674   0.0014842179  -0.0589269758
48  8   0.2394522421  -0.2232938183  -0.0000181595   0.0628727150   0.3163054924
48  9  -0.0025164458   0.0459993002   0.2219299670  -0.0027902055  -0.2803953338
48 10   0.0229033252  -0.1587938366   0.0121828024  -0.1169736532  -0.1019362557
48 11   0.2192961820   0.0001541089   0.1728323013  -0.2036347037  -0.0073646962
48 12   0.1589182435  -0.0323168849   0.0351199371   0.2647625515  -0.0171771531
48 13  -0.2818504045   0.0000072965  -0.4137218266   0.0011401799   0.0774710884
48 14  -0.4342385822   0.4130644557  -0.0266130027   0.0003017453   0.1696608709
48 15   0.0301588171   0.1972872612
49  1   0.0202292006   0.2358957639  -0.0234528658   0.0411789704   0.0976093148
49  2  -0.0472160550  -0.1718001928   0.0256392713   0.0026360170   0.0162901182
49  3  -0.0146969879   0.2115356345  -0.0041532271  -0.0054561195   0.0024628613
49  4   0.2416056470  -0.0014916523  -0.0003236884  -0.0116984330  -0.0049199411
49  5  -0.0271479720  -0.0006823006  -0.2135957069   0.0103108414   0.0712605335
49  6  -0.0013066255  -0.0005471112  -0.0260073419  -0.0003764764   0.0698640052
49  7  -0.0000893927   0.0001020199  -0.1023616997   0.0113524499   0.0040854945
49  8  -0.0064233904  -0.0098586657   0.0027478199  -0.0025239370  -0.0035928182
49  9   0.0047035851  -0.0020409719   0.0011143967  -0.0000159949  -0.0002096308
49 10   0.0000303360  -0.0024197004   0.0002015769   0.0083915091   0.0071767876
49 11   0.0022078116   0.0000022143   0.0039125400  -0.0027796403  -0.0008762553
49 12   0.0036974465  -0.0004614894   0.0007268380   0.0040851958  -0.0123092545
49 13   0.0003032085   0.0000022431   0.0000553089  -0.0000016072  -0.0001090336
49 14   0.0006212904  -0.0001133458   0.0000090629   0.0000118015  -0.0006310315
49 15   0.0002784215   0.0026044258
50  1   0.0122518849  -0.0121822877   0.0004803582  -0.0318379367  -0.0443041792
50  2   0.1714959058  -0.0724663430   0.0306951345   0.0026373092   0.1991698069
50  3   0.0102502691  -0.0075696970   0.0004868554  -0.0000809104  -0.0001389855
50  4  -0.0081752991  -0.0439595070  -0.0105713373  -0.3543093987   0.0096017710
50  5   0.0009230003   0.0022737937   0.0072587746  -0.0003711929  -0.0024292564
50  6   0.0000376096   0.0000092768   0.0008994937  -0.0000214765  -0.0023995951
50  7  -0.0002461031   0.0000559854   0.0032497888  -0.0002028362   0.1012564471
50  8  -0.2449029918  -0.2981070220  -0.0007940749  -0.0107029430  -0.1192927997
50  9   0.0016602920  -0.0026432954   0.0019230759  -0.0000280753  -0.0048038614
50 10   0.0001429914  -0.0039944959   0.0003246211   0.0141209643   0.0121049035
50 11   0.0036581496   0.0000040235   0.0116386281  -0.0925506849  -0.0007521424
50 12   0.0048581638  -0.0177517971   0.0196887016   0.1461626094  -0.0276152352
50 13   0.0094412271   0.0000007939  -0.0000131514  -0.0000530554  -0.0034009225
50 14   0.0193551778  -0.0000943398   0.0000649083  -0.0001097660  -0.0196533232
50 15   0.0087059047   0.0811895906
51  1  -0.1938029899   0.0170094064  -0.0047291888   0.0439169034   0.0459526297
51  2   0.0476842455   0.0078013911  -0.1020540480  -0.1568821190   0.0144219936
51  3  -0.1544177013  -0.0061107386  -0.0001601396  -0.0002480113   0.0000790804
51  4   0.0083272871  -0.0025090989  -0.0018102493  -0.0142044718   0.1537425059
51  5  -0.0009368650   0.0001128217  -0.0073657262   0.0003582873   0.0024744796
51  6  -0.0000291215   0.0000255855  -0.0009029542  -0.0000282575   0.0024055189
51  7  -0.0000145878  -0.0000013233  -0.0035168689   0.0003708499   0.0064253141
51  8  -0.0153556374  -0.0189591347  -0.0000410988   0.0606610667  -0.0104994125
51  9   0.0030613196   0.0565924706  -0.0303506958   0.0004004726   0.0011955561
51 10  -0.0009628208   0.0662398287  -0.0053892665  -0.2286181920  -0.1959783374
51 11  -0.0598486556  -0.0000408705  -0.1020166855  -0.0101215730   0.0038599836
51 12  -0.1021116742  -0.0042683066  -0.0013543822   0.0254356810   0.3284899470
51 13   0.0006004663   0.0000003525  -0.0016209063  -0.0000028361  -0.0002152685
51 14   0.0012251501   0.0031895208  -0.0001964910  -0.0000053057  -0.0012340872
51 15   0.0005490115   0.0051264941
52  1   0.0343874019   0.4095335345  -0.0405788191   0.0086608918   0.1417768894
52  2  -0.0256390728  -0.1267683599   0.0403263342   0.0005694862   0.0214119275
52  3  -0.0229966965   0.3185418683  -0.0090443977  -0.0119447919   0.0053465138
52  4   0.5263498244  -0.0009437852  -0.0002331292  -0.0104081781   0.0090139781
52  5   0.3969315370   0.0102634130  -0.3576068897   0.0102329969  -0.4928259385
52  6   0.0091002395   0.0036179385   0.1775769891   0.0011550960  -0.3181186584
52  7   0.0003489331  -0.0005947771   0.6491274947  -0.0717641358  -0.0021952252
52  8  -0.0170964775  -0.0074172221  -0.0182960245  -0.0141602329  -0.0038445786
52  9  -0.0348987612  -0.0126673189   0.0143351299  -0.0001527626  -0.0007903484
52 10   0.0003952776  -0.0215622236   0.0017032215  -0.0074779655  -0.0059365042
52 11  -0.0153217806  -0.0000193293  -0.0133733052  -0.0043009847   0.0085464045
52 12  -0.0145625379  -0.0006947681   0.0004373693   0.0061212153   0.0154446477
52 13  -0.0040132209   0.0000002622  -0.0000344018   0.0000194611   0.0013945768
52 14  -0.0079463392   0.0001397629  -0.0000330419  -0.0001057381   0.0076143255
52 15  -0.0030874117  -0.0296259261
53  1   0.0198392844  -0.0185430323   0.0012107264  -0.0312421683  -0.0465331649
53  2   0.1699615887  -0.0740491386   0.0320264174  -0.0013881054   0.1961281922
53  3   0.0145961806  -0.0108880744   0.0005585135   0.0002330041  -0.0001715474
53  4  -0.0179941044  -0.0438278653  -0.0107206010  -0.3512873165   0.0332493481
53  5  -0.0136177859   0.0004115055   0.0122385839  -0.0003431623   0.0169575381
53  6  -0.0003238861  -0.0003690466  -0.0061136244  -0.0000798334   0.0109443548
53  7  -0.0004154366   0.0000989408  -0.0226402874   0.0026961298   0.1094285717
53  8  -0.2665058772  -0.2988198086  -0.0000332658  -0.0317447776  -0.1270220292
53  9   0.0022252676  -0.0203533959   0.0242943450  -0.0003095888  -0.0055739201
53 10   0.0005860581  -0.0361931107   0.0029449771  -0.0125792428  -0.0100326723
53 11  -0.0256348484  -0.0000231314  -0.0168253176  -0.1130467070   0.0000365891
53 12  -0.0262023424  -0.0201992105   0.0216291590   0.1666987777   0.0183276323
53 13  -0.1245782721  -0.0000111172   0.0011635007   0.0006838304   0.0434675354
53 14  -0.2466825909  -0.0007956230  -0.0006219688   0.0012715039   0.2364179866
53 15  -0.0966624179  -0.9203176329
54  1  -0.3212764930   0.0292079162  -0.0075702976   0.0510102574   0.0587995620
54  2   0.0610129594   0.0099770360  -0.1305986786  -0.0920917698   0.0148814646
54  3  -0.2192585972  -0.0078363437  -0.0003287168  -0.0003922843   0.0001524346
54  4   0.0182691692  -0.0031759872   0.0011615456  -0.0347540509  -0.2291722735
54  5   0.0137711972   0.0003365055  -0.0124669361   0.0002159054  -0.0171227552
54  6   0.0003878284   0.0040906240   0.0060652870   0.0001164922  -0.0111706712
54  7   0.0000561208  -0.0001869354   0.0229241346  -0.0027247297   0.0068553395
54  8  -0.0170650696  -0.0194001944  -0.0014110910   0.3913121114  -0.0278762758
54  9   0.0162563466   0.3439769716  -0.3903790443   0.0049366743   0.0135037083
54 10  -0.0085803284   0.5848914369  -0.0475087487   0.2015528714   0.1605526158
54 11   0.4127948245   0.0002743402   0.3740746432   0.0079418456  -0.0144517676
54 12   0.3944415778   0.0025471596   0.0044826755  -0.0104045371  -0.4262390083
54 13  -0.0078859502   0.0000015004   0.0021547235   0.0000349048   0.0027520292
54 14  -0.0156072151  -0.0048210958   0.0003387847   0.0000719193   0.0149393172
54 15  -0.0060998876  -0.0581753731
55  1   0.0140598956   0.1412529181   0.1867522348   0.1828765353   0.0879723161
55  2  -0.0174389600  -0.1481593776   0.0969445587   0.0099475853   0.0143158790
55  3  -0.0071494206   0.1416300335  -0.1299455313  -0.1556442451   0.0371144523
55  4  -0.1238467070  -0.0012109544   0.0003686120  -0.0090125115  -0.0009356548
55  5  -0.0372740849  -0.0007531693   0.2120958421  -0.0095540344   0.0433032710
55  6  -0.0725430788  -0.0000340316  -0.0168837879  -0.0898247084  -0.0175181106
55  7  -0.0002769312   0.0037089433   0.0710026921  -0.0080498044  -0.0015862986
55  8   0.0032981989  -0.0040948628  -0.0020071989   0.0000106024   0.0043140498
55  9  -0.0019340969  -0.0003468629  -0.0013276911   0.0000189453  -0.0025045728
55 10   0.0001573389   0.0014407499  -0.0003045810  -0.0105449382  -0.0091000826
55 11   0.0027373634   0.0000006676   0.0011040259   0.0066242252   0.0000485594
55 12   0.0016870862   0.0013460344  -0.0016154458  -0.0111931886   0.0101258217
55 13   0.0004789990  -0.0000049498  -0.0007041625  -0.0000108687  -0.0001242982
55 14   0.0007064750   0.0006153293  -0.0000425148   0.0000133084  -0.0001864782
55 15  -0.0000638038  -0.0004650078
56  1   0.1504498821  -0.0156602549  -0.0042910211  -0.0455076266  -0.0561127745
56  2   0.1569819806  -0.0739402700   0.0594052514  -0.0671682224   0.2014869142
56  3   0.0829316065   0.0010415468   0.0044355945   0.0052729090  -0.0013048558
56  4   0.0042393414  -0.0044107376  -0.0027016289  -0.0277908560   0.2084823071
56  5   0.0012634082   0.0009814823  -0.0072010114   0.0003047508  -0.0014825263
56  6   0.0024841708  -0.0002304494   0.0005853248   0.0030757654   0.0006130716
56  7  -0.0006794551  -0.0002225549  -0.0027819012   0.0005092305   0.0309887220
56  8  -0.1251881166   0.1252172894   0.0003866459  -0.0593320975   0.0395450456
56  9  -0.0033656429  -0.0590494977  -0.0241746309   0.0001832936  -0.0468119057
56 10   0.0034225662   0.0296174625  -0.0025413562  -0.2069320017  -0.1791088029
56 11   0.0530267795   0.0000408869   0.0657004106   0.0963583567  -0.0022402875
56 12   0.0741443607   0.0336915296  -0.0383499060  -0.2787923537   0.1029854925
56 13  -0.0120380126  -0.0000002809   0.0181621030   0.0000616565   0.0036110122
56 14  -0.0202270673  -0.0212557861   0.0013296882   0.0000076911   0.0102214690
56 15   0.0012786545   0.0078519596
57  1  -0.1021824912   0.0092799696   0.0041168555   0.0429547555   0.0375456400
57  2   0.0397392479   0.0081774304  -0.0788674379  -0.2028913408   0.0145996203
57  3  -0.1062141107  -0.0044295456  -0.0046829580  -0.0052460762   0.0012908480
57  4  -0.0042788844   0.0275361661   0.0047639361   0.2301169051   0.2318462410
57  5  -0.0012784556  -0.0020672834   0.0072873870  -0.0002922271   0.0015488462
57  6  -0.0024957583   0.0002872759  -0.0006098820  -0.0030736321  -0.0005209098
57  7  -0.0012872064   0.0000169263   0.0017970300   0.0001144859   0.0607830491
57  8  -0.2440538336   0.2500991218   0.0005481263  -0.0586779899  -0.0861802570
57  9  -0.0010982857  -0.0492732717   0.0140629565  -0.0002263741   0.0259286065
57 10  -0.0015914231  -0.0126267655   0.0010897281   0.1024122783   0.0885667893
57 11  -0.0269528937  -0.0000207434   0.0329119849  -0.0969694746  -0.0015715145
57 12   0.0244242338  -0.0054082745   0.0093391580   0.0495174051  -0.1919090391
57 13  -0.0257122071  -0.0000012603   0.0382426529   0.0001215060   0.0071717399
57 14  -0.0403429092  -0.0387173622   0.0025298227   0.0000000071   0.0154549150
57 15   0.0031122727   0.0211672211
58  1   0.0238430610   0.2426833062   0.3329064302   0.2604839402   0.1248490375
58  2   0.0274150709  -0.0845150182   0.1671963519   0.0135616670   0.0185076640
58  3  -0.0098854324   0.2008766374  -0.2778215321  -0.3323353911   0.0777202798
58  4  -0.2778161470   0.0012973098  -0.0014673793   0.0066281960  -0.0107449675
58  5   0.4012805450   0.0113168931   0.3792963125  -0.0248024686  -0.2900472556
58  6   0.4904066840   0.0003132779   0.1160759551   0.5013525846   0.0147143092
58  7   0.0019912962  -0.0232181274  -0.4640618004   0.0536622516   0.0027815697
58  8   0.0095020338  -0.0057592441   0.0137463604  -0.0066372995   0.0228487755
58  9   0.0104625979  -0.0079102106  -0.0180750259   0.0001655255  -0.0221868580
58 10   0.0016282965   0.0143842627   0.0003977993   0.0096244134   0.0081084146
58 11  -0.0180405255  -0.0000547938  -0.0084778154  -0.0207147243  -0.0001959911
58 12  -0.0100452617  -0.0020674633   0.0024091548   0.0172010207  -0.0080540918
58 13  -0.0053974158   0.0000921267   0.0078787864   0.0002020794   0.0014458864
58 14  -0.0082096133  -0.0076852954   0.0005114975  -0.0001497573   0.0030590536
58 15   0.0005831957   0.0038632372
59  1   0.2670863942  -0.0248151146  -0.0072014948  -0.0555520908  -0.0675379702
59  2   0.1441466458  -0.0766731157   0.0830883037  -0.1255408646   0.2035454466
59  3   0.1455357529   0.0043779453   0.0090144031   0.0116057836  -0.0026151934
59  4   0.0093941326   0.0324787738   0.0076470366   0.2608105127   0.0202036795
59  5  -0.0136725018  -0.0002590481  -0.0127869289   0.0007776127   0.0098918290
59  6  -0.0165321846   0.0031021386  -0.0039200851  -0.0168001699  -0.0004950354
59  7  -0.0020278060   0.0003646779   0.0149546835  -0.0012150516   0.0406186987
59  8  -0.1451966710   0.1325231689  -0.0000107459  -0.1936106983   0.4024579140
59  9  -0.0168404328  -0.2181255783  -0.3543551786   0.0042711554  -0.4351354306
59 10   0.0293210842   0.2808309772  -0.0241903429   0.1859765251   0.1619876666
59 11  -0.3543116076  -0.0002533206  -0.1119692841  -0.4452781647   0.0028606800
59 12  -0.1463806726  -0.0316108680   0.0391365023   0.2689513531  -0.2612079304
59 13   0.1513328694  -0.0000095750  -0.2219432038  -0.0007364002  -0.0416398518
59 14   0.2328902837   0.2241213724  -0.0142648965  -0.0000159307  -0.0937009697
59 15  -0.0160200273  -0.1033612142
60  1  -0.1604400227   0.0156425064   0.0081349726   0.0493445018   0.0439126631
60  2   0.0469521706   0.0106615002  -0.0894938409  -0.1736010934   0.0137256770
60  3  -0.1378291321  -0.0050786126  -0.0095620697  -0.0115213707   0.0026631915
60  4  -0.0095562574   0.0088973845  -0.0004743391   0.0846499076   0.3241551229
60  5   0.0138967149  -0.0013758910   0.0130150645  -0.0008012151  -0.0099923099
60  6   0.0168979039  -0.0016129462   0.0039854580   0.0172453514   0.0005993293
60  7  -0.0005747591  -0.0007540275  -0.0165118251   0.0020963591   0.0647877442
60  8  -0.2595156880   0.2414218271   0.0010197647   0.0020997098  -0.2718706177
60  9   0.0056676323   0.0247178393   0.1790136560  -0.0022563606   0.2196605479
60 10  -0.0144637515  -0.1381140554   0.0119331556  -0.0942003096  -0.0821957638
60 11   0.1761441320   0.0001246705   0.1356763449   0.1625393042  -0.0047066716
60 12   0.1479654052   0.0285256809  -0.0304893472  -0.2334578609  -0.0238471588
60 13   0.3050426810   0.0000068422  -0.4463130666  -0.0014278298  -0.0831485606
60 14   0.4665683064   0.4428378762  -0.0287857491  -0.0000275501  -0.1806582140
60 15  -0.0326772341  -0.2135191547
61  1  -0.0044777068  -0.0841950362   0.2093013896   0.2248332754   0.0311706393
61  2  -0.0451529513  -0.2060384983   0.0781320480   0.0126122229   0.0068637726
61  3   0.0048555424  -0.0127352795   0.1338004101   0.1606498439  -0.0389642947
61  4  -0.1152669164  -0.0008409805  -0.0004609203  -0.0064916056   0.0158818026
61  5  -0.0320274044  -0.0009679354  -0.2200760195   0.0111517247  -0.0381588163
61  6  -0.0749356418   0.0006224910   0.0118615028   0.0870912988  -0.0700809695
61  7   0.0003743292  -0.0025111290  -0.0239074877   0.0025006236  -0.0047880804
61  8   0.0121574316   0.0140630661   0.0005353414   0.0037633740  -0.0023156089
61  9   0.0000611030   0.0036676934   0.0002379396  -0.0000002339   0.0004059763
61 10  -0.0000381451   0.0005088833  -0.0000584794   0.0020673000   0.0017843123
61 11   0.0005794618  -0.0000044746  -0.0030852218  -0.0011510989   0.0002063313
61 12  -0.0031963325  -0.0006976618   0.0008314267   0.0058223063  -0.0049152942
61 13  -0.0019524441  -0.0000001042   0.0020072300  -0.0000047074  -0.0000749746
61 14   0.0003763037   0.0021294510  -0.0000894166  -0.0000016166  -0.0021027055
61 15  -0.0000901978  -0.0003827618
62  1   0.1407954654  -0.0074835428  -0.0052338796  -0.0462813266  -0.0532655430
62  2   0.1589370516  -0.0719132493   0.0577210434  -0.0620628432   0.2022871528
62  3   0.0774677983   0.0058595081  -0.0045056786  -0.0055054539   0.0012635132
62  4   0.0039685272   0.0016905696  -0.0014120779   0.0225682386   0.2337863880
62  5   0.0010887587   0.0007425454   0.0074932487  -0.0003968277   0.0012661092
62  6   0.0025524746  -0.0004059119  -0.0003985382  -0.0029548046   0.0023712079
62  7   0.0002021895   0.0000681207   0.0010503599  -0.0002630039  -0.0565372496
62  8   0.1360850724   0.1644667433   0.0002714761   0.0691431533   0.0249587666
62  9   0.0025813581   0.0627764142   0.0252908527  -0.0003171719   0.0453883204
62 10  -0.0036720034   0.0273698108  -0.0020845589   0.1919360567   0.1638564538
62 11   0.0518934543   0.0000342806  -0.0790789982   0.0773002035   0.0033039945
62 12  -0.0721404118  -0.0341151542   0.0358870137   0.2763830440   0.0516092590
62 13  -0.0227099760   0.0000076793   0.0226259770  -0.0000072258  -0.0012126033
62 14   0.0062624627   0.0258739679  -0.0011059293  -0.0000547847  -0.0232307292
62 15  -0.0011134289  -0.0051553417
63  1   0.0621424392  -0.0065272464   0.0077247904   0.0338160267   0.0210150310
63  2   0.0225862935   0.0053723470  -0.0421520680  -0.2862481693   0.0138881269
63  3  -0.0183256437  -0.0022427249   0.0045751792   0.0056145682  -0.0013576513
63  4  -0.0039872968   0.0269225824   0.0081978612   0.2080856481  -0.2274398372
63  5  -0.0010951419  -0.0022996614  -0.0076874214   0.0004239628  -0.0012890766
63  6  -0.0026090345   0.0002942118   0.0003986062   0.0029890862  -0.0024580226
63  7  -0.0001585865  -0.0000513205  -0.0011080379   0.0003008458   0.0862216786
63  8  -0.2091459832  -0.2463678954  -0.0005157592  -0.0405733661   0.0908127642
63  9  -0.0034547233  -0.0437786571   0.0183329482  -0.0003080845   0.0330050827
63 10  -0.0025180489   0.0123229296  -0.0009029040   0.1280042658   0.1089484099
63 11   0.0342282995   0.0000256348   0.0112411835   0.1092590104  -0.0000920684
63 12   0.0213391157  -0.0134086677   0.0109030947   0.1032851572   0.1929686372
63 13   0.0339948884  -0.0000100622  -0.0356608941  -0.0000017095   0.0009862515
63 14  -0.0047003860  -0.0359821933   0.0014848056   0.0000938100   0.0378090564
63 15   0.0015168863   0.0059585599
64  1  -0.0092687419  -0.1574363362   0.3728840474   0.3352379572   0.0236967097
64  2  -0.0219283425  -0.1875767260   0.1337158384   0.0183087618   0.0051543504
64  3   0.0111562100  -0.0716776282   0.2883547972   0.3462735954  -0.0841919134
64  4  -0.2495215564  -0.0008195937  -0.0017882930  -0.0093682293   0.0139947976
64  5   0.4144985129   0.0112969643  -0.3030957641   0.0053970583   0.2588187822
64  6   0.4980411622  -0.0042773830  -0.0801799748  -0.4827770179   0.4645040918
64  7  -0.0022241501   0.0138026130   0.2178813666  -0.0234691026  -0.0066575646
64  8   0.0106075846   0.0146773337  -0.0051255420   0.0057436233   0.0012101160
64  9  -0.0016479447   0.0052507694   0.0036269386  -0.0000330069   0.0044109151
64 10  -0.0003773439   0.0026854118  -0.0001420141  -0.0018519321  -0.0014455298
64 11  -0.0037201914  -0.0000090830  -0.0011027386  -0.0070392388  -0.0000587866
64 12  -0.0017121571  -0.0000133645   0.0000918948   0.0001706189  -0.0086999204
64 13   0.0233915740  -0.0000089230  -0.0237046645   0.0000071712   0.0008369066
64 14  -0.0041560934  -0.0237774900   0.0009944575   0.0000299960   0.0233860299
64 15   0.0009498718   0.0038516198
65  1   0.2481539547  -0.0101827942  -0.0089769646  -0.0569346173  -0.0624700154
65  2   0.1476245529  -0.0730628957   0.0800973975  -0.1164689785   0.2006843354
65  3   0.1342459215   0.0127902148  -0.0096666233  -0.0119009680   0.0028130221
65  4   0.0085329914  -0.0328480835  -0.0084562386  -0.2618420980   0.0860951745
65  5  -0.0141525550   0.0031269354   0.0103342745  -0.0002292928  -0.0088943818
65  6  -0.0169755969  -0.0005868960   0.0027518486   0.0163548889  -0.0159091115
65  7   0.0001358075  -0.0005315483  -0.0070948537   0.0005423553  -0.0616968200
65  8   0.1407222226   0.1667062503   0.0002911919   0.2320378642   0.3451136973
65  9   0.0040397772   0.1977173372   0.3408218000  -0.0043397023   0.4168992291
65 10  -0.0344841770   0.2237086655  -0.0167943817  -0.1698533328  -0.1383431180
65 11  -0.3380683247  -0.0002425945   0.1456915583  -0.4152619267  -0.0069618374
65 12   0.1108735975   0.0334416939  -0.0317008330  -0.2653634865  -0.2403508790
65 13   0.2710206006  -0.0000849278  -0.2738075800   0.0000254954   0.0101638727
65 14  -0.0508168049  -0.2772256779   0.0116495666   0.0006575212   0.2693231694
65 15   0.0110497511   0.0455375398
66  1   0.1331891757  -0.0125200549   0.0146150151   0.0330729961   0.0144738937
66  2   0.0164057917   0.0056676560  -0.0241046766  -0.3220515492   0.0127770786
66  3   0.0197418399  -0.0010188194   0.0100023975   0.0120120647  -0.0029195412
66  4  -0.0086502337   0.0038751051   0.0034016093   0.0181728623  -0.3236645437
66  5   0.0143733684   0.0000758490  -0.0105632863   0.0002056648   0.0089855282
66  6   0.0172621550  -0.0000965619  -0.0027841887  -0.0168460194   0.0160406400
66  7  -0.0004638123   0.0004753421   0.0072781976  -0.0006126214   0.0917780911
66  8  -0.2345334583  -0.2413723800  -0.0008150538   0.0615365924   0.3086650622
66  9  -0.0029529127   0.0397966393   0.2281447559  -0.0029875512   0.2799178223
66 10  -0.0229717486   0.1426973805  -0.0106657256  -0.1124631415  -0.0919307975
66 11  -0.2249478960  -0.0001581496   0.1746669649  -0.2053741732  -0.0074261105
66 12   0.1581297467   0.0324224617  -0.0353389340  -0.2649642270   0.0152351400
66 13  -0.4081496176   0.0001264728   0.4144460822  -0.0000213846  -0.0141462528
66 14   0.0698957422   0.4131855495  -0.0172268056  -0.0010065590  -0.4096814204
66 15  -0.0165267725  -0.0663527419
67  1  -0.0168027650  -0.2157294300   0.0212970280   0.1249264109  -0.0160914796
67  2  -0.1027525589  -0.2877169014  -0.0121497766   0.0079577318   0.0015453472
67  3   0.0091007167  -0.0951262628  -0.0042414814  -0.0055273144   0.0024837605
67  4   0.2416711616   0.0013698321   0.0003033035   0.0115782261   0.0049868204
67  5  -0.0377237232  -0.0009672048   0.2178238355  -0.0093098549  -0.0856647260
67  6   0.0015132886   0.0006627440   0.0309291052  -0.0001691258   0.1068045777
67  7  -0.0001669918  -0.0000532591   0.0059118074  -0.0003179279  -0.0021639964
67  8   0.0088238050  -0.0090647341   0.0000898652  -0.0024569947  -0.0035212542
67  9   0.0002963180  -0.0020981595   0.0012292285  -0.0000219632   0.0001651806
67 10  -0.0000549949   0.0022409227  -0.0001793628   0.0085139302   0.0073159579
67 11  -0.0021538389  -0.0000013806   0.0039117428  -0.0027685267  -0.0001802069
67 12   0.0038331009   0.0004537902  -0.0007137810  -0.0040482091   0.0121764257
67 13   0.0013713975   0.0000005334  -0.0000565352   0.0000051635   0.0002929914
67 14  -0.0016110188  -0.0001148780   0.0000074096  -0.0000057886  -0.0017483800
67 15  -0.0000542518  -0.0001848584
68  1  -0.0074230567   0.0042245000  -0.0013729451  -0.0333634661  -0.0385822766
68  2   0.1754360192  -0.0684048130   0.0272727391   0.0129817691   0.2042597870
68  3  -0.0015967171   0.0018736237   0.0000853527   0.0002071807  -0.0001629642
68  4  -0.0081914230   0.0436924118   0.0105031739   0.3520985457  -0.0095492343
68  5   0.0013044319  -0.0030106382  -0.0074558136   0.0003407430   0.0029326259
68  6  -0.0000813308  -0.0000205120  -0.0010712663  -0.0000242017  -0.0036426287
68  7   0.0017425515   0.0002125896   0.0005697652  -0.0004348102  -0.0687783375
68  8   0.2798687928  -0.2824149401  -0.0005933715  -0.0104990134  -0.1149807755
68  9   0.0016730799  -0.0026802132   0.0021530220  -0.0000342143   0.0033788533
68 10  -0.0007248971   0.0037041533  -0.0002677656   0.0143654559   0.0123530383
68 11  -0.0036771065  -0.0000044996   0.0115727355  -0.0917649639  -0.0007722488
68 12   0.0051117295   0.0177551983  -0.0196407316  -0.1449614411   0.0273213799
68 13   0.0428756003  -0.0000153880   0.0000986520   0.0001594499   0.0091618199
68 14  -0.0503684782   0.0000075755   0.0000588092  -0.0001589696  -0.0546837036
68 15  -0.0017002016  -0.0057975351
69  1   0.1354891404  -0.0146692008   0.0024666851   0.0256247451   0.0128733345
69  2   0.0133585846   0.0021858546  -0.0285889232  -0.3236823126   0.0126367640
69  3   0.0210466479  -0.0017169647  -0.0001250784  -0.0002088175   0.0000823845
69  4   0.0083779253   0.0025034214   0.0018029944   0.0140523849  -0.1535735100
69  5  -0.0013116371  -0.0002171782   0.0075102027  -0.0003149694  -0.0029709930
69  6   0.0000319518  -0.0002475695   0.0010695373  -0.0000471676   0.0036695997
69  7   0.0001020284   0.0000209035   0.0003021247  -0.0000840287  -0.0043061554
69  8   0.0176044861  -0.0179990383  -0.0001110315   0.0609813747  -0.0102345738
69  9   0.0029508980   0.0584850855  -0.0335661257   0.0005627782  -0.0012813201
69 10   0.0008601907  -0.0613808588   0.0049463023  -0.2322089885  -0.1996025722
69 11   0.0585266900   0.0000421750  -0.1016108870  -0.0100284770   0.0039370918
69 12  -0.1055810770   0.0043143957   0.0013695081  -0.0252559128  -0.3249439749
69 13   0.0027007053  -0.0000011569   0.0017386831   0.0000113905   0.0005749853
69 14  -0.0031637362   0.0033309466  -0.0001589901  -0.0000091711  -0.0034425516
69 15  -0.0001078522  -0.0003675101
70  1  -0.0311960318  -0.3908771633   0.0387098929   0.1575166015  -0.0603394379
70  2  -0.1243654980  -0.3328274762  -0.0268564121   0.0100286827  -0.0043724084
70  3   0.0187686959  -0.2193150888  -0.0089643908  -0.0116799530   0.0052811734
70  4   0.5171630535   0.0015103038   0.0004661692   0.0110624380  -0.0092229381
70  5   0.4077395108   0.0115172414   0.3361372213  -0.0248649783   0.5645056632
70  6  -0.0100706482  -0.0041799068  -0.2007638601   0.0019791048  -0.6596985547
70  7   0.0014937307   0.0004097511  -0.1261218711   0.0123369643  -0.0018610720
70  8   0.0112266105  -0.0088856454   0.0020145966  -0.0148330918  -0.0033966333
70  9   0.0001243369  -0.0137295179   0.0159742750  -0.0002422090   0.0006273551
70 10  -0.0003245436   0.0201718070  -0.0016181582  -0.0078666483  -0.0070450605
70 11   0.0148443720   0.0000105229  -0.0137095963  -0.0041914061   0.0003683820
70 12  -0.0140309734   0.0007881684  -0.0005642187  -0.0059433110  -0.0150100000
70 13  -0.0164967611   0.0000099000   0.0000038640  -0.0000586641  -0.0033919135
70 14   0.0186427262   0.0001002280  -0.0000242545   0.0000401374   0.0193471440
70 15   0.0005878265   0.0019672191
71  1  -0.0150599539   0.0106049522  -0.0021094172  -0.0339566433  -0.0363558628
71  2   0.1769692885  -0.0668246256   0.0259405420   0.0170080240   0.2044815099
71  3  -0.0062460807   0.0057473176   0.0002521187   0.0004102309  -0.0002599017
71  4  -0.0176080940   0.0434151357   0.0106222041   0.3490694983  -0.0333117575
71  5  -0.0139175176  -0.0034850927  -0.0114996908   0.0008724890  -0.0192844865
71  6   0.0003153421   0.0002358174   0.0068461895  -0.0000949906   0.0225609320
71  7   0.0017721788   0.0002033146   0.0051083822  -0.0008802741  -0.0767271901
71  8   0.3031406925  -0.2782330864  -0.0006192688  -0.0315936625  -0.1221799248
71  9   0.0008432154  -0.0220610901   0.0268793246  -0.0004112616   0.0039938670
71 10  -0.0011717547   0.0337771661  -0.0026860969  -0.0132724159  -0.0118384753
71 11   0.0248909819   0.0000146103  -0.0169680958  -0.1131988776   0.0002628911
71 12  -0.0252258216   0.0200517709  -0.0212784253  -0.1622561218  -0.0177436821
71 13  -0.5157408621   0.0001828170  -0.0022781240  -0.0018450117  -0.1060437022
71 14   0.5828537761  -0.0020916173  -0.0005565502   0.0017642172   0.6048455393
71 15   0.0183865319   0.0615186162
72  1   0.2639641546  -0.0270125953   0.0053125687   0.0185050806   0.0000000000
72  2   0.0000000000   0.0000000000   0.0000000000  -0.3885943031   0.0118265394
72  3   0.0899037547  -0.0001433118  -0.0002556848  -0.0004011489   0.0001756020
72  4   0.0179435828   0.0031879768  -0.0010270747   0.0346431970   0.2320548495
72  5   0.0141535956   0.0001739711   0.0116043462  -0.0008630123   0.0195650660
72  6  -0.0003881547  -0.0018648715  -0.0069681923   0.0000088406  -0.0230380733
72  7   0.0001871755   0.0000400012  -0.0040362980   0.0001245299  -0.0047436894
72  8   0.0191422853  -0.0182886297  -0.0004622128   0.3942617170  -0.0271242765
72  9   0.0182518316   0.3730239580  -0.4331080073   0.0066529723  -0.0129162780
72 10   0.0079937263  -0.5474731271   0.0440389912   0.2143497372   0.1912855416
72 11  -0.4033019096  -0.0002742212   0.3783366598   0.0089253651  -0.0145776893
72 12   0.3796601991  -0.0028662926  -0.0046832524   0.0104536684   0.4153411154
72 13  -0.0325148291   0.0000124426  -0.0023759005  -0.0001183313  -0.0066821374
72 14   0.0367334433  -0.0049696673   0.0001448171   0.0001096757   0.0381242126
72 15   0.0011598792   0.0038826567
$end
