$dipgrad          cartesian dipole gradients
  0.28664543149905D-01  0.19204803067097D-01  -.68777776095585D-01
  0.81315727214296D-02  0.13609819509513D+00  -.77533597350774D-02
  -.63922552849190D-01  0.23493674548207D-02  -.65945636794343D-01
  -.28897640918630D-01  -.19835642949311D-01  0.81061803126788D-01
  -.72482969869697D-02  -.14718351330411D+00  0.72648642193196D-02
  0.72431452546416D-01  -.35654897956277D-01  0.73471522599998D-01
  -.20180881182213D-01  -.48496293548298D-03  -.79918366953725D-01
  -.33820196058120D-01  -.14561401476010D+00  0.37684619902686D-01
  -.76260905578216D-01  -.35329317494248D-02  0.54599287167776D-01
  0.18967565512307D-01  0.25356402215952D-01  0.68572138303530D-01
  0.32429956560005D-01  0.13392106591153D+00  -.33654867509079D-01
  0.66393879711969D-01  -.24461994791125D-01  -.50308678416976D-01
  0.97174975485539D-01  -.14721886478667D-01  0.85642977540373D-02
  -.54490269617610D-01  -.15122266987110D+00  0.68738084086490D-03
  0.96231647890396D-02  0.39945907977476D-02  -.65989899112487D-01
  -.88322214303235D-01  0.50124174512003D-01  -.76468665542555D-02
  0.58511553597127D-01  0.13491523067600D+00  -.10692919204266D-02
  -.89419447598393D-02  -.22826379613701D-02  0.59202504616886D-01
  -.24910580390473D-01  0.68842880100231D-03  0.75727273264366D-01
  -.21844660930863D-01  -.14923566988594D+00  -.10178143453208D-01
  0.74541151951548D-01  0.31067405336798D-01  0.73511151539401D-01
  0.28845097393621D-01  0.13576176717492D-01  -.66021339160585D-01
  0.20090801612234D-01  0.13770231142120D+00  0.96516004617144D-02
  -.65776329636722D-01  -.16383088698306D-02  -.66254916286574D-01
  -.11934228366203D-01  -.44015628126117D-01  -.81085474152523D-01
  -.21569912325194D-01  -.14242216885242D+00  0.19757018916862D-01
  -.72283137271716D-01  0.48249903000837D-01  0.60649522471734D-01
  0.18892075904335D-01  0.29227710971406D-01  0.73276003626667D-01
  0.18500804851301D-01  0.13311804837482D+00  -.16979592878334D-01
  0.70010285991124D-01  -.28892026192053D-01  -.54640783539329D-01
  0.10903297511245D+00  -.70439021780359D-01  0.10073346381476D-01
  -.35149893403672D-01  -.14332208930678D+00  0.27775281270221D-02
  0.94326376210145D-02  -.74831551824697D-02  -.60691483982661D-01
  -.95779534469187D-01  0.47629470329245D-01  -.85552716277372D-02
  0.28919076330151D-01  0.13222418047315D+00  -.25304325165182D-02
  -.74009555747868D-02  -.42240240558063D-02  0.61603780929584D-01
  -.51266600500844D-01  -.93676025170866D-01  -.14403907815250D-01
  -.87771762410205D-01  -.15900616150231D-01  -.15247017589153D-01
  -.14371426458836D-01  -.17607480107359D-01  0.12746015158435D+00
  0.57920346757689D-01  0.73642963708294D-01  0.14863978509003D-01
  0.86141938084219D-01  -.38758077881855D-03  0.18184476108511D-01
  0.14974562757085D-01  0.17690715419763D-01  -.12836952163943D+00
  0.81851176185258D-01  -.43663697842762D-01  -.19148751685162D-02
  -.59602227029655D-01  -.49703961516926D-01  0.11928627177829D-01
  0.26077898631385D-02  0.84080867258061D-02  -.11032489090804D+00
  -.84244693888174D-01  0.61061399887300D-01  0.85067864362994D-04
  0.73481817233951D-01  0.42824679641133D-01  -.69319175776245D-02
  -.63016123350587D-03  -.85114058355401D-02  0.11895805483189D+00
  -.46599999602471D-01  -.41089583773304D-01  0.47457661120558D-02
  0.12849088618201D-01  0.11005461663754D+00  0.52281298524377D-02
  0.61063822286392D-02  0.23624899389699D-01  -.10069205999840D+00
  0.20426334645484D-01  0.46155972180936D-01  -.44376520426516D-02
  0.29834520940822D-01  0.22958108350283D-01  -.21033977524356D-01
  -.47427419292702D-02  -.24899782200554D-01  0.78256814339687D-01
  -.15095565722157D-02  0.10351957074671D+00  0.80897458673067D-02
  0.45878935740366D-01  -.24254575368517D-01  0.15315526591991D-01
  0.41557938617562D-02  0.27543823836763D-01  -.10562391447000D+00
  -.31986662045830D-01  -.11343577622406D+00  -.11155365447148D-01
  -.94952829170948D-01  0.20019446835258D-01  -.17062500086055D-01
  -.99406066353485D-02  -.19484479723631D-01  0.10453851658090D+00
  0.11659905617574D+00  -.82359981778334D-01  0.94168242063737D-03
  -.58811983750626D-01  -.25736699957211D-01  0.93694343272884D-02
  -.33083690499194D-02  0.18569493700938D-01  -.12929787473440D+00
  -.96918601602332D-01  0.69868953416992D-01  -.10985799344148D-02
  0.57593867566107D-01  0.30584585344119D-01  -.64645777867781D-02
  -.11542928275527D-02  -.67348420874952D-02  0.12710104279991D+00
  -.56997437807834D-01  -.40294770933881D-01  -.14308012779739D-02
  -.24244179455532D-01  0.84364447242841D-01  0.24159349556790D-01
  -.19368746560593D-02  0.27620142353114D-01  -.13006984335475D+00
  0.61174493721464D-01  0.23960951438586D-01  0.44517300014447D-03
  0.27142277283529D-01  -.12380134785760D+00  -.23102877506758D-01
  0.39319713920853D-03  -.23710461303428D-01  0.12885716216959D+00
$end
