$energy      SCF               SCFKIN            SCFPOT
     1 -464.7286899425      462.3231272619     -927.0518172044
     2 -464.7292638512      462.4731820801     -927.2024459313
     3 -464.7164317975      462.8314540038     -927.5478858013
     4 -464.7212519913      462.7409417505     -927.4621937418
     5 -464.7280828319      462.5851720366     -927.3132548685
     6 -464.7255977290      462.4568818744     -927.1824796034
     7 -464.7270307798      462.4688353870     -927.1958661668
     8 -464.7288820429      462.5289904199     -927.2578724628
     9 -464.7283657941      462.4269250497     -927.1552908438
    10 -464.7290485466      462.4657345032     -927.1947830499
    11 -464.7294113352      462.5098449748     -927.2392563100
    12 -464.7289872814      462.5231597196     -927.2521470010
    13 -464.7292183101      462.5104202219     -927.2396385320
    14 -464.7294767958      462.5029217654     -927.2323985613
    15 -464.7294175380      462.4874592571     -927.2168767951
    16 -464.7294948761      462.5039272083     -927.2334220844
    17 -464.7294970251      462.5028932782     -927.2323903033
    18 -464.7294966409      462.5022278149     -927.2317244559
    19 -464.7295016072      462.5024343750     -927.2319359822
    20 -464.7295033425      462.5022753105     -927.2317786530
    21 -464.7295055781      462.5017750600     -927.2312806380
    22 -464.7295156298      462.5021932790     -927.2317089088
    23 -464.7295228761      462.5019772044     -927.2315000805
    24 -464.7295203258      462.5013229456     -927.2308432714
    25 -464.7295258044      462.5029948939     -927.2325206983
    26 -464.7295186484      462.5013032533     -927.2308219017
    27 -464.7295305690      462.5024920254     -927.2320225943
    28 -464.7295334202      462.5028068281     -927.2323402483
    29 -464.7295464876      462.5043236030     -927.2338700906
    30 -464.7295556105      462.5036130452     -927.2331686557
    31 -464.7295601275      462.5026952182     -927.2322553457
    32 -464.7295612362      462.5023980543     -927.2319592905
    33 -464.7295631273      462.5028137955     -927.2323769228
    34 -464.7295640180      462.5025826178     -927.2321466358
    35 -464.7295643452      462.5023787812     -927.2319431265
    36 -464.7295646024      462.5023582405     -927.2319228429
    37 -464.7295644488      462.5024544497     -927.2320188985
    38 -464.7295646035      462.5024386749     -927.2320032784
    39 -464.7295646344      462.5024678498     -927.2320324842
    40 -464.7295607110      462.5024450547     -927.2320057657
    41 -464.7295607343      462.5020330751     -927.2315938094
    42 -464.7295607874      462.5017806526     -927.2313414399
    43 -464.7295608569      462.5018712956     -927.2314321525
    44 -464.7295608817      462.5019877644     -927.2315486461
    45 -464.7295608709      462.5020727141     -927.2316335849
$end
