$hessapprox internal
  0.443890719836D+00  0.984870736462D-03  0.361429086851D+00  0.336012677864D-03
 -0.361483989547D-02  0.121558947921D+00  0.508423612669D-03 -0.864760943041D-03
  0.391049679517D-03  0.443791226431D+00 -0.102191691060D-02  0.540129135656D-02
 -0.122370095167D-02  0.448169263953D-03  0.364659281750D+00 -0.197270515219D-02
  0.711266312665D-03 -0.876500087842D-02  0.617624941495D-03 -0.204409666087D-02
  0.140385478652D+00 -0.790066214841D-03  0.211039193877D-03 -0.446849226598D-03
  0.109921331887D-03 -0.422580749935D-03 -0.131545678845D-02  0.444315360727D+00
 -0.844408288959D-03  0.238462385232D-02  0.324614043553D-02  0.376558816089D-03
 -0.133984974556D-02  0.976756188881D-04 -0.501364865553D-03  0.367138859887D+00
 -0.896908658492D-03  0.378218097384D-02  0.630891500955D-02  0.919941542521D-03
  0.166009010556D-03  0.140477379003D-01  0.387534958518D-03 -0.159015644696D-02
  0.154397590939D+00 -0.528770738490D-03  0.538925236724D-03  0.712356344345D-03
 -0.232049168295D-03 -0.102678575981D-02 -0.155582575985D-02  0.418105064068D-03
 -0.326594334373D-03 -0.141219624295D-02  0.444133853896D+00  0.597176651724D-03
 -0.217172727891D-02  0.187807709020D-02 -0.679398682995D-03  0.190326758424D-02
  0.246134007758D-02  0.210849121617D-03  0.477744318766D-03 -0.665229459343D-03
  0.779567452636D-03  0.367924079675D+00  0.910135195887D-04  0.229507438224D-02
  0.115473671522D-01 -0.175823554014D-03  0.173434930700D-02  0.157295565848D-01
  0.770554199608D-03 -0.785476642186D-03 -0.138446906971D-02 -0.593081546563D-03
 -0.340055008756D-02  0.124619373797D+00 -0.243323957852D-03  0.231133633953D-03
 -0.558669344551D-03 -0.839345718255D-04  0.372739348043D-03  0.265780472747D-02
 -0.524324757920D-03  0.669368925350D-03  0.936889761728D-03  0.498426936731D-03
  0.336367081841D-03 -0.637696560486D-04  0.443876858243D+00 -0.724599925184D-03
  0.385103157370D-02  0.151029267728D-02  0.768482224223D-03 -0.251454249617D-02
 -0.606414464490D-03 -0.359767252163D-03 -0.136826629884D-02 -0.175374425756D-02
 -0.150432831135D-03  0.100445147404D-02 -0.199960085471D-02 -0.265121020063D-03
  0.366360677014D+00  0.925230394918D-03 -0.749856659089D-03  0.189468776201D-02
 -0.477930665676D-03  0.109682288840D-02 -0.234084159827D-02  0.981551546230D-03
 -0.291125937728D-03 -0.101820945875D-01  0.541162719320D-03 -0.166991905694D-02
 -0.175815399559D-01 -0.350834147732D-03 -0.347744429867D-02  0.122262058292D+00
  0.166976469422D-03  0.405049666742D-03  0.412769490343D-03 -0.433888941075D-03
 -0.222789953521D-03  0.682324709115D-03  0.629871367781D-04  0.430704196630D-03
 -0.925487616221D-04 -0.557588828557D-03  0.414279385698D-03 -0.553200612075D-03
 -0.193619858152D-03 -0.272626563429D-04 -0.300389451534D-03  0.444281275512D+00
  0.147543578224D-02 -0.703677485625D-02 -0.446581452635D-02 -0.151463548358D-02
  0.476649725507D-02  0.314497292331D-02  0.525356576481D-03  0.291106831241D-02
  0.408021157368D-02  0.684101961358D-03 -0.216808182643D-02  0.123656679099D-03
  0.126132881056D-03  0.332518857968D-02 -0.409597798725D-02  0.954893077285D-04
  0.360684729709D+00  0.110274362789D-02 -0.424227813169D-02 -0.159288402104D-01
 -0.944279083037D-03  0.623642482592D-03 -0.853481180433D-02 -0.358453170752D-03
  0.208636128059D-02 -0.622524937824D-02  0.130167652840D-02 -0.593793137427D-03
 -0.638900738325D-02 -0.201141228217D-02 -0.610073176004D-03 -0.679182287021D-02
 -0.255161712522D-04 -0.832210447044D-02  0.124421041059D+00 -0.216778515645D-03
 -0.116002476426D-03 -0.201444330747D-03 -0.442562212431D-03 -0.692149923494D-04
 -0.308728156826D-03 -0.194803674534D-03  0.129921233257D-03  0.413081819925D-03
 -0.202605276126D-03 -0.352284275906D-04  0.507013814698D-03 -0.305467297681D-03
  0.623237587743D-04 -0.270718187871D-03 -0.383407054916D-03 -0.291020627088D-03
 -0.740216460557D-03  0.444403739046D+00 -0.171698023568D-02  0.195938925037D-01
  0.191285715427D-03  0.170422333534D-02 -0.142976810453D-01 -0.481849592793D-02
  0.419629507253D-03 -0.598919696294D-02 -0.433912336515D-02 -0.782891925405D-03
  0.507523631477D-02 -0.138875996800D-02  0.213935200658D-02 -0.102085602401D-01
  0.583686341923D-03  0.301971887605D-03  0.165567315523D-01  0.150957842674D-02
  0.100144306275D-02  0.311645956106D+00  0.985166113327D-03 -0.207666016485D-03
  0.250313101655D-04 -0.983388600393D-03  0.309284820920D-03  0.266431435073D-02
 -0.176345950746D-03  0.901145113645D-03 -0.353090644662D-03 -0.247668918406D-03
 -0.106672045674D-02 -0.228529369944D-02 -0.399729157520D-03  0.103306626566D-02
  0.416594320676D-03 -0.157915330043D-03 -0.160267797802D-02 -0.315099124660D-03
 -0.436357071431D-03  0.503177577944D-03  0.878651036360D-01 -0.814058472852D-04
 -0.131768205006D-03 -0.423946611946D-03 -0.478997424088D-04  0.134719940478D-03
 -0.390016044164D-04 -0.210194903935D-03  0.141428160532D-03  0.363508292122D-03
 -0.251403533456D-04 -0.501860125083D-04  0.195494408184D-03 -0.320726723959D-03
 -0.444218359121D-04 -0.255262710657D-03 -0.110982409926D-03 -0.133568913454D-03
 -0.875212773604D-03 -0.547799794545D-05  0.657989070015D-03 -0.588652397371D-04
  0.442084548504D+00 -0.115456781813D-02  0.149940012048D-01 -0.109504415566D-03
  0.109355674708D-02 -0.109708686045D-01 -0.422271208883D-02  0.437225488537D-03
 -0.465983700255D-02 -0.383031550306D-02 -0.232204255782D-03  0.364601431926D-02
 -0.124808828732D-02  0.164610904468D-02 -0.783128017497D-02  0.101667908433D-02
  0.270135631589D-03  0.126397981457D-01  0.150478930415D-02  0.742531525250D-03
 -0.449716991889D-01  0.105280711368D-03  0.405253553589D-03  0.334556774036D+00
  0.676628318667D-03 -0.395363790738D-03  0.605028910993D-04 -0.805510552429D-03
 -0.134653127747D-03 -0.189326981929D-03  0.136303127563D-03 -0.100085288757D-03
 -0.804236721220D-03  0.286086364472D-03 -0.108837409537D-02 -0.140103072383D-02
  0.483698825843D-04  0.685962403825D-03  0.650987127085D-03  0.904012910994D-04
 -0.156409565076D-02  0.570660713975D-03 -0.933986373968D-03 -0.129652966968D-02
  0.284907447396D-01 -0.648260706293D-03 -0.114964415621D-02  0.919499770794D-01
 -0.300465753290D-03  0.507312922212D-03  0.482433297821D-03 -0.249615773872D-03
 -0.338082840953D-03  0.901987471079D-03 -0.506085413387D-03  0.489677506317D-04
  0.393281622238D-03 -0.230736830783D-03  0.318724071792D-03 -0.341111398925D-03
 -0.334228107523D-03 -0.186928076495D-03 -0.445437674452D-03 -0.167602680985D-03
  0.304155405211D-03 -0.425976033829D-03 -0.528050662568D-03  0.151229026576D-03
  0.456920635039D-03 -0.227833286540D-03  0.206455433881D-03  0.113968094327D-02
  0.443671280413D+00 -0.167782262150D-02  0.213878055434D-01 -0.567114581604D-05
  0.158751901325D-02 -0.154903593850D-01 -0.490399062941D-02  0.424648039082D-03
 -0.631560718571D-02 -0.384037317328D-02 -0.512150393847D-03  0.552482740394D-02
 -0.987092477466D-03  0.200569135166D-02 -0.110920067891D-01  0.943218764669D-03
  0.241310418384D-03  0.178924154533D-01  0.172443578087D-02  0.907563196641D-03
 -0.629967923382D-01  0.464106699454D-03  0.486107381338D-03 -0.491586247855D-01
 -0.802009054054D-03  0.210830846929D-03  0.300492897783D+00  0.853507650796D-04
  0.650513239346D-03  0.636203326789D-06  0.499658807015D-03 -0.468599185362D-03
  0.649792040779D-04  0.826850626894D-03  0.434154259083D-03 -0.100942469672D-02
  0.896230476979D-03  0.672061881468D-03  0.223202590448D-03 -0.111482281303D-02
 -0.893963360492D-04  0.180279133803D-02 -0.514205917582D-03  0.725519129735D-03
  0.889903472356D-03  0.102327560584D-02  0.286248828378D-03  0.449197319882D-02
  0.301983334853D-03  0.644525554712D-03 -0.573131780219D-02 -0.669515570471D-03
  0.741157792996D-03  0.926081740970D-01 -0.283086806428D-03  0.282448177363D-03
  0.534302430910D-03 -0.595842929370D-04 -0.193638031963D-03  0.731028772330D-03
 -0.294098733140D-04 -0.379164270770D-04  0.355605999617D-03 -0.473675251463D-05
  0.300821009235D-03 -0.108175872849D-03 -0.101243606619D-04 -0.160264831876D-03
 -0.410159153420D-03 -0.132300622459D-03  0.265981840133D-03 -0.292273254329D-03
 -0.137449217062D-03  0.140331476167D-04  0.173587854658D-03 -0.117648858472D-03
  0.937793472997D-04  0.909273110810D-03  0.372005851172D-04  0.531208892434D-04
 -0.739523733239D-04  0.442611455473D+00 -0.154756993805D-02  0.174828615536D-01
  0.114505451880D-03  0.157794194511D-02 -0.127833202451D-01 -0.453243630257D-02
  0.364434435971D-03 -0.531131548435D-02 -0.401894889154D-02 -0.666893428696D-03
  0.460558164652D-02 -0.107181953343D-02  0.175693853826D-02 -0.909545332963D-02
  0.826485813105D-03  0.194156627663D-03  0.147876090123D-01  0.177838540493D-02
  0.866089153062D-03 -0.513019198465D-01  0.633215987640D-03  0.552944749060D-03
 -0.397104535715D-01 -0.639830095692D-03  0.136834767451D-04 -0.559251538663D-01
 -0.359305483933D-04 -0.881365914284D-04  0.324056439195D+00  0.100602918241D-02
 -0.376036005498D-03  0.226160594800D-03  0.692874972226D-03  0.860090027782D-03
 -0.539205162840D-05  0.363394243118D-03  0.138935041467D-02  0.140608812074D-02
  0.650614534989D-04 -0.413269974845D-03  0.158690623938D-02 -0.183433738525D-02
  0.379993183269D-03 -0.114536060678D-02 -0.427489713662D-03 -0.117665875413D-02
 -0.606989463002D-03  0.129278989010D-02  0.280018057887D-02 -0.544005538657D-02
  0.116661805285D-02  0.188657292573D-02  0.254278094111D-02 -0.138553371958D-02
  0.238881338556D-02  0.297214142472D-01 -0.852282395376D-03  0.210169725485D-02
  0.960769620278D-01 -0.514276245458D-03  0.541465739184D-03  0.599567588283D-03
 -0.642567063797D-03 -0.649648264735D-03 -0.851918563043D-04 -0.377817644917D-03
 -0.644103161482D-05 -0.370982686135D-04 -0.665039906827D-03  0.381736296811D-03
  0.303407570276D-03 -0.309191219280D-03 -0.161417888202D-03 -0.213200539352D-03
 -0.641831484419D-03  0.313771349769D-03 -0.922857074980D-04 -0.564800062660D-03
  0.973822591627D-04 -0.262313181273D-03 -0.292184024759D-03  0.174421520414D-03
  0.232191583071D-04 -0.635525925919D-03  0.504534721699D-04  0.766653792947D-03
 -0.185544388479D-03  0.552352574271D-04  0.157774093173D-03  0.446165945777D+00
 -0.456165268878D-03  0.354328188160D-02  0.336833485185D-03  0.345445746195D-03
 -0.257038444258D-02 -0.565096431399D-03 -0.583531967896D-04 -0.987723726207D-03
 -0.624123579188D-03 -0.262457680329D-03  0.108496449859D-02 -0.139624846220D-03
  0.147969301221D-03 -0.181433018285D-02  0.448071356748D-04 -0.115894160992D-03
  0.299744602090D-02  0.525739724940D-03  0.967155890605D-04 -0.957756994041D-02
  0.303679536302D-03  0.106587119722D-03 -0.723443664366D-02  0.300869814526D-03
 -0.183463864812D-03 -0.104683985626D-01 -0.310638909662D-03 -0.128370577747D-03
 -0.845763718288D-02  0.123615299229D-03 -0.170561305030D-03  0.367531232253D+00
 -0.167950550567D-03 -0.479246950701D-03  0.844897869302D-03 -0.359197646506D-03
  0.147653402747D-03  0.166159706786D-02  0.224453171689D-03  0.173989703770D-04
 -0.162312936244D-02 -0.520917526221D-03 -0.163120283463D-03 -0.218963474748D-02
  0.464397160951D-03  0.664532682512D-03  0.151687927252D-02 -0.131478514735D-03
 -0.202755559895D-03  0.554023698212D-03  0.795425987028D-03  0.144814361769D-02
  0.246716207514D-01  0.770313041622D-03  0.108947940764D-02  0.668988828861D-03
 -0.117052081937D-02  0.148247637357D-02 -0.247299388967D-02 -0.673460050119D-03
  0.109678276238D-02 -0.183040992149D-01 -0.111085306796D-03  0.494076709598D-04
  0.951586313444D-01  0.783996470114D-03 -0.296245761933D-02 -0.116280287221D-02
  0.129031651932D-02  0.341511958532D-02  0.195939066882D-02  0.593394979679D-03
  0.806898532433D-03  0.174427734302D-02  0.349217944987D-02 -0.152673317811D-02
 -0.304502026516D-04 -0.231616334384D-03  0.923369941144D-03  0.174782489398D-02
  0.154775766927D-02 -0.206913761239D-02 -0.104818213867D-02  0.190312232730D-02
  0.416027285371D-02 -0.683943462221D-04  0.112002322727D-02  0.236303907937D-02
 -0.880179701580D-03  0.826153734954D-03  0.297134377817D-02  0.585408698730D-03
  0.501645443202D-03  0.365764321884D-02  0.441896446330D-03  0.247847051236D-02
  0.133293007895D-02  0.125211500852D-02  0.602155150187D+00  0.137004835708D-03
  0.288087055420D-02 -0.233875554076D-03 -0.419244477455D-03 -0.148092017075D-02
 -0.461410917101D-03  0.463087839814D-03 -0.589078499766D-03  0.142295355725D-03
  0.110315586831D-02  0.798504118340D-05  0.459861785465D-03  0.368584402976D-03
 -0.168134036680D-02  0.289148054291D-03 -0.103862375213D-03  0.199728810346D-02
  0.112755363576D-03  0.918498284947D-03 -0.109662673525D-01 -0.306156031206D-03
  0.613961627222D-03 -0.919264847336D-02 -0.186711705602D-02 -0.455397847985D-03
 -0.134292176853D-01  0.257138783368D-02 -0.163154031409D-04 -0.958804124782D-02
  0.218116414148D-02  0.619385603616D-03 -0.135170950586D-02  0.206581615863D-02
  0.182758342800D-02  0.613505753430D+00  0.108492446595D-02 -0.470043750243D-02
 -0.147783497940D-02  0.304784801481D-02  0.474836100489D-02  0.199800356864D-02
  0.175309969375D-02  0.256064803851D-03  0.124471100228D-02  0.531509791646D-02
 -0.243480788708D-02 -0.641845648932D-03  0.734991784690D-03  0.169562603179D-02
  0.285158966279D-02  0.305284846713D-02 -0.290700694635D-02 -0.140416501661D-02
  0.338957570842D-02  0.591031111570D-02 -0.256880439801D-03  0.168163379261D-02
  0.388600948459D-02 -0.981418299851D-03  0.218588397331D-02  0.571125855627D-02
  0.133892503737D-02  0.127845507269D-02  0.526989024126D-02  0.130204063989D-02
  0.471198744601D-02  0.196325135767D-02  0.897059438601D-03 -0.820302068404D-02
  0.242650545518D-02  0.579106792410D+00  0.758220427831D-03 -0.303505936281D-02
 -0.526951935960D-03  0.240246483885D-02  0.341077519144D-02  0.309954843109D-02
  0.124185926511D-02  0.197855237103D-03  0.147270363528D-02  0.412056572758D-02
 -0.162336174729D-02 -0.125003703282D-02  0.411667088459D-03  0.104056157548D-02
  0.156085519885D-02  0.237075973149D-02 -0.174694859377D-02 -0.140734390290D-02
  0.239007972566D-02  0.362421529123D-02 -0.257367675021D-03  0.109039818823D-02
  0.203994900465D-02  0.900044405552D-04  0.203054766875D-02  0.345922985987D-02
  0.123945898730D-03  0.123233411504D-02  0.294071735116D-02 -0.529353799560D-03
  0.354875861774D-02  0.114724908937D-02 -0.169878834839D-03 -0.699222699365D-02
  0.652165910135D-03 -0.132462654670D-01  0.591547308165D+00 -0.175555285436D-03
  0.462994116993D-02  0.131378704899D-02  0.347892826798D-03 -0.256405895405D-02
  0.224792805251D-02  0.335492167242D-03 -0.974071285640D-03  0.976320049294D-03
  0.699311078210D-03  0.100897014953D-02 -0.541784980963D-03  0.536877968473D-03
 -0.233815006580D-02 -0.676031047333D-03  0.245098584457D-03  0.372183440566D-02
 -0.312373823069D-04  0.558792201866D-03 -0.140753632525D-01  0.277789341570D-03
  0.170279497420D-03 -0.117383993696D-01  0.735469836693D-03  0.668664125051D-03
 -0.159934691672D-01  0.566109132652D-04  0.569166276771D-03 -0.130735682975D-01
 -0.126813877478D-02  0.682628983500D-03 -0.250947816387D-02 -0.576545844367D-03
 -0.390457171082D-03 -0.340020209865D-02 -0.577042827049D-04  0.734982723082D-03
  0.611588043391D+00  0.127412152610D-02 -0.331013255825D-02  0.725173429437D-04
  0.267676398368D-02  0.433384284559D-02  0.511279364189D-02  0.120239584052D-02
  0.678253767389D-03  0.285687537812D-02  0.452991524864D-02 -0.202507564335D-02
 -0.128765149288D-02  0.179114491960D-03  0.133523048444D-02  0.110943995770D-02
  0.264642796434D-02 -0.209717785860D-02 -0.138645884420D-02  0.261529386459D-02
  0.438566137564D-02  0.232974258911D-03  0.117703490950D-02  0.213315926554D-02
  0.396669780378D-03  0.246740036282D-02  0.398237372611D-02 -0.371774011782D-03
  0.142309519049D-02  0.328899697331D-02 -0.812024475313D-03  0.406273735328D-02
  0.120785041661D-02 -0.127707355733D-03 -0.867469592816D-02  0.948688587848D-04
 -0.157816176151D-01 -0.112252076067D-01  0.165410286820D-02  0.586911712735D+00
  0.979016462644D-03 -0.885286929175D-02  0.112287721323D-03  0.765240721563D-03
  0.657191762090D-02  0.167572228026D-02  0.768100750451D-03  0.163119679568D-02
 -0.170315729738D-03  0.157293433596D-02 -0.253238968635D-02 -0.748561300468D-03
  0.274773852697D-03  0.434451056618D-02  0.132751973604D-02  0.114573387832D-02
 -0.667500549807D-02 -0.251421683629D-03  0.925612316356D-03  0.224623513053D-01
 -0.926842359352D-04  0.707648543562D-03  0.176122020921D-01  0.346215410248D-03
  0.138776362760D-02  0.249486128384D-01 -0.384492593240D-03  0.556928945999D-03
  0.200623009103D-01 -0.389279827906D-03  0.161713089908D-02  0.415108006649D-02
 -0.106295107204D-02 -0.357228693787D-02  0.469118573884D-02 -0.808847918802D-02
 -0.568761210934D-02  0.490876039813D-02 -0.692796855908D-02  0.418955107057D+00
  0.169646476904D-03  0.374692995285D-03  0.597397710129D-03  0.386362144837D-03
 -0.162551559992D-03  0.982606738785D-04  0.384414223707D-03 -0.321866125057D-03
 -0.177325384105D-03 -0.164013236189D-03  0.167263494441D-03 -0.231763672625D-06
  0.729628826612D-03 -0.192773787674D-03 -0.215843511194D-03  0.414695151868D-03
  0.566104995243D-03  0.411901423892D-03  0.372810253228D-03 -0.213258472913D-02
  0.182180597166D-04  0.738226048082D-04 -0.191999123614D-02 -0.368004475010D-03
  0.470378641135D-03 -0.191742144214D-02 -0.678887434910D-04  0.178741487241D-03
 -0.224441132812D-02  0.675977346800D-03  0.623731906109D-03 -0.549728957926D-03
  0.330826310266D-03 -0.162685665096D-02 -0.110619905399D-02 -0.309738671018D-02
 -0.151795031835D-02  0.624188422873D-03 -0.994441664521D-03 -0.132418334118D-02
  0.431618813275D+00  0.298297649977D-03 -0.655680259084D-03  0.486695411296D-04
  0.581171424891D-03  0.507185337213D-03 -0.663223894375D-03  0.511388188991D-03
 -0.255983735002D-03 -0.117432074434D-02  0.487966240664D-03 -0.306270990843D-03
 -0.189676003840D-03  0.579487655015D-03  0.320575409102D-03  0.129081610048D-02
  0.575564433331D-03 -0.159826004770D-03  0.121722723442D-02  0.585493549377D-03
  0.172050129971D-03  0.106073629258D-03  0.301149600753D-03  0.191131269863D-03
  0.122781885979D-03  0.565442832739D-03  0.403237465815D-03 -0.253607206808D-03
  0.151603387222D-03  0.271374331300D-03  0.144690161279D-03  0.884523032242D-03
  0.243865106481D-03 -0.224760066161D-03 -0.180191499777D-02 -0.778313126100D-04
 -0.392558167555D-02 -0.303177999268D-02 -0.628905954446D-03 -0.368498288346D-02
 -0.171791741539D-02 -0.826515330486D-03  0.429383927852D+00 -0.130629588515D-02
  0.464171858377D-03  0.198789519090D-03  0.179144357495D-03 -0.337340014742D-03
 -0.535409031501D-03 -0.539437151577D-03 -0.112134753241D-02  0.911191972341D-03
 -0.466412320795D-03  0.921552465898D-03  0.114096216360D-02  0.146615218445D-02
 -0.914092537601D-03 -0.910675261564D-03  0.333795027830D-03  0.174892709604D-02
 -0.180576361365D-03 -0.393847453881D-03 -0.122914833506D-02 -0.308537745291D-01
 -0.333899349016D-03 -0.755296595753D-03 -0.321270930633D-01  0.187271081343D-03
 -0.154940089595D-02 -0.335444488107D-01 -0.467392310119D-04 -0.116679699086D-02
 -0.345652134025D-01 -0.369571880082D-03 -0.306336616406D-03 -0.197779658534D-02
  0.182551033230D-03 -0.102785218030D-02  0.159968021676D-03  0.818626663203D-03
  0.183272744568D-03  0.975570092498D-03  0.576065762983D-03 -0.137160910351D-03
 -0.128622476285D-04  0.802148190411D-01  0.327247771437D-03  0.867006107313D-03
  0.151796818312D-02  0.551706091277D-04  0.286800570366D-03  0.459952934146D-02
 -0.729279390816D-03  0.604662202544D-03  0.117237331466D-02 -0.111585083215D-02
  0.361833651015D-03 -0.164240961699D-02 -0.113517310621D-02 -0.375208932750D-04
 -0.141066972597D-02 -0.522405824825D-03  0.120376098910D-02 -0.552123697936D-03
 -0.418106491045D-04  0.180806549961D-03  0.170374311620D-01 -0.132301260923D-04
 -0.956429584282D-03 -0.194157219951D-01  0.216654849453D-03 -0.166452137506D-03
  0.164803446550D-01 -0.426752033727D-03 -0.109270918893D-02 -0.173151536218D-01
 -0.393272579036D-03 -0.821029495779D-03  0.347411820348D-01 -0.670391491893D-03
 -0.106891684471D-02 -0.164062258880D-03  0.107075666494D-02  0.268040364138D-02
  0.337156665483D-02 -0.322808585660D-03  0.317328281774D-02 -0.321771295057D-03
  0.162794700332D-02  0.827753730905D-01  0.910664014143D-04  0.969000222818D-03
  0.406229448107D-03  0.161142201966D-02  0.258673392095D-03  0.359710100286D-03
 -0.287463462484D-03  0.493516706111D-03  0.200337165993D-02 -0.357113213124D-04
  0.104949788905D-02  0.205168249230D-02 -0.206330736556D-02 -0.102317153720D-02
 -0.172708755843D-02 -0.371931058935D-03  0.169048626671D-02 -0.123583752191D-02
  0.705309160153D-03  0.571087069667D-03 -0.343812019412D-01  0.254457600464D-03
  0.101533681516D-03 -0.356049215234D-01 -0.364925720593D-03  0.341116951461D-03
  0.347129535602D-01 -0.571539922523D-03 -0.449208533981D-03  0.350786759687D-01
  0.241866713160D-03 -0.699563849319D-03 -0.337492853369D-01 -0.100135872050D-02
  0.158808492989D-03 -0.179765032731D-03 -0.690764924342D-04  0.729730067580D-03
  0.578074774797D-03 -0.816362315001D-04  0.174109299597D-02 -0.150336272047D-03
  0.875384642559D-04  0.409687945975D-02  0.945770350365D-01 -0.965348506515D-04
 -0.869032320852D-03 -0.232328944886D-02  0.303862869479D-03 -0.103204071833D-03
 -0.368661107321D-02  0.452420693181D-03 -0.424502432764D-03 -0.246406145072D-02
 -0.314150664139D-03 -0.102495134581D-02  0.100402069902D-03 -0.114623101054D-04
  0.705669295162D-03  0.166947989388D-02 -0.187093849562D-03 -0.124344307510D-03
  0.143376094107D-03 -0.181028533126D-03  0.490519501567D-03 -0.391434909232D-04
 -0.638109273851D-03 -0.655312770746D-03  0.152491843437D-03  0.130363659282D-02
  0.156333311372D-02  0.690401372465D-03  0.106151192868D-02  0.291456053573D-03
 -0.437249167676D-03  0.247525963501D-03  0.535312398489D-03 -0.613467213571D-03
  0.187888946948D-03 -0.103281898098D-03  0.113582349640D-02  0.197563275042D-02
  0.375639550431D-02  0.386527718005D-02 -0.706732051735D-03  0.955467877843D-03
 -0.624441835248D-03  0.137445416648D-02  0.280114700538D-02  0.149917086517D-02
  0.106026124809D+00  0.607939191664D-03 -0.126628525762D-02  0.166297779427D-02
  0.254752528162D-04  0.186415697609D-02  0.607540958216D-02  0.310530527444D-03
  0.611895017863D-03  0.663769322888D-02 -0.430294254692D-03  0.252584446712D-05
  0.139981100833D-02  0.181394876231D-02  0.886104921521D-03 -0.373214836440D-02
  0.117828619737D-02 -0.132702639282D-02 -0.438324662861D-02  0.436149178409D-03
  0.249725207744D-02 -0.995488918979D-03  0.214482027230D-03  0.630542013935D-03
 -0.273576056969D-02  0.167079379747D-02  0.377360033641D-02  0.517097255764D-03
  0.106500603213D-02  0.186890523466D-03  0.167629658640D-02  0.103490643719D-02
 -0.919273228898D-03  0.104063530422D-02 -0.408561881298D-02 -0.305806393233D-02
 -0.629563981061D-02 -0.269717204555D-03  0.752432608930D-02  0.368120475210D-02
 -0.531973630836D-02  0.493984670831D-02 -0.227627638761D-02  0.822859642856D-03
  0.161806224668D-01  0.956338221653D-02  0.971746415953D-02  0.396830945047D+00
  0.113715914070D-02  0.129363649903D-02  0.213651870820D-02  0.901348880322D-03
  0.103240409015D-02  0.590593398550D-02 -0.195704507751D-02  0.109571876147D-02
  0.439377412563D-02 -0.194779208864D-02  0.893110020260D-04 -0.427110593873D-03
 -0.289159866779D-02 -0.450141409496D-03 -0.434442355819D-02 -0.371478224940D-03
  0.145117748827D-02 -0.240782856315D-02 -0.941652802841D-03 -0.546568205306D-03
 -0.362702490471D-02 -0.549895484191D-03 -0.314058669004D-02 -0.257885209271D-01
  0.159231353463D-02 -0.130126775923D-02  0.208070033747D-01 -0.226788990837D-03
 -0.280151348115D-02  0.141249370957D-02 -0.783633194568D-03 -0.146283944356D-02
 -0.510356433090D-03 -0.366272005179D-02 -0.552023425091D-02 -0.302745430508D-02
  0.137728134419D-02  0.587588876441D-02  0.637131020796D-02 -0.838356477066D-04
  0.674514561198D-02 -0.456086316547D-03  0.327604570137D-02  0.514900236488D-01
  0.428890441520D-01  0.503594325897D-02  0.336815830377D-01  0.140878077097D+00
 -0.518632996334D-03  0.172670105842D-02  0.149849320769D-02 -0.195169368029D-02
 -0.107232787084D-02  0.209302404868D-02 -0.115011744195D-02  0.739831929869D-03
  0.182803980706D-02 -0.138817004745D-02  0.799277329333D-03  0.518538292920D-03
 -0.140033213499D-02 -0.637749541993D-03 -0.188990202157D-02 -0.172094962297D-02
  0.535276635524D-03 -0.116298126534D-02 -0.159734045273D-02 -0.717419711116D-03
 -0.405071099303D-03 -0.891376366410D-03 -0.100235627357D-02  0.274716516408D-04
 -0.154114600169D-02 -0.174615942183D-02  0.100860006391D-02 -0.500204030081D-03
 -0.991910974655D-03 -0.837606452919D-03 -0.229021111065D-02 -0.666349498437D-03
  0.236985981715D-03  0.448774223483D-02 -0.331511932400D-03  0.102942293352D-01
  0.798516537789D-02  0.140435106832D-02  0.963372579261D-02  0.433623526444D-02
  0.252151938615D-02  0.218648773687D-02 -0.234916909306D-03  0.794060816689D-03
  0.493395215596D-03  0.160234372391D-02  0.670817910157D-02  0.149188905645D-02
  0.450630768469D+00  0.540080052332D-03 -0.808048305244D-04 -0.454967269227D-02
 -0.213621504474D-02  0.799966130816D-03  0.448458398020D-02 -0.213968391834D-02
  0.261340355750D-02  0.117889499903D-01 -0.944055077664D-03  0.264021600635D-02
  0.965242708570D-02  0.549287265161D-03 -0.159848961871D-03  0.469430724605D-03
  0.480705150434D-03 -0.217309897815D-02 -0.603353970852D-02 -0.428483312267D-03
  0.745058513838D-03  0.800496847941D-03  0.133795234530D-02  0.151257078840D-02
 -0.192388000609D-02 -0.234967884944D-02 -0.192828276798D-02 -0.884844029673D-03
 -0.262383660608D-02  0.213043859459D-03  0.241211615617D-02 -0.133313015466D-02
 -0.122947659397D-02  0.177558346087D-02 -0.619153620287D-03 -0.154787088851D-02
 -0.230338842980D-02 -0.254292254211D-02 -0.544057101195D-02 -0.418364416387D-02
  0.127003598542D-02  0.698078869650D-03  0.166127187145D-02 -0.379681669580D-02
  0.291366219464D-02  0.239804016889D-02  0.823149285244D-02 -0.106018915218D-01
  0.725997375426D-02 -0.393389745797D-02  0.120291197582D+00  0.309826934147D-03
  0.759900037071D-03  0.195696489015D-02  0.279950642773D-03  0.275255641004D-03
  0.502395184945D-02  0.932461378327D-04  0.414305475752D-03  0.544541947760D-02
 -0.779775044507D-03  0.237033237639D-03 -0.773073000867D-04  0.113582636040D-03
  0.198333514289D-03 -0.386368958599D-02  0.288832839387D-03  0.684495768775D-03
 -0.304082945551D-02 -0.160446431043D-03  0.120165071762D-02 -0.827392840771D-03
 -0.246332508144D-03  0.283898762085D-03 -0.123325983228D-02  0.252406765032D-03
  0.687796292366D-03  0.282084214802D-04  0.110341227054D-02 -0.105447305429D-02
  0.145597894765D-02 -0.514007380801D-04 -0.128403390046D-02  0.163305386976D-02
 -0.219804930522D-02 -0.367196462893D-02 -0.252715017446D-02  0.269051174196D-02
  0.700434078438D-02  0.680015045948D-02 -0.338500892653D-02  0.656113832214D-02
 -0.159057811635D-02  0.568715608591D-03  0.141722145162D-01  0.757395341128D-02
  0.134939153101D-01  0.328567365172D-01  0.299301771102D-01  0.507149253165D-02
 -0.176552866284D-02  0.354665712556D-01  0.697761762156D-03 -0.777893698859D-03
  0.176495173370D-04 -0.613915610251D-03  0.871842989808D-03  0.176038185079D-02
  0.181156018991D-03  0.504984766202D-03 -0.233668083423D-03  0.517392213118D-03
 -0.733408634435D-03  0.364641546972D-03 -0.280939730118D-03  0.505501633034D-03
 -0.346406351180D-03 -0.581504812528D-04 -0.139217194776D-02 -0.203119047265D-02
 -0.151843726385D-03  0.161230304440D-02 -0.954462289396D-03 -0.936325205348D-04
  0.941565685578D-03 -0.583858867089D-03  0.591428089181D-04  0.146696744088D-02
 -0.111257876516D-03  0.103683394524D-03  0.145853102427D-02 -0.526343643603D-03
  0.206716798301D-04  0.392246507742D-03  0.757304802418D-04 -0.104857945595D-02
 -0.927175098769D-03 -0.726243330632D-03 -0.508127563650D-03 -0.133720837287D-03
 -0.826171194906D-03 -0.318121414530D-03  0.318449936627D-03  0.101367083964D-03
  0.969042284170D-03 -0.189941480398D-03  0.293721199283D-03 -0.115365974211D-03
  0.524836026261D-03 -0.407941075708D-03 -0.671802333918D-03  0.286931896453D-04
  0.353145315071D-03  0.553685510614D+00 -0.224072482073D-02  0.234957891736D-02
 -0.242633846651D-02  0.465935959896D-02 -0.193691331241D-02 -0.206170944793D-02
 -0.154140908809D-02 -0.477094601301D-03 -0.491760251738D-02  0.237318144454D-02
  0.196886369709D-02  0.113192565828D-01 -0.379026038282D-02 -0.137716170512D-02
 -0.658478219232D-03  0.127660298183D-02  0.429302189435D-02  0.378895299656D-02
  0.350176684646D-03 -0.253476862441D-02  0.214652825591D-02 -0.469601779139D-04
 -0.144889954384D-02  0.353916509237D-02 -0.392410542511D-03 -0.273867999905D-02
 -0.179520866526D-02 -0.289507979825D-03 -0.262557921137D-02 -0.911537569654D-03
 -0.178671364804D-03 -0.838845973067D-03  0.111582618800D-02 -0.746167193019D-03
  0.213379800150D-02 -0.200114283993D-02 -0.213671887365D-02 -0.121714527219D-03
 -0.192122859781D-02  0.249435943814D-02 -0.519641348383D-03  0.879258875387D-04
 -0.129397549573D-02 -0.155472047826D-02 -0.435739011807D-02  0.166964359459D-03
  0.144907890078D-02 -0.281610076640D-02  0.574284186303D-03  0.280070965863D-02
 -0.461689566283D-03  0.661615598123D-04  0.292532368699D+00  0.295617086833D-02
 -0.433326583651D-02 -0.823124910068D-02 -0.247675728390D-02  0.495534617609D-02
  0.922380075680D-02 -0.844726295488D-04  0.347647680479D-02  0.876785617244D-02
  0.370855757041D-02 -0.350782534428D-02  0.277378191538D-03 -0.223944662894D-02
  0.277222426486D-02  0.600180162589D-04  0.298898187766D-03 -0.671244176361D-02
 -0.513599421491D-02 -0.518307607546D-03  0.111534238651D-01 -0.392697012299D-02
 -0.365285419600D-03  0.717544711372D-02 -0.387868040464D-02 -0.310910211973D-03
  0.101558355474D-01 -0.142279894857D-03  0.319244695745D-03  0.982859659715D-02
 -0.153505710257D-02  0.397301286542D-03  0.218867581793D-02  0.240268797129D-02
 -0.728027828673D-02 -0.298211076427D-02 -0.715033446612D-02 -0.557272655419D-02
 -0.946376314253D-04 -0.748725832661D-02 -0.291254762286D-02  0.200476073421D-02
  0.588527849194D-03  0.402083914181D-02  0.770359638061D-03  0.145527416878D-02
  0.118638147953D-02  0.221558516972D-02 -0.954626481000D-03 -0.218638355001D-02
 -0.289622645655D-02  0.262962498858D-02 -0.238599650067D-02 -0.563647012457D-01
  0.475695516441D+00  0.206654759064D-02 -0.335405186411D-02 -0.134749835428D-02
 -0.282237585556D-02  0.256698434659D-02  0.418612597420D-02  0.856047776776D-03
  0.162751115098D-02 -0.814934283063D-03 -0.310924888683D-03 -0.197496119447D-02
 -0.165306612739D-03  0.949332577164D-03  0.222653537794D-02  0.669718471020D-03
 -0.595492612258D-03 -0.509965408546D-02 -0.525292972273D-02 -0.639572002839D-03
  0.679945942671D-02 -0.203370427256D-02 -0.443377497900D-04  0.477466008099D-02
 -0.195285455341D-02  0.202954680593D-04  0.699964747836D-02  0.458716765009D-03
  0.836794001093D-04  0.621158331465D-02 -0.457130845730D-03 -0.436934715611D-03
  0.142687920929D-02  0.235756832243D-03 -0.246921610150D-03 -0.129863425399D-02
  0.827150164227D-03  0.101756846124D-02  0.711858704665D-03  0.681305935858D-03
 -0.176027005872D-02  0.631961565974D-03  0.389991311624D-03  0.161841313127D-02
  0.350269184240D-03  0.193537721053D-02 -0.507890142005D-03 -0.640358175560D-03
  0.561852405139D-03 -0.204899383795D-02 -0.831096095483D-03  0.527348607458D-03
 -0.100871118040D-01  0.205871060217D-01 -0.382386447003D-02  0.434380687870D+00
  0.159504335286D-02 -0.158667930835D-02 -0.331811685795D-02  0.143186383902D-02
  0.209641054038D-02  0.316796507344D-02  0.184765930937D-02  0.712378563802D-03
  0.323597520710D-02  0.374221594288D-02 -0.125305445344D-02 -0.140188988855D-02
  0.110834640085D-02  0.605441548491D-03  0.221283279420D-02  0.207818981970D-02
 -0.187348818069D-02 -0.435508009956D-02  0.221410360656D-02 -0.149755339109D-02
 -0.102664310340D-02  0.105779041067D-02 -0.209811075204D-02 -0.512177578438D-03
  0.167283673551D-02 -0.257464826201D-02  0.341136494483D-03  0.104734026902D-02
 -0.146292712580D-02 -0.745208152774D-03  0.323011964974D-02  0.376183256785D-03
 -0.425107864069D-03 -0.493726744567D-02 -0.363143429312D-03 -0.955484991256D-02
 -0.736081589092D-02 -0.858588616575D-03 -0.857458853926D-02 -0.345390434641D-02
 -0.141923168278D-02 -0.264413999309D-02  0.127609563202D-02  0.149515608460D-03
  0.258290132643D-03  0.160290605395D-02 -0.879322422783D-03 -0.239281721418D-03
  0.679466700463D-02 -0.392275686405D-02  0.158451589801D-02 -0.136623304568D-02
 -0.447896479112D-03 -0.471436186356D-02  0.155102005003D-01  0.133968334151D+00
 -0.104096481317D-02  0.137281123352D-03  0.959858303007D-02  0.140288070424D-02
  0.126828833040D-02  0.309821380840D-02 -0.771817593637D-03 -0.675368408086D-03
  0.975468891149D-03 -0.107658042676D-03  0.176611740406D-03 -0.116874941616D-02
 -0.525809924569D-03 -0.140279653858D-02 -0.938624443241D-02  0.228701207988D-03
  0.139229444098D-02 -0.495497352716D-02  0.586128576741D-03  0.625589486780D-03
  0.290484993051D-02  0.255613987545D-03  0.561074449949D-03  0.102720801533D-02
 -0.104271575243D-03  0.549064659225D-03  0.212551828222D-02 -0.256514299685D-03
  0.429717589929D-03  0.390219880562D-02  0.484143235361D-03  0.261690775922D-04
  0.611466183688D-03 -0.628689246079D-03  0.913273967321D-03 -0.135188724991D-02
 -0.115744469772D-02  0.210021410557D-03 -0.952255563829D-03 -0.132941069576D-02
 -0.519967755271D-03 -0.528882537974D-03 -0.439120864779D-02  0.633204444671D-03
  0.967969471755D-04  0.133624720488D-02 -0.719235239777D-03  0.923053866514D-03
  0.121150256865D-02 -0.766376791374D-03  0.205923144030D-03 -0.167681486021D-02
 -0.366576143985D-01  0.146232906656D+00  0.550952339586D-02  0.444546327873D-02
  0.238955899901D+00 -0.801062888275D-03  0.156981545206D-02  0.767076777363D-02
  0.730368787383D-03 -0.911478937731D-03 -0.143773825042D-02 -0.458987338358D-03
 -0.109859485647D-02 -0.274190497023D-02 -0.728067276763D-03  0.596633773656D-03
 -0.285117429006D-02 -0.176241340545D-04 -0.159031018335D-03  0.834277636795D-03
  0.798604617091D-04  0.275754590026D-02  0.955582155317D-02  0.224415506889D-03
 -0.158512258265D-02  0.125530394400D-02  0.272846643256D-03 -0.980522397340D-03
 -0.550682519639D-04 -0.198557136716D-03 -0.139565294469D-02 -0.393168921610D-03
 -0.230618383133D-03 -0.143979947980D-02  0.254111004062D-02 -0.312480957795D-03
 -0.382665261061D-03  0.604983362360D-03  0.208927211255D-02  0.153335834877D-02
  0.168281116699D-02  0.106672630491D-02  0.162966004277D-03  0.159984520029D-02
  0.118918031791D-03 -0.421005271823D-03 -0.340508583659D-03 -0.134899637837D-02
 -0.102460257535D-03 -0.178907519956D-03 -0.936610313999D-03 -0.158808355729D-04
 -0.112484937883D-03  0.525970995965D-03  0.312163298596D-02 -0.741044717972D-03
  0.594165753718D-02  0.669131067881D-02  0.112315710902D-02  0.154569792018D+00
  0.190350452390D-02  0.530185882228D-02  0.308912265190D+00  0.867019493252D-04
 -0.180989154041D-02  0.492667701003D-02 -0.110796465617D-02 -0.179468925454D-04
 -0.127243602717D-01 -0.313203097313D-03 -0.123519472135D-02 -0.125323745465D-01
 -0.207646163468D-03 -0.629504399672D-03  0.946629005977D-03 -0.330735759493D-03
  0.187998455303D-02  0.118203363720D-01 -0.287859075071D-03 -0.234243469257D-03
  0.139668154211D-01 -0.645032711061D-03  0.412989271994D-02 -0.431551832042D-03
 -0.342000159779D-03  0.309329592916D-02 -0.963251234480D-03 -0.356858237926D-03
  0.474312291613D-02  0.220030943645D-02 -0.126864436462D-03  0.371145808409D-02
  0.178517472053D-02 -0.747563416561D-03  0.614272824750D-03  0.702103439892D-03
  0.542323518871D-03 -0.275578606566D-03  0.175747455372D-02  0.169272109691D-02
  0.119596808683D-02  0.182360071073D-02 -0.718111633133D-03  0.933771635565D-03
  0.578014243064D-03 -0.134135096035D-02  0.161139738012D-02  0.238162926526D-02
 -0.304060316805D-03  0.779589099488D-03  0.251804063689D-02 -0.157121993660D-02
  0.243286544398D-03  0.174085019869D-02  0.376629398978D-03 -0.782409373806D-02
  0.286522663640D-01 -0.244162752862D-01 -0.601769161110D-01  0.233745565656D-02
 -0.164255402892D-01  0.273552906587D+00  0.100785674902D-02  0.512107932423D-03
 -0.105599461493D-01 -0.514731220967D-03 -0.114745120572D-03 -0.802651056118D-02
  0.572451784621D-03  0.528225208570D-03  0.121743148122D-01 -0.144346121143D-02
 -0.558922279760D-03  0.860625585912D-02 -0.577009054601D-04  0.237503232343D-03
  0.342959414027D-02 -0.521243777062D-03 -0.106060356620D-02 -0.596323859175D-02
  0.182854992534D-03 -0.181042117892D-02 -0.223709482739D-03  0.306769907574D-03
 -0.196143996745D-02 -0.626735719449D-03 -0.244135038449D-04 -0.212759417156D-02
 -0.108914914730D-02 -0.373589320206D-03 -0.169052137055D-02  0.296019693865D-02
 -0.153288844881D-03 -0.262854405651D-03 -0.157827416977D-02 -0.201506893633D-03
 -0.700824086816D-03 -0.556347397466D-03 -0.567299059859D-03 -0.592952172403D-03
  0.327515263125D-03 -0.599242244567D-03  0.496786969331D-03 -0.258610305677D-03
 -0.301506263671D-03  0.115557880180D-02  0.288270441856D-02 -0.434910700834D-03
  0.304588468323D-02  0.583748253233D-02  0.199013028340D-03  0.292792823715D-02
  0.223881227619D-02  0.439681361496D-02  0.818251077300D-03  0.205067879544D-01
  0.953620669965D-01  0.783084685446D-02  0.113144708570D-01  0.218277601602D-01
 -0.200338915308D-01  0.212692916258D+00  0.173744741249D-03 -0.931993349545D-03
 -0.524168707916D-02  0.706068931696D-03  0.157461936437D-02  0.878118378661D-02
  0.687104080424D-03  0.849888695956D-03  0.137124386644D-01  0.189899264274D-02
 -0.102833135708D-02  0.117245225567D-02  0.118556153558D-02 -0.418792979317D-03
 -0.966217785498D-02  0.126072278939D-02 -0.218688901508D-02 -0.139402265168D-01
  0.109437850547D-02 -0.852236452370D-03 -0.821216240155D-03  0.584291475195D-03
 -0.982055631501D-03 -0.570602797535D-03  0.941401811268D-03 -0.135633461881D-02
  0.164543514374D-02  0.702988767642D-03 -0.741813821352D-03  0.131789695974D-03
  0.169075469048D-02  0.271347072161D-03 -0.933989706666D-03 -0.271188967976D-02
 -0.349645541311D-03 -0.451197705589D-02 -0.333492275439D-02 -0.393202847220D-03
 -0.358801054892D-02 -0.142792313828D-02 -0.125977976512D-02 -0.136811514933D-02
  0.291043882539D-03  0.431582217505D-03  0.165370936972D-02  0.316498083932D-02
 -0.171890676747D-02  0.282600088874D-03  0.341079484503D-02 -0.831845210340D-02
 -0.158090385468D-02 -0.865276384804D-03  0.414719114622D-02 -0.823668651659D-02
  0.967931868228D-02  0.535070680413D-01 -0.373065448926D-01  0.432908345381D-01
  0.156208636296D+00 -0.180739352023D-01  0.191025763797D+00 -0.845884279704D-03
  0.266490114440D-03 -0.651871575318D-02  0.641416593235D-03 -0.821987167513D-03
 -0.805809786521D-02 -0.518383206238D-03  0.116357294222D-03  0.953857052036D-04
 -0.146104842725D-03  0.100315831852D-02  0.137014705180D-01 -0.706472540129D-03
  0.390218192802D-03  0.898021026401D-02 -0.139395885108D-03  0.104073327131D-02
 -0.218052967521D-02 -0.198322299848D-04  0.813394688859D-03  0.626808719803D-03
 -0.819010974509D-05  0.787937630644D-03  0.272560541882D-03 -0.279905755153D-03
  0.785585457107D-03 -0.680821890213D-03 -0.173698118317D-03  0.497982569196D-03
 -0.178720734615D-05 -0.308771466453D-03 -0.164021930862D-03  0.793400009710D-03
  0.863472611258D-03  0.902400834162D-03  0.188877454680D-02  0.135965790959D-02
  0.598141637488D-03  0.170162023167D-02  0.544943053246D-03  0.331331362634D-03
  0.333627205046D-03 -0.260099799135D-05  0.379214614842D-04 -0.109704163035D-02
  0.916799220924D-03  0.142632936236D-02 -0.286805521372D-03 -0.877823545614D-03
 -0.169020598348D-02  0.617782998097D-03 -0.256224260284D-02 -0.259536820076D-01
  0.313083914413D-02 -0.649169527756D-01 -0.116049828067D-01  0.205665000769D-01
  0.696197423423D-01 -0.258301454177D-01 -0.172779450259D+00 -0.983547774628D-02
  0.205706862992D+00  0.134327235775D-02  0.519107920043D-03  0.177129659368D-01
  0.355421109678D-02 -0.142118414089D-02 -0.105534374536D-01  0.133575777706D-02
  0.286859875583D-02 -0.131490290134D-02  0.188538388383D-02  0.166244360528D-02
  0.161291364118D-01 -0.455012211154D-02  0.720664277270D-03 -0.999964828184D-02
 -0.647968551715D-03  0.109025597724D-03 -0.909165234581D-02  0.113319199462D-02
  0.249030724144D-02 -0.237397817467D-02 -0.436414746158D-04  0.209598047024D-02
  0.119245250715D-02 -0.314545140592D-03  0.225473454580D-02 -0.237148794492D-02
  0.162712849172D-03  0.167577793023D-02 -0.183023312070D-02  0.130440533610D-02
 -0.277052633086D-04 -0.194950870377D-03 -0.157466485868D-02  0.131431399735D-02
 -0.242174254356D-03 -0.113149277034D-02 -0.223133874407D-03 -0.261137377934D-02
 -0.592255614698D-03  0.769135120720D-03 -0.342990784449D-03  0.230435238762D-02
 -0.330229625704D-02 -0.181859792800D-02 -0.268057195277D-03  0.423032163991D-02
 -0.343155877099D-02  0.823119805098D-03  0.801456155063D-03  0.320905136851D-03
 -0.311387238025D-02 -0.105346005258D-01  0.362151624056D-01 -0.951194405999D-03
  0.180220954074D-01  0.131131377936D-01 -0.110677517307D-01  0.151537403198D-02
  0.183573898300D-01  0.597675670719D-02 -0.872329477829D-02  0.103688578547D+00
  0.159359878091D-02  0.888280285906D-03 -0.829178140991D-03  0.139798794875D-02
  0.369429574111D-03 -0.810533586473D-02  0.190537980316D-02  0.114374688212D-02
  0.117297325214D-01  0.665875510796D-03 -0.832566690029D-04 -0.329087637722D-02
 -0.429964253803D-02 -0.172323937092D-03 -0.112526557967D-01 -0.193154052028D-02
 -0.346002420636D-03  0.135267747513D-01  0.444634498106D-03  0.222644654939D-02
 -0.143775024044D-02 -0.363051653342D-03  0.207521318328D-02  0.127962770396D-02
 -0.443945868074D-03  0.262039239000D-02 -0.278568845019D-02 -0.289786473739D-03
  0.192201126755D-02 -0.130397197882D-02  0.195909796029D-03  0.132468571896D-03
 -0.590373477184D-03 -0.139060870052D-02  0.153081765874D-02 -0.935886336823D-03
 -0.159010489226D-02 -0.364443794405D-03 -0.285238753611D-02 -0.126903751927D-02
  0.136083094488D-03  0.165936411260D-03  0.198875704091D-02 -0.277701238878D-02
 -0.254956288440D-02  0.288314877865D-03 -0.133287655457D-03 -0.338329950093D-02
 -0.748124375265D-03  0.164423218208D-02 -0.242741235535D-02  0.726623361993D-02
 -0.313858975965D-02 -0.323183833261D-02  0.275570527286D-01 -0.150759420578D-01
  0.317309970440D-02  0.122072884416D-01 -0.192130561555D-02 -0.182162520831D-01
 -0.708993737692D-02  0.251029190756D-01 -0.706946292739D-02  0.106889014084D+00
  0.277109370113D-02 -0.343178571026D-02 -0.107436356897D-01  0.192121059472D-02
  0.366543948726D-02  0.426281299287D-02  0.297444147558D-02  0.139058779368D-02
  0.235670493253D-02  0.600631809221D-02 -0.293511345338D-02 -0.671880188310D-02
  0.155674423757D-02  0.149890484762D-03 -0.443371393012D-02  0.331755727622D-02
 -0.497425339603D-02 -0.910660022964D-02  0.329995877715D-02 -0.417668978508D-02
 -0.145571490702D-02  0.151904865714D-02 -0.543682892324D-02 -0.120482364709D-02
  0.312744110595D-02 -0.583249782875D-02  0.144131570769D-02  0.192068822082D-02
 -0.419716495601D-02 -0.226016002450D-03  0.499290583269D-02  0.376092109792D-03
  0.158686119642D-03 -0.755827569690D-02 -0.136815837242D-02 -0.153004730067D-01
 -0.107465198284D-01  0.512979818694D-03 -0.113792947154D-01 -0.455041437515D-02
 -0.102967951575D-02 -0.407262994323D-02  0.162295528512D-02  0.422941936284D-02
  0.242010804973D-02  0.202738382135D-02  0.519300331838D-02  0.693472752819D-02
  0.112673235424D-01 -0.148004401525D-02  0.810679254464D-02 -0.129256266554D-02
  0.204278424518D-02 -0.124429473856D-01 -0.237497485291D-01  0.196591535165D+00
  0.235819618070D-01 -0.605355231783D-02 -0.574428521551D-01 -0.644115633021D-02
  0.990942699010D-01 -0.781545277330D-02  0.151180374753D-01 -0.187900629831D-01
  0.318292327375D+00  0.618682524797D-03 -0.263997828450D-02 -0.119771216856D-01
 -0.120161245227D-02  0.427220745133D-03  0.113909691916D-01  0.526160850883D-03
  0.440943427744D-02 -0.955125687445D-02 -0.141165605971D-02 -0.701062602482D-03
  0.158325071604D-01 -0.199545058927D-02  0.298675540708D-02 -0.164987123389D-01
 -0.294867502290D-02 -0.349932565925D-02  0.106729846148D-01 -0.983804759763D-03
  0.519847647315D-03 -0.556378825036D-03 -0.621243888687D-03  0.233543846188D-03
  0.108225915609D-03 -0.594672166421D-03 -0.192774058475D-03 -0.452759033578D-04
 -0.317534090065D-03  0.436775206082D-03 -0.127926052866D-02 -0.154415119507D-02
  0.390357447404D-03  0.146946170780D-02  0.473287116358D-02  0.204686275292D-02
  0.781042744399D-02  0.655229596813D-02  0.261708405814D-02  0.795782137890D-02
  0.261320788453D-02  0.234579238784D-04  0.105414071927D-02  0.105960911799D-02
  0.433426518280D-03 -0.780293093920D-03 -0.149843478944D-03 -0.184126920694D-02
  0.210636429599D-03 -0.390392842155D-02 -0.140836521505D-02 -0.549174672440D-03
  0.711642682289D-04 -0.928785937236D-01 -0.217188481862D-01  0.101601315308D-01
 -0.146482212160D-01  0.829714513309D-02  0.656765135255D-02  0.602584256087D-02
 -0.106922074147D-01 -0.919883096099D-02 -0.144985316472D-01 -0.288192164521D-01
  0.832185503947D-02  0.158192413128D-01  0.465295425843D+00
$end
