$hessian (projected)
 1  1   0.1205223957  -0.0089712978   0.1218869207  -0.1169977803   0.0070428226
 1  2  -0.1127519917  -0.0093647134   0.0002244478  -0.0297973920   0.0010640790
 1  3  -0.0008547060   0.0005292136  -0.0056279712   0.0024066105   0.0010323446
 1  4  -0.0006531934   0.0000695507  -0.0015522476  -0.0008527402   0.0000893354
 1  5   0.0008405463   0.0000568424  -0.0002612580  -0.0000766644  -0.0010191506
 1  6   0.0017069231   0.0032652423   0.0004219845   0.0000163642   0.0009250974
 1  7   0.0116904404  -0.0005799947   0.0162925073   0.0007706307  -0.0008633815
 1  8  -0.0006063994   0.0000024043   0.0000017278  -0.0000013584  -0.0000002967
 1  9   0.0000093799   0.0000027908   0.0000216852   0.0000082622   0.0000037715
 1 10  -0.0000020813  -0.0000041774   0.0000011851   0.0000183213  -0.0000115425
 1 11   0.0000102951  -0.0000297629  -0.0000077942  -0.0000134113  -0.0000518570
 1 12  -0.0000175934   0.0000117863   0.0000169500  -0.0000236651  -0.0000067416
 1 13   0.0000150794   0.0000045085   0.0000062777  -0.0000033830   0.0000000051
 1 14  -0.0000048749   0.0000007327   0.0000100582   0.0000044500   0.0000013844
 1 15   0.0000054144  -0.0000013477
 2  1  -0.0089712978   0.0266936570  -0.0042964363   0.0070034555  -0.0372998331
 2  2   0.0042513951   0.0022744170   0.0025987066   0.0053148227  -0.0009277233
 2  3  -0.0037035206   0.0002228393   0.0023835019   0.0069611114  -0.0004939682
 2  4   0.0001752245   0.0002139499   0.0002740956   0.0001204235  -0.0006619619
 2  5  -0.0001232180  -0.0002658328  -0.0013277560   0.0000855854   0.0017257442
 2  6   0.0069183477  -0.0011937729  -0.0000811623   0.0002869990  -0.0002481464
 2  7  -0.0026085132   0.0029238562  -0.0041574637  -0.0008226675  -0.0037544802
 2  8   0.0004141949   0.0000037562   0.0000022678   0.0000065503  -0.0000196348
 2  9  -0.0000339597  -0.0000119926  -0.0000024014  -0.0000041546  -0.0000475685
 2 10  -0.0000282344  -0.0000114988   0.0000348066  -0.0000336627   0.0000035214
 2 11  -0.0000776084   0.0000554905   0.0001479335   0.0000549963   0.0000611556
 2 12   0.0000178453  -0.0000238477  -0.0000146173  -0.0000030879   0.0000028031
 2 13   0.0000007409   0.0000121407   0.0000045293  -0.0000075848   0.0000073209
 2 14   0.0000052890  -0.0000159797   0.0000054618  -0.0000011247  -0.0000045977
 2 15   0.0000071333   0.0000032397
 3  1   0.1218869207  -0.0042964363   0.2922595160  -0.1127513368   0.0044805221
 3  2  -0.2757745507   0.0014928940  -0.0002963053   0.0023307976  -0.0003775358
 3  3   0.0003763060   0.0007745627   0.0000089799  -0.0003646248   0.0018936840
 3  4   0.0001730089  -0.0000473448  -0.0000161023   0.0008335258  -0.0000979485
 3  5   0.0003329353  -0.0000724337   0.0001041155  -0.0000298436   0.0042981201
 3  6  -0.0014063116  -0.0027909287  -0.0008051343   0.0000641930  -0.0010937763
 3  7  -0.0150257504   0.0013049149  -0.0189600690   0.0003303800   0.0002700779
 3  8   0.0010797924   0.0000005028   0.0000075237  -0.0000046935   0.0000199552
 3  9   0.0000278118   0.0000137419  -0.0000392561   0.0000189031   0.0000302731
 3 10   0.0000264641   0.0000082505  -0.0000319970   0.0000290755  -0.0000377112
 3 11   0.0000488728  -0.0000386898  -0.0001024482  -0.0000663276  -0.0000510176
 3 12   0.0000091483   0.0000122157   0.0000278948  -0.0000107006   0.0000010034
 3 13   0.0000129368  -0.0000155206  -0.0000058342   0.0000014174  -0.0000017115
 3 14  -0.0000025567   0.0000144828   0.0000043451   0.0000005403   0.0000045955
 3 15   0.0000009517  -0.0000012555
 4  1  -0.1169977803   0.0070034555  -0.1127513368   0.6593692306  -0.0924181740
 4  2   0.0365040729  -0.3249525835   0.0491370557   0.0207212102  -0.0113044679
 4  3   0.0023075258  -0.0028376965  -0.0228929404   0.0012748409  -0.0752282970
 4  4   0.0010977698   0.0009833734  -0.0022029783  -0.0497577525   0.0089865037
 4  5   0.0264585454  -0.0008549270   0.0000764035   0.0008472770   0.0606008768
 4  6  -0.0081190445   0.0263712812  -0.0004522925   0.0011298797  -0.0043195320
 4  7  -0.1814302119   0.0254475284   0.0587845329  -0.0123700740   0.0043462977
 4  8   0.0277174429  -0.0000071054  -0.0000192209   0.0000019477   0.0000179283
 4  9  -0.0000531284  -0.0000493256   0.0000953482  -0.0000209515   0.0000147554
 4 10  -0.0000194824   0.0000028869   0.0000081952  -0.0002443910  -0.0000537468
 4 11   0.0001995610   0.0003180674  -0.0000907089  -0.0002451741  -0.0001147551
 4 12   0.0000488152   0.0001568386  -0.0000353518   0.0000285811  -0.0002150667
 4 13  -0.0000234083   0.0000792596   0.0000950487   0.0000120432  -0.0000099270
 4 14   0.0000003078  -0.0000532916  -0.0000566734  -0.0000132642  -0.0000004488
 4 15  -0.0000108318  -0.0000183456
 5  1   0.0070428226  -0.0372998331   0.0044805221  -0.0924181740   0.1516727345
 5  2   0.0303060421   0.0451304953  -0.0696085045  -0.0076896595   0.0043985609
 5  3   0.0019389449   0.0006555619   0.0034921050   0.0077017693   0.0143790436
 5  4   0.0009141194   0.0072030686  -0.0003853759   0.0088632506  -0.0107306794
 5  5  -0.0050126176   0.0000927240  -0.0005973276  -0.0000872446  -0.0105607083
 5  6   0.0093278725  -0.0087630505   0.0012025634   0.0070589034   0.0001448109
 5  7   0.0291923133  -0.0679925310  -0.0238507717   0.0024801688   0.0020110076
 5  8  -0.0047436898  -0.0000066130  -0.0000126130  -0.0000142453   0.0000430957
 5  9   0.0000077858  -0.0000263870   0.0000565619   0.0000674742   0.0000767197
 5 10   0.0000265591   0.0000468804  -0.0000191269   0.0002027599  -0.0001217051
 5 11   0.0005399719  -0.0001007799  -0.0004902001   0.0000795165  -0.0001194393
 5 12  -0.0001427005  -0.0000024028   0.0000197288  -0.0000007411   0.0000067351
 5 13   0.0000413488   0.0000258836  -0.0000704048   0.0000139088  -0.0000206292
 5 14  -0.0000058829  -0.0000127174  -0.0000328210  -0.0000055340   0.0000053456
 5 15  -0.0000120394   0.0000074695
 6  1  -0.1127519917   0.0042513951  -0.2757745507   0.0365040729   0.0303060421
 6  2   0.7167433703  -0.0414974525   0.0035003853  -0.1275266886   0.0284387607
 6  3  -0.0050399922   0.0049749247  -0.0324138722   0.0068281050   0.0271998295
 6  4  -0.0032566847  -0.0001682134  -0.0051055411   0.0266127875  -0.0049917511
 6  5  -0.0129948950   0.0008502452  -0.0000813155   0.0003239862  -0.0163625485
 6  6  -0.0008453247  -0.0577038148  -0.0032843641  -0.0000767477  -0.0035345558
 6  7   0.1207618201  -0.0346464490  -0.2723839012  -0.0035757734   0.0007973147
 6  8   0.0060102245  -0.0000121392  -0.0000380538   0.0000028543  -0.0000275800
 6  9   0.0000030468  -0.0000236368   0.0000601178  -0.0001130297  -0.0000148208
 6 10   0.0000099962   0.0000529710   0.0000334297   0.0001223665   0.0003292541
 6 11   0.0002088205  -0.0002434470   0.0003018450  -0.0003637824  -0.0000001105
 6 12  -0.0002395368  -0.0000153367  -0.0000213125  -0.0000094339  -0.0000090013
 6 13   0.0000381095  -0.0000306075  -0.0000373647   0.0000160100  -0.0000313999
 6 14  -0.0000110221   0.0000295233  -0.0000394512  -0.0000054750   0.0000034665
 6 15  -0.0000190526   0.0000069473
 7  1  -0.0093647134   0.0022744170   0.0014928940  -0.3249525835   0.0451304953
 7  2  -0.0414974525   0.6640184731  -0.0981453477  -0.0269844862  -0.1336382126
 7  3   0.0258626788   0.1203842769  -0.1688738491   0.0158872733  -0.0539640007
 7  4  -0.0105202005   0.0007541866  -0.0292348642   0.0608795244  -0.0103569770
 7  5  -0.0164945053  -0.0010144441   0.0017553570   0.0043100824  -0.0456359640
 7  6   0.0047686080  -0.0297593052  -0.0007216437  -0.0000161583  -0.0009228189
 7  7  -0.0305898102   0.0107696248   0.0699125103   0.0006940705   0.0013876311
 7  8   0.0024706959   0.0000050257   0.0000162261   0.0000038364  -0.0000094276
 7  9   0.0000010829   0.0000009690  -0.0000662688   0.0000134180  -0.0000201868
 7 10  -0.0000010625  -0.0000162303   0.0000335060  -0.0000695467  -0.0001005490
 7 11  -0.0002136477  -0.0000431567  -0.0001463868   0.0004741190   0.0000697034
 7 12   0.0000577932  -0.0000261870  -0.0001007204   0.0000594263   0.0000201695
 7 13  -0.0000624808  -0.0000173665   0.0000153125  -0.0000135820   0.0000142251
 7 14  -0.0000125307   0.0000157438   0.0000405200   0.0000096923  -0.0000048747
 7 15   0.0000060521   0.0000019208
 8  1   0.0002244478   0.0025987066  -0.0002963053   0.0491370557  -0.0696085045
 8  2   0.0035003853  -0.0981453477   0.1539345171   0.0416532087   0.0257727365
 8  3  -0.0435498248  -0.0363736251   0.0121260497  -0.0641119066  -0.0047002618
 8  4   0.0025619759   0.0027136263   0.0053802945  -0.0078320707   0.0093678008
 8  5  -0.0010191044   0.0016844897   0.0068519478  -0.0013504976   0.0048670553
 8  6  -0.0092994780   0.0047829197  -0.0000293875  -0.0006080164   0.0002172669
 8  7   0.0085500260   0.0052203093  -0.0110785231   0.0014431871   0.0071057990
 8  8  -0.0011841219  -0.0000109109  -0.0000188038  -0.0000093897   0.0000280351
 8  9  -0.0000536459  -0.0000444468   0.0001130527   0.0000380348   0.0000404072
 8 10  -0.0000113207  -0.0000003548  -0.0000039186  -0.0001627101  -0.0002965345
 8 11   0.0004511501  -0.0000766180  -0.0002912488   0.0000041675  -0.0000132421
 8 12  -0.0000063771   0.0001116800  -0.0001083615   0.0000317130  -0.0001005807
 8 13  -0.0000836122   0.0000723562   0.0000456073   0.0000125170  -0.0000075920
 8 14   0.0000038152  -0.0000402726  -0.0000634759  -0.0000120148  -0.0000067743
 8 15  -0.0000190479  -0.0000181126
 9  1  -0.0297973920   0.0053148227   0.0023307976   0.0207212102  -0.0076896595
 9  2  -0.1275266886  -0.0269844862   0.0416532087   0.7109888274   0.1203262636
 9  3  -0.0366115183  -0.2530911223  -0.1159923493   0.0070657015  -0.2898057924
 9  4   0.0020461693  -0.0003693421   0.0035024135   0.0264106795  -0.0085968057
 9  5  -0.0577254886   0.0032651349  -0.0011979770  -0.0028024818  -0.0298052060
 9  6   0.0048244129  -0.0184537073  -0.0009237406   0.0002394579   0.0001534222
 9  7   0.0271876139  -0.0033085369   0.0371524650   0.0034952251  -0.0013770578
 9  8  -0.0045517382  -0.0000070928  -0.0000310774  -0.0000061016  -0.0000340963
 9  9  -0.0000604420  -0.0000246430   0.0000881165  -0.0001227442   0.0000234308
 9 10  -0.0000167196   0.0000001906  -0.0000041053  -0.0002786246   0.0002157807
 9 11   0.0000428325   0.0003885066   0.0000611250  -0.0002241781   0.0002226505
 9 12  -0.0000639020  -0.0000288159  -0.0001904683   0.0002008615   0.0000764903
 9 13  -0.0001191428  -0.0000105538  -0.0000343915   0.0000257586  -0.0000274570
 9 14   0.0000157505  -0.0000146537  -0.0000787810  -0.0000109618  -0.0000133565
 9 15  -0.0000297070   0.0000037866
10  1   0.0010640790  -0.0009277233  -0.0003775358  -0.0113044679   0.0043985609
10  2   0.0284387607  -0.1336382126   0.0257727365   0.1203262636   0.1384685743
10  3  -0.0293625619  -0.1299300172   0.0116136158  -0.0025009095  -0.0138019415
10  4   0.0007377973  -0.0008248289   0.0006885396  -0.0004544926   0.0012153140
10  5  -0.0032750478   0.0004312298  -0.0000628739  -0.0008095044  -0.0007265006
10  6  -0.0000420892  -0.0009274708   0.0000419000  -0.0002546832   0.0001126636
10  7  -0.0055009418   0.0022314162  -0.0018855980  -0.0007441926   0.0002626299
10  8   0.0014780907  -0.0000008138  -0.0000011677   0.0000047407  -0.0000111437
10  9   0.0000089242  -0.0000028306  -0.0000363156  -0.0000249319  -0.0000275709
10 10   0.0000061669   0.0000087746   0.0000099042   0.0000023349   0.0000540215
10 11  -0.0000222317  -0.0000230474   0.0000759371   0.0000143959   0.0000301438
10 12   0.0000020846  -0.0000263878   0.0000149646   0.0000067299   0.0000229118
10 13   0.0000126018  -0.0000352398  -0.0000174004  -0.0000003614   0.0000021572
10 14   0.0000036445   0.0000157993  -0.0000018776  -0.0000000333   0.0000012825
10 15  -0.0000003997   0.0000036548
11  1  -0.0008547060  -0.0037035206   0.0003763060   0.0023075258   0.0019389449
11  2  -0.0050399922   0.0258626788  -0.0435498248  -0.0366115183  -0.0293625619
11  3   0.0333641945   0.0398537446  -0.0004582588   0.0029844674   0.0012985815
11  4  -0.0008596929  -0.0037833857   0.0001781161   0.0011612169   0.0070646218
11  5  -0.0000578413   0.0000383690   0.0002687437   0.0000623950  -0.0000663888
11  6  -0.0006209001   0.0001918481  -0.0002486867  -0.0013235055   0.0000550311
11  7   0.0022441399   0.0070139019   0.0000093902   0.0001543974   0.0001831366
11  8  -0.0002682056   0.0000074812   0.0000069958   0.0000036239  -0.0000125605
11  9   0.0000246234   0.0000035186  -0.0000347773  -0.0000283525  -0.0000171804
11 10   0.0000110338  -0.0000002886   0.0000046998   0.0000024689   0.0000676464
11 11  -0.0000589358   0.0000202279   0.0001015651   0.0000300232  -0.0000267414
11 12   0.0000012019  -0.0000889250   0.0000541634   0.0000179391   0.0000862910
11 13   0.0000402983  -0.0000460460  -0.0000266438  -0.0000040252  -0.0000016957
11 14   0.0000059531   0.0000212594   0.0000079851   0.0000036892   0.0000031390
11 15   0.0000115519   0.0000060309
12  1   0.0005292136   0.0002228393   0.0007745627  -0.0028376965   0.0006555619
12  2   0.0049749247   0.1203842769  -0.0363736251  -0.2530911223  -0.1299300172
12  3   0.0398537446   0.2677294719   0.0174509821  -0.0045864059  -0.0188372919
12  4  -0.0002322492   0.0003844510   0.0011173722  -0.0043152321   0.0000925525
12  5  -0.0035296535   0.0009210279  -0.0002426920  -0.0010927496  -0.0009158037
12  6   0.0002044336   0.0001602578   0.0001157364   0.0000726464  -0.0000118190
12  7  -0.0008703551  -0.0002179871   0.0017044312  -0.0002533551   0.0000324340
12  8   0.0001125793  -0.0000034760   0.0000009220  -0.0000015166   0.0000034593
12  9  -0.0000189294  -0.0000048462   0.0000057430   0.0000420677   0.0000120798
12 10  -0.0000167858  -0.0000077175  -0.0000035915   0.0000175871  -0.0001057404
12 11   0.0000373752  -0.0000226490  -0.0000669027  -0.0000384906   0.0000512467
12 12   0.0000396837   0.0000731387  -0.0000266388  -0.0000238363  -0.0000996825
12 13  -0.0000321413   0.0000278211   0.0000313714  -0.0000019971   0.0000129542
12 14  -0.0000080806  -0.0000170390   0.0000051159  -0.0000041459  -0.0000038371
12 15  -0.0000033917  -0.0000045746
13  1  -0.0056279712   0.0023835019   0.0000089799  -0.0228929404   0.0034921050
13  2  -0.0324138722  -0.1688738491   0.0121260497  -0.1159923493   0.0116136158
13  3  -0.0004582588   0.0174509821   0.7145187431  -0.1039559225   0.0090071174
13  4  -0.3236523198   0.0512230783  -0.0131168592  -0.1816440222   0.0285668379
13  5   0.1210288553   0.0117138399  -0.0024154984  -0.0150367608  -0.0305045350
13  6   0.0084951641   0.0272407719  -0.0054974976   0.0022904579  -0.0008640642
13  7   0.0004277224  -0.0016170522   0.0025991698   0.0007189604  -0.0002735910
13  8   0.0000946566  -0.0000023637   0.0000354859   0.0000040155   0.0000150670
13  9   0.0000633766   0.0000061167  -0.0002405026   0.0001413064   0.0000007338
13 10   0.0000190238   0.0000079345  -0.0000017041   0.0001074591  -0.0003728081
13 11  -0.0000465664  -0.0006381269  -0.0001289322  -0.0000027507   0.0002454101
13 12   0.0003586826   0.0000503725   0.0002055678   0.0000172066  -0.0000123798
13 13  -0.0000516770  -0.0000946828  -0.0000223055  -0.0000163335   0.0000599988
13 14   0.0000070894   0.0000584115   0.0000490298   0.0000073287  -0.0000016819
13 15   0.0000065300   0.0000034225
14  1   0.0024066105   0.0069611114  -0.0003646248   0.0012748409   0.0077017693
14  2   0.0068281050   0.0158872733  -0.0641119066   0.0070657015  -0.0025009095
14  3   0.0029844674  -0.0045864059  -0.1039559225   0.1549550065   0.0299625869
14  4   0.0512991606  -0.0458389055   0.0009862753   0.0249697312  -0.0684198749
14  5  -0.0343651133  -0.0006792417   0.0030923618   0.0014868115   0.0112619080
14  6   0.0056066868  -0.0030033211   0.0021900553   0.0069318565  -0.0001704725
14  7  -0.0013698129  -0.0083561010  -0.0037964133  -0.0002613528  -0.0006892719
14  8  -0.0000472699  -0.0000111848  -0.0000272319  -0.0000057358  -0.0000359880
14  9  -0.0000561804  -0.0000093428   0.0001035243  -0.0000864830   0.0000174240
14 10  -0.0000324991  -0.0000180647   0.0000024214  -0.0003096137  -0.0000866038
14 11  -0.0000478420   0.0000801888  -0.0002097290   0.0000295512   0.0001688619
14 12  -0.0002074492   0.0000633137  -0.0002756428  -0.0000457698  -0.0000308650
14 13  -0.0001971623   0.0000099677   0.0000075807   0.0000241608   0.0000014349
14 14   0.0000037589  -0.0000200641  -0.0000597476  -0.0000217036  -0.0000169214
14 15  -0.0000313430  -0.0000044200
15  1   0.0010323446  -0.0004939682   0.0018936840  -0.0752282970   0.0143790436
15  2   0.0271998295  -0.0539640007  -0.0047002618  -0.2898057924  -0.0138019415
15  3   0.0012985815  -0.0188372919   0.0090071174   0.0299625869   0.6588633266
15  4  -0.0131340350   0.0009558452  -0.0598371713   0.0591179198  -0.0227949912
15  5  -0.2727225548   0.0162482465  -0.0042795690  -0.0189530972   0.0700225242
15  6  -0.0105331956   0.0368971216  -0.0018925877  -0.0000203780   0.0017195482
15  7   0.0024182880  -0.0037930797  -0.0649744926   0.0000987152  -0.0000592578
15  8  -0.0013225463   0.0000007292  -0.0000008285   0.0000045430  -0.0000277809
15  9   0.0000114985   0.0000636549  -0.0000150770  -0.0000510416  -0.0000463422
15 10   0.0000069108   0.0000036156  -0.0000408456  -0.0000422010   0.0000065225
15 11  -0.0003442624   0.0000976818   0.0000680334   0.0002757193  -0.0000046872
15 12   0.0000390448  -0.0000101144   0.0000260858   0.0000052307   0.0000003800
15 13   0.0000129026  -0.0000261940  -0.0000058494  -0.0000016715   0.0000028877
15 14  -0.0000091711   0.0000212878   0.0000180816  -0.0000100677   0.0000015260
15 15   0.0000017936   0.0000017922
16  1  -0.0006531934   0.0001752245   0.0001730089   0.0010977698   0.0009141194
16  2  -0.0032566847  -0.0105202005   0.0025619759   0.0020461693   0.0007377973
16  3  -0.0008596929  -0.0002322492  -0.3236523198   0.0512991606  -0.0131340350
16  4   0.3440486268  -0.0569331385   0.0142778373  -0.0124089029   0.0025650045
16  5  -0.0035778119   0.0007645632  -0.0008358002   0.0003259585   0.0006865371
16  6   0.0013791788   0.0035335890  -0.0007472543   0.0001729096  -0.0002505146
16  7   0.0007188172  -0.0002492428   0.0000844921  -0.0001159932  -0.0002232263
16  8   0.0000053612   0.0000082912   0.0000009992  -0.0000007402   0.0000141141
16  9   0.0000319044   0.0000035063   0.0000302381  -0.0000553967   0.0000016629
16 10   0.0000401483   0.0000202907   0.0000007437   0.0000061185   0.0001867869
16 11   0.0000254371  -0.0000073648   0.0000753132  -0.0000150037  -0.0003815488
16 12  -0.0001425782  -0.0000430612   0.0001343490  -0.0001177742   0.0000259368
16 13   0.0001849193   0.0000097015   0.0000014102  -0.0000027692  -0.0000198879
16 14  -0.0000028327  -0.0000023393   0.0000262015   0.0000051983   0.0000195964
16 15   0.0000179669   0.0000026218
17  1   0.0000695507   0.0002139499  -0.0000473448   0.0009833734   0.0072030686
17  2  -0.0001682134   0.0007541866   0.0027136263  -0.0003693421  -0.0008248289
17  3  -0.0037833857   0.0003844510   0.0512230783  -0.0458389055   0.0009558452
17  4  -0.0569331385   0.0359692677  -0.0006043289   0.0044740316   0.0021361507
17  5   0.0008936267  -0.0009043578  -0.0037986596   0.0002195776   0.0013618293
17  6   0.0070367728  -0.0013330343   0.0002711604   0.0002058694   0.0000380875
17  7  -0.0002447812  -0.0006881152  -0.0000593364  -0.0002236040  -0.0013076401
17  8   0.0000880293   0.0000110188   0.0000081423   0.0000010770   0.0000101647
17  9   0.0000272693   0.0000015931   0.0000077180  -0.0000284868  -0.0000012869
17 10   0.0000266903   0.0000094376   0.0000009887   0.0000058742   0.0000951605
17 11   0.0000224244  -0.0000171777   0.0000636535  -0.0000172983  -0.0002155376
17 12  -0.0000620743  -0.0000419596   0.0000241213  -0.0002252942   0.0000282431
17 13   0.0001335677   0.0000117351   0.0000023098  -0.0000102743  -0.0000115660
17 14  -0.0000020710   0.0000036832   0.0000273214   0.0000044585   0.0000136513
17 15   0.0000227023   0.0000035037
18  1  -0.0015522476   0.0002740956  -0.0000161023  -0.0022029783  -0.0003853759
18  2  -0.0051055411  -0.0292348642   0.0053802945   0.0035024135   0.0006885396
18  3   0.0001781161   0.0011173722  -0.0131168592   0.0009862753  -0.0598371713
18  4   0.0142778373  -0.0006043289   0.0588744469   0.0277034306  -0.0048579347
18  5   0.0059801529  -0.0006039737   0.0004104047   0.0010861278   0.0024643146
18  6  -0.0011402522  -0.0045542887   0.0014758741  -0.0002786500   0.0001105066
18  7   0.0000905892  -0.0000472648  -0.0013149395   0.0000045848   0.0000887226
18  8   0.0001467017   0.0000001658  -0.0000001716  -0.0000001005   0.0000024564
18  9   0.0000008117  -0.0000043815   0.0000018940   0.0000013292   0.0000161710
18 10   0.0000015749  -0.0000000961  -0.0000034057   0.0000001132   0.0000065800
18 11   0.0000030057   0.0000021340  -0.0000114937  -0.0000385188   0.0000016788
18 12  -0.0000023533  -0.0000550961  -0.0000017642   0.0000089313   0.0001004847
18 13  -0.0000028677   0.0000010045  -0.0000231015   0.0000013438  -0.0000030559
18 14   0.0000089002  -0.0000007960  -0.0000046610   0.0000031464  -0.0000001803
18 15  -0.0000009272   0.0000032174
19  1  -0.0008527402   0.0001204235   0.0008335258  -0.0497577525   0.0088632506
19  2   0.0266127875   0.0608795244  -0.0078320707   0.0264106795  -0.0004544926
19  3   0.0011612169  -0.0043152321  -0.1816440222   0.0249697312   0.0591179198
19  4  -0.0124089029   0.0044740316   0.0277034306   0.6587252604  -0.0928452726
19  5   0.0357088555  -0.1165549325   0.0083676815  -0.1123179718  -0.3243672351
19  6   0.0487946071   0.0205695217  -0.0113268988   0.0023662889  -0.0028266135
19  7  -0.0231140857   0.0008753498  -0.0749725810   0.0011204469   0.0010013607
19  8  -0.0021996134   0.0000039844   0.0000177697  -0.0000058478   0.0000045490
19  9   0.0000002686  -0.0000002377  -0.0000798322   0.0000091885   0.0000330445
19 10   0.0000128115  -0.0000187173  -0.0000312874  -0.0001581280  -0.0000833395
19 11   0.0001733600   0.0000840782  -0.0003964145  -0.0004831110   0.0001193916
19 12   0.0000814307   0.0000397457  -0.0001374098   0.0000477590  -0.0000447646
19 13  -0.0000915414  -0.0000126696  -0.0000092793  -0.0000095940   0.0000128205
19 14   0.0000121573   0.0000131922   0.0000226101  -0.0000041260  -0.0000056709
19 15   0.0000026950  -0.0000043624
20  1   0.0000893354  -0.0006619619  -0.0000979485   0.0089865037  -0.0107306794
20  2  -0.0049917511  -0.0103569770   0.0093678008  -0.0085968057   0.0012153140
20  3   0.0070646218   0.0000925525   0.0285668379  -0.0684198749  -0.0227949912
20  4   0.0025650045   0.0021361507  -0.0048579347  -0.0928452726   0.1522915428
20  5   0.0269534751   0.0083282329  -0.0376195663   0.0071530774   0.0450775200
20  6  -0.0702273279  -0.0077068535   0.0041355913   0.0020703749   0.0006376155
20  7   0.0036582901   0.0081129809   0.0149423411   0.0009574345   0.0071620465
20  8  -0.0003420700  -0.0000079956  -0.0000265739   0.0000005527  -0.0000154338
20  9  -0.0000460972   0.0000410303   0.0001147222  -0.0000544802  -0.0000230290
20 10  -0.0000123660   0.0000049708  -0.0000035970  -0.0001656000  -0.0001983044
20 11  -0.0005078137  -0.0000839784  -0.0003410057   0.0000841352  -0.0000805117
20 12   0.0000851529  -0.0000731447  -0.0000709731   0.0000602491   0.0000984237
20 13  -0.0000406559   0.0000396181  -0.0000090017   0.0000104685  -0.0000121178
20 14   0.0000013152  -0.0000203734  -0.0000400561  -0.0000054724  -0.0000051175
20 15  -0.0000174636   0.0000058946
21  1   0.0008405463  -0.0001232180   0.0003329353   0.0264585454  -0.0050126176
21  2  -0.0129948950  -0.0164945053  -0.0010191044  -0.0577254886  -0.0032750478
21  3  -0.0000578413  -0.0035296535   0.1210288553  -0.0343651133  -0.2727225548
21  4  -0.0035778119   0.0008936267   0.0059801529   0.0357088555   0.0269534751
21  5   0.7172297169  -0.1122722965   0.0073112019  -0.2759955818  -0.0413421224
21  6   0.0033943558  -0.1273081550   0.0284716035  -0.0049617496   0.0049401177
21  7  -0.0322953847   0.0071337964   0.0269462094  -0.0032304178  -0.0001311717
21  8  -0.0051148564   0.0000109982   0.0000379998   0.0000028507   0.0000505557
21  9   0.0000713496  -0.0000014721  -0.0000958720   0.0001556575   0.0000260672
21 10   0.0000241466  -0.0000016196  -0.0000123245   0.0003089076  -0.0001984377
21 11   0.0000368568  -0.0004309858  -0.0000903259  -0.0001484494  -0.0002102053
21 12   0.0000684656  -0.0000534115   0.0001936310  -0.0001958620   0.0000962624
21 13   0.0001251583   0.0000082890  -0.0000218235  -0.0000255976   0.0000226861
21 14   0.0000112054   0.0000144247   0.0000741788   0.0000181274   0.0000140194
21 15   0.0000319786   0.0000081641
22  1   0.0000568424  -0.0002658328  -0.0000724337  -0.0008549270   0.0000927240
22  2   0.0008502452  -0.0010144441   0.0016844897   0.0032651349   0.0004312298
22  3   0.0000383690   0.0009210279   0.0117138399  -0.0006792417   0.0162482465
22  4   0.0007645632  -0.0009043578  -0.0006039737  -0.1165549325   0.0083282329
22  5  -0.1122722965   0.1199981869  -0.0104898184   0.1214415296  -0.0093116387
22  6   0.0004990008  -0.0297962432   0.0010636395  -0.0008701486   0.0005246260
22  7  -0.0056498450   0.0024155312   0.0010446090  -0.0006466319   0.0000702092
22  8  -0.0015550842  -0.0000006591   0.0000007954  -0.0000040214  -0.0000051516
22  9   0.0000057129   0.0000019681  -0.0000300711  -0.0000147710   0.0000160249
22 10   0.0000047769   0.0000085261  -0.0000090464   0.0000111504   0.0000092462
22 11   0.0000351792  -0.0000285964   0.0000907834  -0.0000393005   0.0000215056
22 12  -0.0000053251   0.0000227782   0.0000135680   0.0000043761  -0.0000168375
22 13   0.0000071686  -0.0000228175   0.0000012074  -0.0000002298   0.0000031122
22 14  -0.0000014978   0.0000095553   0.0000012758   0.0000000138   0.0000011010
22 15  -0.0000000719  -0.0000018557
23  1  -0.0002612580  -0.0013277560   0.0001041155   0.0000764035  -0.0005973276
23  2  -0.0000813155   0.0017553570   0.0068519478  -0.0011979770  -0.0000628739
23  3   0.0002687437  -0.0002426920  -0.0024154984   0.0030923618  -0.0042795690
23  4  -0.0008358002  -0.0037986596   0.0004104047   0.0083676815  -0.0376195663
23  5   0.0073112019  -0.0104898184   0.0269316122  -0.0073149124   0.0022435034
23  6   0.0027029413   0.0053921560  -0.0009169226  -0.0037518634   0.0001663016
23  7   0.0023038313   0.0068379388  -0.0005350671   0.0001690994   0.0002558550
23  8   0.0002612092   0.0000064562   0.0000087238  -0.0000024995  -0.0000072530
23  9   0.0000233842  -0.0000034742  -0.0000331684  -0.0000149275   0.0000142787
23 10   0.0000098519   0.0000002112  -0.0000041048   0.0000193881   0.0000171086
23 11   0.0000763651   0.0000055709   0.0001360301  -0.0000739551  -0.0000488746
23 12  -0.0000248650   0.0000777143   0.0000588885   0.0000139614  -0.0000826410
23 13   0.0000393861  -0.0000318939   0.0000122979  -0.0000049388   0.0000008258
23 14  -0.0000049859   0.0000171102   0.0000134846  -0.0000000775   0.0000038782
23 15   0.0000117291  -0.0000027737
24  1  -0.0000766644   0.0000855854  -0.0000298436   0.0008472770  -0.0000872446
24  2   0.0003239862   0.0043100824  -0.0013504976  -0.0028024818  -0.0008095044
24  3   0.0000623950  -0.0010927496  -0.0150367608   0.0014868115  -0.0189530972
24  4   0.0003259585   0.0002195776   0.0010861278  -0.1123179718   0.0071530774
24  5  -0.2759955818   0.1214415296  -0.0073149124   0.2924990729   0.0014992707
24  6  -0.0002772046   0.0023276276  -0.0003959498   0.0003201413   0.0007821841
24  7   0.0000156434  -0.0003259666   0.0019032438   0.0001766556  -0.0000404684
24  8  -0.0000162290   0.0000014700  -0.0000009166  -0.0000027679   0.0000010410
24  9   0.0000127413  -0.0000021658  -0.0000019653  -0.0000255184   0.0000121366
24 10   0.0000130041   0.0000082590  -0.0000033433  -0.0000001205   0.0000549210
24 11   0.0000577233   0.0000020960   0.0000670521  -0.0000685785  -0.0000548524
24 12  -0.0000457571   0.0000406934   0.0000212161   0.0000177784  -0.0000730483
24 13   0.0000241529  -0.0000121493   0.0000206130   0.0000021029  -0.0000079683
24 14  -0.0000082608   0.0000089345  -0.0000013543  -0.0000018652   0.0000033546
24 15   0.0000016181  -0.0000033960
25  1  -0.0010191506   0.0017257442   0.0042981201   0.0606008768  -0.0105607083
25  2  -0.0163625485  -0.0456359640   0.0048670553  -0.0298052060  -0.0007265006
25  3  -0.0000663888  -0.0009158037  -0.0305045350   0.0112619080   0.0700225242
25  4   0.0006865371   0.0013618293   0.0024643146  -0.3243672351   0.0450775200
25  5  -0.0413421224  -0.0093116387   0.0022435034   0.0014992707   0.6634183067
25  6  -0.0970277693  -0.0277226590  -0.1341001990   0.0241946792   0.1208156345
25  7  -0.1685538010   0.0162333954  -0.0538553251  -0.0104724130   0.0006297524
25  8  -0.0292443727  -0.0000057885  -0.0000261749  -0.0000057388  -0.0000136810
25  9  -0.0000517122   0.0000381238   0.0001222015  -0.0001013356  -0.0000136966
25 10  -0.0000210731   0.0000114870  -0.0000084691  -0.0002658625   0.0000043758
25 11  -0.0003186101   0.0003692450   0.0001011856   0.0004384540  -0.0001773461
25 12   0.0000807950  -0.0001520211  -0.0000081724   0.0000656387   0.0001981644
25 13   0.0000022470   0.0000543282  -0.0000436023   0.0000140314  -0.0000198895
25 14   0.0000016836  -0.0000301027  -0.0000464483   0.0000028403   0.0000000177
25 15  -0.0000127705   0.0000110452
26  1   0.0017069231   0.0069183477  -0.0014063116  -0.0081190445   0.0093278725
26  2  -0.0008453247   0.0047686080  -0.0092994780   0.0048244129  -0.0000420892
26  3  -0.0006209001   0.0002044336   0.0084951641   0.0056066868  -0.0105331956
26  4   0.0013791788   0.0070367728  -0.0011402522   0.0487946071  -0.0702273279
26  5   0.0033943558   0.0004990008   0.0027029413  -0.0002772046  -0.0970277693
26  6   0.1536440913   0.0382871025   0.0242495228  -0.0427609438  -0.0337591241
26  7   0.0126075347  -0.0642292924  -0.0035819815   0.0024910247   0.0027041952
26  8   0.0052800218  -0.0000065087  -0.0000185964   0.0000155774   0.0000094721
26  9  -0.0000024404   0.0000353279   0.0000660699   0.0000381703  -0.0000833410
26 10   0.0000143695   0.0000447547   0.0000248191   0.0002174826  -0.0000000772
26 11  -0.0004416117  -0.0001022113  -0.0006230136  -0.0000397013  -0.0000842461
26 12  -0.0001906331  -0.0000047064   0.0000135605   0.0000011049  -0.0000001988
26 13   0.0000564296   0.0000019003   0.0000634380   0.0000125061  -0.0000245923
26 14  -0.0000038464  -0.0000045768  -0.0000193833  -0.0000041899   0.0000049915
26 15  -0.0000101594  -0.0000084993
27  1   0.0032652423  -0.0011937729  -0.0027909287   0.0263712812  -0.0087630505
27  2  -0.0577038148  -0.0297593052   0.0047829197  -0.0184537073  -0.0009274708
27  3   0.0001918481   0.0001602578   0.0272407719  -0.0030033211   0.0368971216
27  4   0.0035335890  -0.0013330343  -0.0045542887   0.0205695217  -0.0077068535
27  5  -0.1273081550  -0.0297962432   0.0053921560   0.0023276276  -0.0277226590
27  6   0.0382871025   0.7104528402   0.1208151954  -0.0335901005  -0.2532095252
27  7  -0.1156241128   0.0073435901  -0.2892639900   0.0020509942  -0.0002670172
27  8   0.0034873399   0.0000101363   0.0000366136   0.0000042478   0.0000315478
27  9  -0.0000066723  -0.0000096236  -0.0000530646   0.0001150454   0.0000044096
27 10  -0.0000217946  -0.0000619381   0.0000216119  -0.0001711867  -0.0003454829
27 11   0.0000150483   0.0003070665  -0.0003384654  -0.0000735929  -0.0000368189
27 12   0.0002946022   0.0000011587   0.0000265628   0.0000215032  -0.0000041685
27 13  -0.0000521991   0.0000506279  -0.0000103329  -0.0000185820   0.0000379794
27 14  -0.0000015212  -0.0000336779   0.0000370958   0.0000050076  -0.0000047945
27 15   0.0000186249   0.0000069778
28  1   0.0004219845  -0.0000811623  -0.0008051343  -0.0004522925   0.0012025634
28  2  -0.0032843641  -0.0007216437  -0.0000293875  -0.0009237406   0.0000419000
28  3  -0.0002486867   0.0001157364  -0.0054974976   0.0021900553  -0.0018925877
28  4  -0.0007472543   0.0002711604   0.0014758741  -0.0113268988   0.0041355913
28  5   0.0284716035   0.0010636395  -0.0009169226  -0.0003959498  -0.1341001990
28  6   0.0242495228   0.1208151954   0.1389797959  -0.0275820062  -0.1304724862
28  7   0.0116076828  -0.0023696094  -0.0137962879   0.0007418753  -0.0007931315
28  8   0.0006911563   0.0000023444   0.0000019687   0.0000017479   0.0000012257
28  9   0.0000076494  -0.0000002250   0.0000147507   0.0000093356  -0.0000016409
28 10   0.0000006655  -0.0000041535   0.0000014139   0.0000239574   0.0000069066
28 11  -0.0000150427  -0.0000395606  -0.0000244621   0.0000189755  -0.0000485049
28 12  -0.0000156879  -0.0000185576   0.0000171439  -0.0000245377   0.0000138926
28 13   0.0000180228   0.0000036959  -0.0000052030  -0.0000031039  -0.0000014740
28 14   0.0000038665   0.0000005423   0.0000078774  -0.0000003953   0.0000014247
28 15   0.0000048947   0.0000021529
29  1   0.0000163642   0.0002869990   0.0000641930   0.0011298797   0.0070589034
29  2  -0.0000767477  -0.0000161583  -0.0006080164   0.0002394579  -0.0002546832
29  3  -0.0013235055   0.0000726464   0.0022904579   0.0069318565  -0.0000203780
29  4   0.0001729096   0.0002058694  -0.0002786500   0.0023662889   0.0020703749
29  5  -0.0049617496  -0.0008701486  -0.0037518634   0.0003201413   0.0241946792
29  6  -0.0427609438  -0.0335901005  -0.0275820062   0.0325170366   0.0369116480
29  7  -0.0006091817   0.0030433811   0.0011586985  -0.0008547704  -0.0038140783
29  8   0.0001719753   0.0000040774   0.0000045350  -0.0000051472  -0.0000184212
29  9  -0.0000225807  -0.0000010612   0.0000045463  -0.0000040578   0.0000427429
29 10  -0.0000252070  -0.0000124122  -0.0000339078  -0.0000379897  -0.0000691782
29 11   0.0000718045   0.0000825561   0.0001775915  -0.0000990101   0.0000500404
29 12   0.0000355033   0.0000281178  -0.0000118895  -0.0000013041  -0.0000068658
29 13  -0.0000074257   0.0000108229  -0.0000031444  -0.0000067808   0.0000097521
29 14  -0.0000042904  -0.0000128159   0.0000081854   0.0000007727  -0.0000043214
29 15   0.0000071291  -0.0000011458
30  1   0.0009250974  -0.0002481464  -0.0010937763  -0.0043195320   0.0001448109
30  2  -0.0035345558  -0.0009228189   0.0002172669   0.0001534222   0.0001126636
30  3   0.0000550311  -0.0000118190  -0.0008640642  -0.0001704725   0.0017195482
30  4  -0.0002505146   0.0000380875   0.0001105066  -0.0028266135   0.0006376155
30  5   0.0049401177   0.0005246260   0.0001663016   0.0007821841   0.1208156345
30  6  -0.0337591241  -0.2532095252  -0.1304724862   0.0369116480   0.2679026412
30  7   0.0175180603  -0.0043752829  -0.0188422343  -0.0002471075   0.0003286958
30  8   0.0011197567  -0.0000008218  -0.0000050517  -0.0000046449  -0.0000140256
30  9  -0.0000152661   0.0000025024   0.0000400712  -0.0000139229   0.0000186292
30 10  -0.0000168819  -0.0000059639  -0.0000232921  -0.0000264585  -0.0000046945
30 11   0.0000613553   0.0000456552   0.0000801233  -0.0000941201   0.0000296067
30 12  -0.0000007097   0.0000142226  -0.0000219086   0.0000096231  -0.0000037257
30 13  -0.0000157881   0.0000122218  -0.0000036617  -0.0000001335   0.0000017747
30 14  -0.0000022337  -0.0000088982  -0.0000029499   0.0000000291  -0.0000033619
30 15  -0.0000016153  -0.0000013267
31  1   0.0116904404  -0.0026085132  -0.0150257504  -0.1814302119   0.0291923133
31  2   0.1207618201  -0.0305898102   0.0085500260   0.0271876139  -0.0055009418
31  3   0.0022441399  -0.0008703551   0.0004277224  -0.0013698129   0.0024182880
31  4   0.0007188172  -0.0002447812   0.0000905892  -0.0231140857   0.0036582901
31  5  -0.0322953847  -0.0056498450   0.0023038313   0.0000156434  -0.1685538010
31  6   0.0126075347  -0.1156241128   0.0116076828  -0.0006091817   0.0175180603
31  7   0.7147420661  -0.1043531274   0.0089626431  -0.3243617583   0.0505463391
31  8  -0.0131143948  -0.0000055120  -0.0000474612  -0.0000052601  -0.0000431831
31  9   0.0000201491  -0.0000013968   0.0002308062  -0.0001265734   0.0000004111
31 10   0.0000150117   0.0000363650   0.0000030351   0.0001135956   0.0003607729
31 11   0.0001394714  -0.0002682886   0.0002783507  -0.0001207826  -0.0003074268
31 12  -0.0003148986  -0.0000420865   0.0000955869  -0.0000289357   0.0000248542
31 13   0.0001381206  -0.0000058192  -0.0000171714   0.0000199060  -0.0000538537
31 14  -0.0000066021   0.0000143921  -0.0000254393   0.0000002097   0.0000107163
31 15  -0.0000097146   0.0000006578
32  1  -0.0005799947   0.0029238562   0.0013049149   0.0254475284  -0.0679925310
32  2  -0.0346464490   0.0107696248   0.0052203093  -0.0033085369   0.0022314162
32  3   0.0070139019  -0.0002179871  -0.0016170522  -0.0083561010  -0.0037930797
32  4  -0.0002492428  -0.0006881152  -0.0000472648   0.0008753498   0.0081129809
32  5   0.0071337964   0.0024155312   0.0068379388  -0.0003259666   0.0162333954
32  6  -0.0642292924   0.0073435901  -0.0023696094   0.0030433811  -0.0043752829
32  7  -0.1043531274   0.1544901562   0.0299099387   0.0505955818  -0.0454818919
32  8   0.0009321030  -0.0000090176  -0.0000093129   0.0000014967   0.0000056717
32  9   0.0000526295   0.0000003107  -0.0000406770   0.0000371166   0.0000127441
32 10   0.0000388470   0.0000762824  -0.0000085018   0.0004154032   0.0002302783
32 11   0.0000738755  -0.0000030256  -0.0007777285   0.0000318659   0.0001053212
32 12  -0.0003012186  -0.0000027736  -0.0000275023  -0.0001013500   0.0000023304
32 13   0.0000536082  -0.0000401085  -0.0000158835   0.0000157847  -0.0000322333
32 14  -0.0000046041   0.0000390442  -0.0000157541  -0.0000023474   0.0000071412
32 15  -0.0000131938   0.0000017109
33  1   0.0162925073  -0.0041574637  -0.0189600690   0.0587845329  -0.0238507717
33  2  -0.2723839012   0.0699125103  -0.0110785231   0.0371524650  -0.0018855980
33  3   0.0000093902   0.0017044312   0.0025991698  -0.0037964133  -0.0649744926
33  4   0.0000844921  -0.0000593364  -0.0013149395  -0.0749725810   0.0149423411
33  5   0.0269462094   0.0010446090  -0.0005350671   0.0019032438  -0.0538553251
33  6  -0.0035819815  -0.2892639900  -0.0137962879   0.0011586985  -0.0188422343
33  7   0.0089626431   0.0299099387   0.6579154720  -0.0131195443   0.0009121425
33  8  -0.0598428006   0.0000007537  -0.0000053302   0.0000103176  -0.0000173057
33  9  -0.0000185255   0.0000314773   0.0000145711  -0.0000354340  -0.0000505616
33 10  -0.0000034330   0.0000033647  -0.0000107841   0.0000058986   0.0000372550
33 11  -0.0005871114  -0.0000662706   0.0002040035   0.0005244287   0.0000111228
33 12  -0.0000488064   0.0001034646  -0.0000068023  -0.0000079315  -0.0001413240
33 13   0.0000146266  -0.0000130651   0.0001227865  -0.0000000856  -0.0000029924
33 14  -0.0000013249  -0.0000043444   0.0000131521  -0.0000230717   0.0000001406
33 15   0.0000013554  -0.0000176912
34  1   0.0007706307  -0.0008226675   0.0003303800  -0.0123700740   0.0024801688
34  2  -0.0035757734   0.0006940705   0.0014431871   0.0034952251  -0.0007441926
34  3   0.0001543974  -0.0002533551   0.0007189604  -0.0002613528   0.0000987152
34  4  -0.0001159932  -0.0002236040   0.0000045848   0.0011204469   0.0009574345
34  5  -0.0032304178  -0.0006466319   0.0001690994   0.0001766556  -0.0104724130
34  6   0.0024910247   0.0020509942   0.0007418753  -0.0008547704  -0.0002471075
34  7  -0.3243617583   0.0505955818  -0.0131195443   0.3446896958  -0.0560980752
34  8   0.0142704179   0.0000015815   0.0000091097   0.0000006698   0.0000271128
34  9   0.0000261013   0.0000054226  -0.0000849555   0.0000160708   0.0000010096
34 10   0.0000354810   0.0000267122  -0.0000022414   0.0000529940   0.0000008814
34 11  -0.0000011587  -0.0001011793  -0.0000695390  -0.0000033951  -0.0000369912
34 12  -0.0000107012  -0.0000044778   0.0000331721  -0.0000103226   0.0000052003
34 13   0.0000250355  -0.0000226560  -0.0000035996  -0.0000001310  -0.0000028462
34 14   0.0000004377   0.0000173484   0.0000039917   0.0000007886   0.0000059148
34 15   0.0000027741   0.0000005693
35  1  -0.0008633815  -0.0037544802   0.0002700779   0.0043462977   0.0020110076
35  2   0.0007973147   0.0013876311   0.0071057990  -0.0013770578   0.0002626299
35  3   0.0001831366   0.0000324340  -0.0002735910  -0.0006892719  -0.0000592578
35  4  -0.0002232263  -0.0013076401   0.0000887226   0.0010013607   0.0071620465
35  5  -0.0001311717   0.0000702092   0.0002558550  -0.0000404684   0.0006297524
35  6   0.0027041952  -0.0002670172  -0.0007931315  -0.0038140783   0.0003286958
35  7   0.0505463391  -0.0454818919   0.0009121425  -0.0560980752   0.0355131438
35  8  -0.0005471882   0.0000062597  -0.0000017215   0.0000003551  -0.0000508994
35  9  -0.0000370048  -0.0000088255   0.0001144367  -0.0000090183  -0.0000082031
35 10  -0.0000630632  -0.0000558418   0.0000062150  -0.0000934064  -0.0000642861
35 11  -0.0000059878   0.0001422069   0.0001628787   0.0000011057   0.0000430968
35 12   0.0000413060   0.0000048450  -0.0000229518   0.0000149310  -0.0000031278
35 13  -0.0000276115   0.0000295021   0.0000041996  -0.0000096860   0.0000107492
35 14   0.0000005073  -0.0000203934   0.0000115538   0.0000008661  -0.0000108029
35 15   0.0000091302   0.0000008241
36  1  -0.0006063994   0.0004141949   0.0010797924   0.0277174429  -0.0047436898
36  2   0.0060102245   0.0024706959  -0.0011841219  -0.0045517382   0.0014780907
36  3  -0.0002682056   0.0001125793   0.0000946566  -0.0000472699  -0.0013225463
36  4   0.0000053612   0.0000880293   0.0001467017  -0.0021996134  -0.0003420700
36  5  -0.0051148564  -0.0015550842   0.0002612092  -0.0000162290  -0.0292443727
36  6   0.0052800218   0.0034873399   0.0006911563   0.0001719753   0.0011197567
36  7  -0.0131143948   0.0009321030  -0.0598428006   0.0142704179  -0.0005471882
36  8   0.0589090426  -0.0000007506  -0.0000005395   0.0000029014   0.0000055989
36  9   0.0000019795  -0.0000104109  -0.0000096395   0.0000050607  -0.0000130899
36 10   0.0000025972   0.0000039839   0.0000229632   0.0000105465   0.0000051903
36 11   0.0000124422  -0.0000182741  -0.0000209771  -0.0000299559  -0.0000040129
36 12  -0.0000048685   0.0000108522   0.0000017621  -0.0000019363  -0.0000180428
36 13   0.0000023777  -0.0000004622   0.0000043146   0.0000003829  -0.0000005428
36 14  -0.0000006056   0.0000006736  -0.0000012976   0.0000009115   0.0000007813
36 15  -0.0000005786   0.0000004532
37  1   0.0000024043   0.0000037562   0.0000005028  -0.0000071054  -0.0000066130
37  2  -0.0000121392   0.0000050257  -0.0000109109  -0.0000070928  -0.0000008138
37  3   0.0000074812  -0.0000034760  -0.0000023637  -0.0000111848   0.0000007292
37  4   0.0000082912   0.0000110188   0.0000001658   0.0000039844  -0.0000079956
37  5   0.0000109982  -0.0000006591   0.0000064562   0.0000014700  -0.0000057885
37  6  -0.0000065087   0.0000101363   0.0000023444   0.0000040774  -0.0000008218
37  7  -0.0000055120  -0.0000090176   0.0000007537   0.0000015815   0.0000062597
37  8  -0.0000007506   0.2406550931   0.1425984979   0.0207524099  -0.2276908408
37  9  -0.1316345954  -0.0189623945   0.0070813780   0.0046338650   0.0006181941
37 10   0.0008231960  -0.0005686643   0.0000851801   0.0014212614   0.0014724973
37 11  -0.0000492813   0.0002042203   0.0003278888   0.0000328833  -0.0000182927
37 12   0.0010145138   0.0001180257   0.0000119869  -0.0001096983   0.0000325210
37 13  -0.0042514597   0.0039804966   0.0000294917  -0.0011092875  -0.0010916752
37 14  -0.0001497150  -0.0182922383  -0.0209533310  -0.0026945524   0.0011635946
37 15   0.0003433858   0.0001867620
38  1   0.0000017278   0.0000022678   0.0000075237  -0.0000192209  -0.0000126130
38  2  -0.0000380538   0.0000162261  -0.0000188038  -0.0000310774  -0.0000011677
38  3   0.0000069958   0.0000009220   0.0000354859  -0.0000272319  -0.0000008285
38  4   0.0000009992   0.0000081423  -0.0000001716   0.0000177697  -0.0000265739
38  5   0.0000379998   0.0000007954   0.0000087238  -0.0000009166  -0.0000261749
38  6  -0.0000185964   0.0000366136   0.0000019687   0.0000045350  -0.0000050517
38  7  -0.0000474612  -0.0000093129  -0.0000053302   0.0000091097  -0.0000017215
38  8  -0.0000005395   0.1425984979   0.1695430907   0.0186830875  -0.1316900507
38  9  -0.1621485794  -0.0166682482  -0.0271141953  -0.0140154323  -0.0023876479
38 10   0.0004388825   0.0011685185   0.0004912638   0.0026248918  -0.0055727004
38 11  -0.0012271707  -0.0014249014  -0.0007304429  -0.0001426307   0.0010417091
38 12  -0.0005302098   0.0000428367  -0.0001309977   0.0000480672   0.0001415752
38 13   0.0028310613   0.0001616555  -0.0006390542   0.0006606008   0.0003888835
38 14   0.0000311961   0.0108229141   0.0109375699   0.0012443854  -0.0006484703
38 15   0.0008337682   0.0004293172
39  1  -0.0000013584   0.0000065503  -0.0000046935   0.0000019477  -0.0000142453
39  2   0.0000028543   0.0000038364  -0.0000093897  -0.0000061016   0.0000047407
39  3   0.0000036239  -0.0000015166   0.0000040155  -0.0000057358   0.0000045430
39  4  -0.0000007402   0.0000010770  -0.0000001005  -0.0000058478   0.0000005527
39  5   0.0000028507  -0.0000040214  -0.0000024995  -0.0000027679  -0.0000057388
39  6   0.0000155774   0.0000042478   0.0000017479  -0.0000051472  -0.0000046449
39  7  -0.0000052601   0.0000014967   0.0000103176   0.0000006698   0.0000003551
39  8   0.0000029014   0.0207524099   0.0186830875   0.0274125266  -0.0189758348
39  9  -0.0166506018  -0.0368344265  -0.0025137774  -0.0014120916   0.0014891893
39 10   0.0001859480   0.0004599758  -0.0036423996   0.0000675574  -0.0012634557
39 11   0.0075768137  -0.0001378857  -0.0000783941   0.0001553609   0.0001252958
39 12   0.0000522429  -0.0006371301   0.0000311908   0.0001334618  -0.0013987585
39 13  -0.0000884524  -0.0006009717   0.0074584640   0.0000206286  -0.0000249280
39 14   0.0002749627   0.0004505925   0.0002483388   0.0018315509   0.0000883361
39 15   0.0004611204  -0.0036940432
40  1  -0.0000002967  -0.0000196348   0.0000199552   0.0000179283   0.0000430957
40  2  -0.0000275800  -0.0000094276   0.0000280351  -0.0000340963  -0.0000111437
40  3  -0.0000125605   0.0000034593   0.0000150670  -0.0000359880  -0.0000277809
40  4   0.0000141141   0.0000101647   0.0000024564   0.0000045490  -0.0000154338
40  5   0.0000505557  -0.0000051516  -0.0000072530   0.0000010410  -0.0000136810
40  6   0.0000094721   0.0000315478   0.0000012257  -0.0000184212  -0.0000140256
40  7  -0.0000431831   0.0000056717  -0.0000173057   0.0000271128  -0.0000508994
40  8   0.0000055989  -0.2276908408  -0.1316900507  -0.0189758348   0.7039723261
40  9   0.0333016659   0.0211700247  -0.1310257365  -0.0020314044  -0.0024744323
40 10  -0.0007808279   0.0310491436   0.0029829822   0.0461996152  -0.0200391260
40 11  -0.0007136468  -0.0039725117  -0.0036084681  -0.0007510811  -0.0247518491
40 12   0.0324792630   0.0026892356  -0.0000739311   0.0009867435   0.0001082435
40 13  -0.0558388605  -0.0389594738  -0.0057768588  -0.0020531844  -0.0034162995
40 14  -0.0006267920  -0.3047168174   0.1030525915   0.0025095161   0.0007355048
40 15  -0.0010608335  -0.0001351820
41  1   0.0000093799  -0.0000339597   0.0000278118  -0.0000531284   0.0000077858
41  2   0.0000030468   0.0000010829  -0.0000536459  -0.0000604420   0.0000089242
41  3   0.0000246234  -0.0000189294   0.0000633766  -0.0000561804   0.0000114985
41  4   0.0000319044   0.0000272693   0.0000008117   0.0000002686  -0.0000460972
41  5   0.0000713496   0.0000057129   0.0000233842   0.0000127413  -0.0000517122
41  6  -0.0000024404  -0.0000066723   0.0000076494  -0.0000225807  -0.0000152661
41  7   0.0000201491   0.0000526295  -0.0000185255   0.0000261013  -0.0000370048
41  8   0.0000019795  -0.1316345954  -0.1621485794  -0.0166506018   0.0333016659
41  9   0.6818045274   0.0556876555   0.0608018036  -0.3264855509  -0.0245712901
41 10  -0.0007280492  -0.0065746073  -0.0008435538  -0.0633871985  -0.0406922335
41 11  -0.0066442959  -0.0029530786  -0.0000688408  -0.0008414208   0.0320079618
41 12  -0.0401633395  -0.0021380184   0.0010230690  -0.0004947228   0.0000398058
41 13   0.0052053769   0.0593788411   0.0053074056  -0.0045687418  -0.0019689227
41 14  -0.0010741642   0.0401382843  -0.1544540348  -0.0082773601   0.0307237933
41 15  -0.0080163200  -0.0000035655
42  1   0.0000027908  -0.0000119926   0.0000137419  -0.0000493256  -0.0000263870
42  2  -0.0000236368   0.0000009690  -0.0000444468  -0.0000246430  -0.0000028306
42  3   0.0000035186  -0.0000048462   0.0000061167  -0.0000093428   0.0000636549
42  4   0.0000035063   0.0000015931  -0.0000043815  -0.0000002377   0.0000410303
42  5  -0.0000014721   0.0000019681  -0.0000034742  -0.0000021658   0.0000381238
42  6   0.0000353279  -0.0000096236  -0.0000002250  -0.0000010612   0.0000025024
42  7  -0.0000013968   0.0000003107   0.0000314773   0.0000054226  -0.0000088255
42  8  -0.0000104109  -0.0189623945  -0.0166682482  -0.0368344265   0.0211700247
42  9   0.0556876555   0.1334276059   0.0037400068  -0.0265196778  -0.0605813138
42 10  -0.0001514552   0.0001451349   0.0017753285  -0.0049901762  -0.0053227396
42 11   0.0062297421  -0.0006627857  -0.0008258546   0.0074138163   0.0026535560
42 12  -0.0021274212  -0.0087493006   0.0000981348   0.0000418886  -0.0004411070
42 13  -0.0014393315   0.0039514454   0.0073222165  -0.0007411106  -0.0010277687
42 14   0.0073539493  -0.0037148197  -0.0063240987  -0.0585976933   0.0029954696
42 15  -0.0009865660   0.0016509861
43  1   0.0000216852  -0.0000024014  -0.0000392561   0.0000953482   0.0000565619
43  2   0.0000601178  -0.0000662688   0.0001130527   0.0000881165  -0.0000363156
43  3  -0.0000347773   0.0000057430  -0.0002405026   0.0001035243  -0.0000150770
43  4   0.0000302381   0.0000077180   0.0000018940  -0.0000798322   0.0001147222
43  5  -0.0000958720  -0.0000300711  -0.0000331684  -0.0000019653   0.0001222015
43  6   0.0000660699  -0.0000530646   0.0000147507   0.0000045463   0.0000400712
43  7   0.0002308062  -0.0000406770   0.0000145711  -0.0000849555   0.0001144367
43  8  -0.0000096395   0.0070813780  -0.0271141953  -0.0025137774  -0.1310257365
43  9   0.0608018036   0.0037400068   0.7214618599  -0.0260486974   0.0158886853
43 10  -0.2945389907   0.0944510668   0.0011567178  -0.2538210420  -0.1309519637
43 11  -0.0188318641   0.0081046776   0.0050052411   0.0006640471  -0.0556926835
43 12   0.0046851007  -0.0015143695  -0.0042655161   0.0029332882  -0.0000786717
43 13  -0.0084008034  -0.0224350083  -0.0021768078   0.0005036970  -0.0007329516
43 14  -0.0000401670   0.0161877538   0.0363229316   0.0038614508  -0.0055716784
43 15   0.0026137767  -0.0001508893
44  1   0.0000082622  -0.0000041546   0.0000189031  -0.0000209515   0.0000674742
44  2  -0.0001130297   0.0000134180   0.0000380348  -0.0001227442  -0.0000249319
44  3  -0.0000283525   0.0000420677   0.0001413064  -0.0000864830  -0.0000510416
44  4  -0.0000553967  -0.0000284868   0.0000013292   0.0000091885  -0.0000544802
44  5   0.0001556575  -0.0000147710  -0.0000149275  -0.0000255184  -0.0001013356
44  6   0.0000381703   0.0001150454   0.0000093356  -0.0000040578  -0.0000139229
44  7  -0.0001265734   0.0000371166  -0.0000354340   0.0000160708  -0.0000090183
44  8   0.0000050607   0.0046338650  -0.0140154323  -0.0014120916  -0.0020314044
44  9  -0.3264855509  -0.0265196778  -0.0260486974   0.6652213961   0.0518719301
44 10   0.0945393712  -0.0969192314  -0.0030878082  -0.0681687887  -0.2057956354
44 11  -0.0161749284  -0.0261799924  -0.0138087503  -0.0025302501  -0.0384652466
44 12   0.0596395710   0.0037561683   0.0038630053   0.0001249198  -0.0005553411
44 13  -0.0230909210  -0.0560665492  -0.0053470110  -0.0007128264  -0.0010374864
44 14  -0.0000652804   0.0803734004  -0.0122832751   0.0006617922   0.0014346135
44 15   0.0014751888  -0.0005738749
45  1   0.0000037715  -0.0000475685   0.0000302731   0.0000147554   0.0000767197
45  2  -0.0000148208  -0.0000201868   0.0000404072   0.0000234308  -0.0000275709
45  3  -0.0000171804   0.0000120798   0.0000007338   0.0000174240  -0.0000463422
45  4   0.0000016629  -0.0000012869   0.0000161710   0.0000330445  -0.0000230290
45  5   0.0000260672   0.0000160249   0.0000142787   0.0000121366  -0.0000136966
45  6  -0.0000833410   0.0000044096  -0.0000016409   0.0000427429   0.0000186292
45  7   0.0000004111   0.0000127441  -0.0000505616   0.0000010096  -0.0000082031
45  8  -0.0000130899   0.0006181941  -0.0023876479   0.0014891893  -0.0024744323
45  9  -0.0245712901  -0.0605813138   0.0158886853   0.0518719301   0.1349610788
45 10   0.0011890428  -0.0030923441  -0.0354386706  -0.0127567538  -0.0182249484
45 11  -0.0641778853  -0.0023695438  -0.0014948179   0.0029381197  -0.0058336637
45 12   0.0051097926   0.0095522675   0.0000526088  -0.0005669213   0.0068901279
45 13  -0.0022395921  -0.0053217890  -0.0095559735  -0.0000427985  -0.0000844119
45 14  -0.0005217590   0.0082290239  -0.0007319698   0.0068184775  -0.0002690891
45 15  -0.0005292900   0.0076079588
46  1  -0.0000020813  -0.0000282344   0.0000264641  -0.0000194824   0.0000265591
46  2   0.0000099962  -0.0000010625  -0.0000113207  -0.0000167196   0.0000061669
46  3   0.0000110338  -0.0000167858   0.0000190238  -0.0000324991   0.0000069108
46  4   0.0000401483   0.0000266903   0.0000015749   0.0000128115  -0.0000123660
46  5   0.0000241466   0.0000047769   0.0000098519   0.0000130041  -0.0000210731
46  6   0.0000143695  -0.0000217946   0.0000006655  -0.0000252070  -0.0000168819
46  7   0.0000150117   0.0000388470  -0.0000034330   0.0000354810  -0.0000630632
46  8   0.0000025972   0.0008231960   0.0004388825   0.0001859480  -0.0007808279
46  9  -0.0007280492  -0.0001514552  -0.2945389907   0.0945393712   0.0011890428
46 10   0.3132763720  -0.1023649545  -0.0010415937  -0.0189444882   0.0121505542
46 11   0.0004988110   0.0010771486  -0.0001712398   0.0001322135  -0.0020741893
46 12  -0.0044890416  -0.0007165735  -0.0011390462   0.0006659161   0.0000156815
46 13   0.0004583487  -0.0007562407  -0.0000481001  -0.0000472791   0.0000835128
46 14   0.0000522437   0.0019773663   0.0007950289  -0.0001009585  -0.0001779964
46 15  -0.0001184008  -0.0000243384
47  1  -0.0000041774  -0.0000114988   0.0000082505   0.0000028869   0.0000468804
47  2   0.0000529710  -0.0000162303  -0.0000003548   0.0000001906   0.0000087746
47  3  -0.0000002886  -0.0000077175   0.0000079345  -0.0000180647   0.0000036156
47  4   0.0000202907   0.0000094376  -0.0000000961  -0.0000187173   0.0000049708
47  5  -0.0000016196   0.0000085261   0.0000002112   0.0000082590   0.0000114870
47  6   0.0000447547  -0.0000619381  -0.0000041535  -0.0000124122  -0.0000059639
47  7   0.0000363650   0.0000762824   0.0000033647   0.0000267122  -0.0000558418
47  8   0.0000039839  -0.0005686643   0.0011685185   0.0004599758   0.0310491436
47  9  -0.0065746073   0.0001451349   0.0944510668  -0.0969192314  -0.0030923441
47 10  -0.1023649545   0.0988368337   0.0040569350  -0.0193752774   0.0114740649
47 11   0.0002331941   0.0006898598   0.0008820411   0.0005059995  -0.0034754620
47 12  -0.0019531125  -0.0009840133  -0.0010949468   0.0004089901  -0.0000300352
47 13  -0.0007313668  -0.0010071897  -0.0000756228   0.0000743225   0.0001102909
47 14   0.0001535459  -0.0003611241  -0.0059711970  -0.0013524478   0.0016277044
47 15  -0.0005394774  -0.0000236223
48  1   0.0000011851   0.0000348066  -0.0000319970   0.0000081952  -0.0000191269
48  2   0.0000334297   0.0000335060  -0.0000039186  -0.0000041053   0.0000099042
48  3   0.0000046998  -0.0000035915  -0.0000017041   0.0000024214  -0.0000408456
48  4   0.0000007437   0.0000009887  -0.0000034057  -0.0000312874  -0.0000035970
48  5  -0.0000123245  -0.0000090464  -0.0000041048  -0.0000033433  -0.0000084691
48  6   0.0000248191   0.0000216119   0.0000014139  -0.0000339078  -0.0000232921
48  7   0.0000030351  -0.0000085018  -0.0000107841  -0.0000022414   0.0000062150
48  8   0.0000229632   0.0000851801   0.0004912638  -0.0036423996   0.0029829822
48  9  -0.0008435538   0.0017753285   0.0011567178  -0.0030878082  -0.0354386706
48 10  -0.0010415937   0.0040569350   0.0254548321  -0.0025744597   0.0012417651
48 11   0.0027981641   0.0002140488   0.0004561999  -0.0039494335  -0.0006149527
48 12  -0.0010236435   0.0069442604  -0.0001530619   0.0000264003   0.0003109251
48 13  -0.0000496963  -0.0000914915  -0.0003891377   0.0000515289   0.0001585681
48 14  -0.0014322584  -0.0002094415  -0.0013034770   0.0073662439   0.0001475132
48 15  -0.0000819520   0.0002578300
49  1   0.0000183213  -0.0000336627   0.0000290755  -0.0002443910   0.0002027599
49  2   0.0001223665  -0.0000695467  -0.0001627101  -0.0002786246   0.0000023349
49  3   0.0000024689   0.0000175871   0.0001074591  -0.0003096137  -0.0000422010
49  4   0.0000061185   0.0000058742   0.0000001132  -0.0001581280  -0.0001656000
49  5   0.0003089076   0.0000111504   0.0000193881  -0.0000001205  -0.0002658625
49  6   0.0002174826  -0.0001711867   0.0000239574  -0.0000379897  -0.0000264585
49  7   0.0001135956   0.0004154032   0.0000058986   0.0000529940  -0.0000934064
49  8   0.0000105465   0.0014212614   0.0026248918   0.0000675574   0.0461996152
49  9  -0.0633871985  -0.0049901762  -0.2538210420  -0.0681687887  -0.0127567538
49 10  -0.0189444882  -0.0193752774  -0.0025744597   0.6611723624  -0.0122166508
49 11   0.0150801190  -0.0650467832   0.0391030819   0.0029481644  -0.3042230429
49 12   0.0406856886  -0.0033566645  -0.0188075183   0.0103863348   0.0003825092
49 13   0.0163476666   0.0801780319   0.0081482439   0.0019660438  -0.0003259275
49 14  -0.0002078402  -0.0645839446  -0.0092664868  -0.0026727129  -0.0012781332
49 15  -0.0002980937  -0.0000438904
50  1  -0.0000115425   0.0000035214  -0.0000377112  -0.0000537468  -0.0001217051
50  2   0.0003292541  -0.0001005490  -0.0002965345   0.0002157807   0.0000540215
50  3   0.0000676464  -0.0001057404  -0.0003728081  -0.0000866038   0.0000065225
50  4   0.0001867869   0.0000951605   0.0000065800  -0.0000833395  -0.0001983044
50  5  -0.0001984377   0.0000092462   0.0000171086   0.0000549210   0.0000043758
50  6  -0.0000000772  -0.0003454829   0.0000069066  -0.0000691782  -0.0000046945
50  7   0.0003607729   0.0002302783   0.0000372550   0.0000008814  -0.0000642861
50  8   0.0000051903   0.0014724973  -0.0055727004  -0.0012634557  -0.0200391260
50  9  -0.0406922335  -0.0053227396  -0.1309519637  -0.2057956354  -0.0182249484
50 10   0.0121505542   0.0114740649   0.0012417651  -0.0122166508   0.7334115428
50 11   0.0578061194   0.0388681199  -0.3302739242  -0.0268771670   0.1034555045
50 12  -0.1555138992  -0.0058925359  -0.0208984487   0.0110015443   0.0001426127
50 13   0.0368682639  -0.0118410305  -0.0008080356   0.0008178154  -0.0060804133
50 14  -0.0013150108  -0.0092343894  -0.0004042319   0.0003765529  -0.0002931819
50 15   0.0007098904   0.0001734059
51  1   0.0000102951  -0.0000776084   0.0000488728   0.0001995610   0.0005399719
51  2   0.0002088205  -0.0002136477   0.0004511501   0.0000428325  -0.0000222317
51  3  -0.0000589358   0.0000373752  -0.0000465664  -0.0000478420  -0.0003442624
51  4   0.0000254371   0.0000224244   0.0000030057   0.0001733600  -0.0005078137
51  5   0.0000368568   0.0000351792   0.0000763651   0.0000577233  -0.0003186101
51  6  -0.0004416117   0.0000150483  -0.0000150427   0.0000718045   0.0000613553
51  7   0.0001394714   0.0000738755  -0.0005871114  -0.0000011587  -0.0000059878
51  8   0.0000124422  -0.0000492813  -0.0012271707   0.0075768137  -0.0007136468
51  9  -0.0066442959   0.0062297421  -0.0188318641  -0.0161749284  -0.0641778853
51 10   0.0004988110   0.0002331941   0.0027981641   0.0150801190   0.0578061194
51 11   0.1421603388   0.0029372217  -0.0271173323  -0.0402169026   0.0027779859
51 12  -0.0078377087  -0.0637947448  -0.0026953056   0.0011041697   0.0031406686
51 13   0.0038484652   0.0005771073   0.0077613772  -0.0000894122  -0.0013448015
51 14   0.0074386858  -0.0026898354   0.0003694674  -0.0075370001  -0.0000393038
51 15   0.0001603873  -0.0009722162
52  1  -0.0000297629   0.0000554905  -0.0000386898   0.0003180674  -0.0001007799
52  2  -0.0002434470  -0.0000431567  -0.0000766180   0.0003885066  -0.0000230474
52  3   0.0000202279  -0.0000226490  -0.0006381269   0.0000801888   0.0000976818
52  4  -0.0000073648  -0.0000171777   0.0000021340   0.0000840782  -0.0000839784
52  5  -0.0004309858  -0.0000285964   0.0000055709   0.0000020960   0.0003692450
52  6  -0.0001022113   0.0003070665  -0.0000395606   0.0000825561   0.0000456552
52  7  -0.0002682886  -0.0000030256  -0.0000662706  -0.0001011793   0.0001422069
52  8  -0.0000182741   0.0002042203  -0.0014249014  -0.0001378857  -0.0039725117
52  9  -0.0029530786  -0.0006627857   0.0081046776  -0.0261799924  -0.0023695438
52 10   0.0010771486   0.0006898598   0.0002140488  -0.0650467832   0.0388681199
52 11   0.0029372217   0.0649811818  -0.0417517836  -0.0029075032   0.0007035113
52 12   0.0305863639   0.0028760717   0.0011793226  -0.0006919324   0.0001176054
52 13  -0.0055456075   0.0014806062  -0.0002335465  -0.0001915191   0.0016268775
52 14   0.0001421951  -0.0012344386  -0.0002819300  -0.0000501293   0.0001484909
52 15   0.0000293407   0.0000514278
53  1  -0.0000077942   0.0001479335  -0.0001024482  -0.0000907089  -0.0004902001
53  2   0.0003018450  -0.0001463868  -0.0002912488   0.0000611250   0.0000759371
53  3   0.0001015651  -0.0000669027  -0.0001289322  -0.0002097290   0.0000680334
53  4   0.0000753132   0.0000636535  -0.0000114937  -0.0003964145  -0.0003410057
53  5  -0.0000903259   0.0000907834   0.0001360301   0.0000670521   0.0001011856
53  6  -0.0006230136  -0.0003384654  -0.0000244621   0.0001775915   0.0000801233
53  7   0.0002783507  -0.0007777285   0.0002040035  -0.0000695390   0.0001628787
53  8  -0.0000209771   0.0003278888  -0.0007304429  -0.0000783941  -0.0036084681
53  9  -0.0000688408  -0.0008258546   0.0050052411  -0.0138087503  -0.0014948179
53 10  -0.0001712398   0.0008820411   0.0004561999   0.0391030819  -0.3302739242
53 11  -0.0271173323  -0.0417517836   0.3505078083   0.0297574487  -0.0003965546
53 12  -0.0068714943  -0.0010092396   0.0000859798   0.0006384522   0.0004449306
53 13   0.0020718921   0.0013754532  -0.0004800406  -0.0001592284  -0.0003736251
53 14  -0.0000616561  -0.0002790214   0.0007227788   0.0001438912   0.0000148800
53 15  -0.0000561826   0.0001132955
54  1  -0.0000134113   0.0000549963  -0.0000663276  -0.0002451741   0.0000795165
54  2  -0.0003637824   0.0004741190   0.0000041675  -0.0002241781   0.0000143959
54  3   0.0000300232  -0.0000384906  -0.0000027507   0.0000295512   0.0002757193
54  4  -0.0000150037  -0.0000172983  -0.0000385188  -0.0004831110   0.0000841352
54  5  -0.0001484494  -0.0000393005  -0.0000739551  -0.0000685785   0.0004384540
54  6  -0.0000397013  -0.0000735929   0.0000189755  -0.0000990101  -0.0000941201
54  7  -0.0001207826   0.0000318659   0.0005244287  -0.0000033951   0.0000011057
54  8  -0.0000299559   0.0000328833  -0.0001426307   0.0001553609  -0.0007510811
54  9  -0.0008414208   0.0074138163   0.0006640471  -0.0025302501   0.0029381197
54 10   0.0001322135   0.0005059995  -0.0039494335   0.0029481644  -0.0268771670
54 11  -0.0402169026  -0.0029075032   0.0297574487   0.0292220684  -0.0001509478
54 12  -0.0001181194   0.0034232205   0.0001743600   0.0004431319  -0.0040165384
54 13  -0.0001494056  -0.0005392824   0.0072628398  -0.0000244663  -0.0000176272
54 14   0.0001963879  -0.0000380968   0.0001557992  -0.0008145953   0.0000468169
54 15   0.0001187214  -0.0012684972
55  1  -0.0000518570   0.0000611556  -0.0000510176  -0.0001147551  -0.0001194393
55  2  -0.0000001105   0.0000697034  -0.0000132421   0.0002226505   0.0000301438
55  3  -0.0000267414   0.0000512467   0.0002454101   0.0001688619  -0.0000046872
55  4  -0.0003815488  -0.0002155376   0.0000016788   0.0001193916  -0.0000805117
55  5  -0.0002102053   0.0000215056  -0.0000488746  -0.0000548524  -0.0001773461
55  6  -0.0000842461  -0.0000368189  -0.0000485049   0.0000500404   0.0000296067
55  7  -0.0003074268   0.0001053212   0.0000111228  -0.0000369912   0.0000430968
55  8  -0.0000040129  -0.0000182927   0.0010417091   0.0001252958  -0.0247518491
55  9   0.0320079618   0.0026535560  -0.0556926835  -0.0384652466  -0.0058336637
55 10  -0.0020741893  -0.0034754620  -0.0006149527  -0.3042230429   0.1034555045
55 11   0.0027779859   0.0007035113  -0.0003965546  -0.0001509478   0.7037687581
55 12   0.0332548293   0.0206718630  -0.2270833538  -0.1328028584  -0.0186660053
55 13  -0.1312560939  -0.0019972524  -0.0024283045  -0.0007999048   0.0310985856
55 14   0.0029920829   0.0459896619  -0.0194310044  -0.0007116284  -0.0039302459
55 15  -0.0041300953  -0.0007698821
56  1  -0.0000175934   0.0000178453   0.0000091483   0.0000488152  -0.0001427005
56  2  -0.0002395368   0.0000577932  -0.0000063771  -0.0000639020   0.0000020846
56  3   0.0000012019   0.0000396837   0.0003586826  -0.0002074492   0.0000390448
56  4  -0.0001425782  -0.0000620743  -0.0000023533   0.0000814307   0.0000851529
56  5   0.0000684656  -0.0000053251  -0.0000248650  -0.0000457571   0.0000807950
56  6  -0.0001906331   0.0002946022  -0.0000156879   0.0000355033  -0.0000007097
56  7  -0.0003148986  -0.0003012186  -0.0000488064  -0.0000107012   0.0000413060
56  8  -0.0000048685   0.0010145138  -0.0005302098   0.0000522429   0.0324792630
56  9  -0.0401633395  -0.0021274212   0.0046851007   0.0596395710   0.0051097926
56 10  -0.0044890416  -0.0019531125  -0.0010236435   0.0406856886  -0.1555138992
56 11  -0.0078377087   0.0305863639  -0.0068714943  -0.0001181194   0.0332548293
56 12   0.6842825638   0.0551610509  -0.1322242582  -0.1632235250  -0.0164294626
56 13   0.0608451285  -0.3273232589  -0.0245273468  -0.0006485330  -0.0063727121
56 14  -0.0008382761  -0.0633691432  -0.0410872813  -0.0065958145  -0.0029427285
56 15  -0.0001289938  -0.0008703044
57  1   0.0000117863  -0.0000238477   0.0000122157   0.0001568386  -0.0000024028
57  2  -0.0000153367  -0.0000261870   0.0001116800  -0.0000288159  -0.0000263878
57  3  -0.0000889250   0.0000731387   0.0000503725   0.0000633137  -0.0000101144
57  4  -0.0000430612  -0.0000419596  -0.0000550961   0.0000397457  -0.0000731447
57  5  -0.0000534115   0.0000227782   0.0000777143   0.0000406934  -0.0001520211
57  6  -0.0000047064   0.0000011587  -0.0000185576   0.0000281178   0.0000142226
57  7  -0.0000420865  -0.0000027736   0.0001034646  -0.0000044778   0.0000048450
57  8   0.0000108522   0.0001180257   0.0000428367  -0.0006371301   0.0026892356
57  9  -0.0021380184  -0.0087493006  -0.0015143695   0.0037561683   0.0095522675
57 10  -0.0007165735  -0.0009840133   0.0069442604  -0.0033566645  -0.0058925359
57 11  -0.0637947448   0.0028760717  -0.0010092396   0.0034232205   0.0206718630
57 12   0.0551610509   0.1370455809  -0.0186995788  -0.0165208523  -0.0378902027
57 13   0.0037978904  -0.0264182569  -0.0613910745  -0.0001476746   0.0001376889
57 14   0.0019196247  -0.0050342744  -0.0052815568   0.0058652199  -0.0006526937
57 15  -0.0009011827   0.0076193075
58  1   0.0000169500  -0.0000146173   0.0000278948  -0.0000353518   0.0000197288
58  2  -0.0000213125  -0.0001007204  -0.0001083615  -0.0001904683   0.0000149646
58  3   0.0000541634  -0.0000266388   0.0002055678  -0.0002756428   0.0000260858
58  4   0.0001343490   0.0000241213  -0.0000017642  -0.0001374098  -0.0000709731
58  5   0.0001936310   0.0000135680   0.0000588885   0.0000212161  -0.0000081724
58  6   0.0000135605   0.0000265628   0.0000171439  -0.0000118895  -0.0000219086
58  7   0.0000955869  -0.0000275023  -0.0000068023   0.0000331721  -0.0000229518
58  8   0.0000017621   0.0000119869  -0.0001309977   0.0000311908  -0.0000739311
58  9   0.0010230690   0.0000981348  -0.0042655161   0.0038630053   0.0000526088
58 10  -0.0011390462  -0.0010949468  -0.0001530619  -0.0188075183  -0.0208984487
58 11  -0.0026953056   0.0011793226   0.0000859798   0.0001743600  -0.2270833538
58 12  -0.1322242582  -0.0186995788   0.2402850078   0.1436702255   0.0204487115
58 13   0.0071911267   0.0048388806   0.0006287783   0.0008262435  -0.0006019830
58 14   0.0000735795   0.0014113624   0.0014872104  -0.0000219870   0.0002146678
58 15   0.0003437395   0.0000343117
59  1  -0.0000236651  -0.0000030879  -0.0000107006   0.0000285811  -0.0000007411
59  2  -0.0000094339   0.0000594263   0.0000317130   0.0002008615   0.0000067299
59  3   0.0000179391  -0.0000238363   0.0000172066  -0.0000457698   0.0000052307
59  4  -0.0001177742  -0.0002252942   0.0000089313   0.0000477590   0.0000602491
59  5  -0.0001958620   0.0000043761   0.0000139614   0.0000177784   0.0000656387
59  6   0.0000011049   0.0000215032  -0.0000245377  -0.0000013041   0.0000096231
59  7  -0.0000289357  -0.0001013500  -0.0000079315  -0.0000103226   0.0000149310
59  8  -0.0000019363  -0.0001096983   0.0000480672   0.0001334618   0.0009867435
59  9  -0.0004947228   0.0000418886   0.0029332882   0.0001249198  -0.0005669213
59 10   0.0006659161   0.0004089901   0.0000264003   0.0103863348   0.0110015443
59 11   0.0011041697  -0.0006919324   0.0006384522   0.0004431319  -0.1328028584
59 12  -0.1632235250  -0.0165208523   0.1436702255   0.1708418689   0.0185591764
59 13  -0.0266943065  -0.0140089377  -0.0023813620   0.0004240553   0.0011623298
59 14   0.0004872356   0.0025900836  -0.0053714059  -0.0011904449  -0.0013823339
59 15  -0.0008899325  -0.0001501116
60  1  -0.0000067416   0.0000028031   0.0000010034  -0.0002150667   0.0000067351
60  2  -0.0000090013   0.0000201695  -0.0001005807   0.0000764903   0.0000229118
60  3   0.0000862910  -0.0000996825  -0.0000123798  -0.0000308650   0.0000003800
60  4   0.0000259368   0.0000282431   0.0001004847  -0.0000447646   0.0000984237
60  5   0.0000962624  -0.0000168375  -0.0000826410  -0.0000730483   0.0001981644
60  6  -0.0000001988  -0.0000041685   0.0000138926  -0.0000068658  -0.0000037257
60  7   0.0000248542   0.0000023304  -0.0001413240   0.0000052003  -0.0000031278
60  8  -0.0000180428   0.0000325210   0.0001415752  -0.0013987585   0.0001082435
60  9   0.0000398058  -0.0004411070  -0.0000786717  -0.0005553411   0.0068901279
60 10   0.0000156815  -0.0000300352   0.0003109251   0.0003825092   0.0001426127
60 11   0.0031406686   0.0001176054   0.0004449306  -0.0040165384  -0.0186660053
60 12  -0.0164294626  -0.0378902027   0.0204487115   0.0185591764   0.0277448994
60 13  -0.0024990391  -0.0014428420   0.0017682960   0.0001824754   0.0004645707
60 14  -0.0037041729   0.0000785520  -0.0012329962   0.0074467206  -0.0001379228
60 15  -0.0001025416   0.0002235140
61  1   0.0000150794   0.0000007409   0.0000129368  -0.0000234083   0.0000413488
61  2   0.0000381095  -0.0000624808  -0.0000836122  -0.0001191428   0.0000126018
61  3   0.0000402983  -0.0000321413  -0.0000516770  -0.0001971623   0.0000129026
61  4   0.0001849193   0.0001335677  -0.0000028677  -0.0000915414  -0.0000406559
61  5   0.0001251583   0.0000071686   0.0000393861   0.0000241529   0.0000022470
61  6   0.0000564296  -0.0000521991   0.0000180228  -0.0000074257  -0.0000157881
61  7   0.0001381206   0.0000536082   0.0000146266   0.0000250355  -0.0000276115
61  8   0.0000023777  -0.0042514597   0.0028310613  -0.0000884524  -0.0558388605
61  9   0.0052053769  -0.0014393315  -0.0084008034  -0.0230909210  -0.0022395921
61 10   0.0004583487  -0.0007313668  -0.0000496963   0.0163476666   0.0368682639
61 11   0.0038484652  -0.0055456075   0.0020718921  -0.0001494056  -0.1312560939
61 12   0.0608451285   0.0037978904   0.0071911267  -0.0266943065  -0.0024990391
61 13   0.7213182459  -0.0267823107   0.0156818281  -0.2947649581   0.0944003214
61 14   0.0012792877  -0.2535922891  -0.1307482856  -0.0189320274   0.0081605968
61 15   0.0058162346   0.0007819476
62  1   0.0000045085   0.0000121407  -0.0000155206   0.0000792596   0.0000258836
62  2  -0.0000306075  -0.0000173665   0.0000723562  -0.0000105538  -0.0000352398
62  3  -0.0000460460   0.0000278211  -0.0000946828   0.0000099677  -0.0000261940
62  4   0.0000097015   0.0000117351   0.0000010045  -0.0000126696   0.0000396181
62  5   0.0000082890  -0.0000228175  -0.0000318939  -0.0000121493   0.0000543282
62  6   0.0000019003   0.0000506279   0.0000036959   0.0000108229   0.0000122218
62  7  -0.0000058192  -0.0000401085  -0.0000130651  -0.0000226560   0.0000295021
62  8  -0.0000004622   0.0039804966   0.0001616555  -0.0006009717  -0.0389594738
62  9   0.0593788411   0.0039514454  -0.0224350083  -0.0560665492  -0.0053217890
62 10  -0.0007562407  -0.0010071897  -0.0000914915   0.0801780319  -0.0118410305
62 11   0.0005771073   0.0014806062   0.0013754532  -0.0005392824  -0.0019972524
62 12  -0.3273232589  -0.0264182569   0.0048388806  -0.0140089377  -0.0014428420
62 13  -0.0267823107   0.6649885520   0.0520294137   0.0943049577  -0.0968368663
62 14  -0.0031946316  -0.0678399113  -0.2037184749  -0.0164838332  -0.0259530181
62 15  -0.0151980730  -0.0024562800
63  1   0.0000062777   0.0000045293  -0.0000058342   0.0000950487  -0.0000704048
63  2  -0.0000373647   0.0000153125   0.0000456073  -0.0000343915  -0.0000174004
63  3  -0.0000266438   0.0000313714  -0.0000223055   0.0000075807  -0.0000058494
63  4   0.0000014102   0.0000023098  -0.0000231015  -0.0000092793  -0.0000090017
63  5  -0.0000218235   0.0000012074   0.0000122979   0.0000206130  -0.0000436023
63  6   0.0000634380  -0.0000103329  -0.0000052030  -0.0000031444  -0.0000036617
63  7  -0.0000171714  -0.0000158835   0.0001227865  -0.0000035996   0.0000041996
63  8   0.0000043146   0.0000294917  -0.0006390542   0.0074584640  -0.0057768588
63  9   0.0053074056   0.0073222165  -0.0021768078  -0.0053470110  -0.0095559735
63 10  -0.0000481001  -0.0000756228  -0.0003891377   0.0081482439  -0.0008080356
63 11   0.0077613772  -0.0002335465  -0.0004800406   0.0072628398  -0.0024283045
63 12  -0.0245273468  -0.0613910745   0.0006287783  -0.0023813620   0.0017682960
63 13   0.0156818281   0.0520294137   0.1334135015   0.0012670630  -0.0031991536
63 14  -0.0350086681  -0.0127385973  -0.0184195973  -0.0600509361  -0.0023538850
63 15  -0.0014744800   0.0013723689
64  1  -0.0000033830  -0.0000075848   0.0000014174   0.0000120432   0.0000139088
64  2   0.0000160100  -0.0000135820   0.0000125170   0.0000257586  -0.0000003614
64  3  -0.0000040252  -0.0000019971  -0.0000163335   0.0000241608  -0.0000016715
64  4  -0.0000027692  -0.0000102743   0.0000013438  -0.0000095940   0.0000104685
64  5  -0.0000255976  -0.0000002298  -0.0000049388   0.0000021029   0.0000140314
64  6   0.0000125061  -0.0000185820  -0.0000031039  -0.0000067808  -0.0000001335
64  7   0.0000199060   0.0000157847  -0.0000000856  -0.0000001310  -0.0000096860
64  8   0.0000003829  -0.0011092875   0.0006606008   0.0000206286  -0.0020531844
64  9  -0.0045687418  -0.0007411106   0.0005036970  -0.0007128264  -0.0000427985
64 10  -0.0000472791   0.0000743225   0.0000515289   0.0019660438   0.0008178154
64 11  -0.0000894122  -0.0001915191  -0.0001592284  -0.0000244663  -0.0007999048
64 12  -0.0006485330  -0.0001476746   0.0008262435   0.0004240553   0.0001824754
64 13  -0.2947649581   0.0943049577   0.0012670630   0.3133637456  -0.1022368858
64 14  -0.0011708323  -0.0187549949   0.0123162642   0.0005796324   0.0010649050
64 15  -0.0003178564   0.0001160178
65  1   0.0000000051   0.0000073209  -0.0000017115  -0.0000099270  -0.0000206292
65  2  -0.0000313999   0.0000142251  -0.0000075920  -0.0000274570   0.0000021572
65  3  -0.0000016957   0.0000129542   0.0000599988   0.0000014349   0.0000028877
65  4  -0.0000198879  -0.0000115660  -0.0000030559   0.0000128205  -0.0000121178
65  5   0.0000226861   0.0000031122   0.0000008258  -0.0000079683  -0.0000198895
65  6  -0.0000245923   0.0000379794  -0.0000014740   0.0000097521   0.0000017747
65  7  -0.0000538537  -0.0000322333  -0.0000029924  -0.0000028462   0.0000107492
65  8  -0.0000005428  -0.0010916752   0.0003888835  -0.0000249280  -0.0034162995
65  9  -0.0019689227  -0.0010277687  -0.0007329516  -0.0010374864  -0.0000844119
65 10   0.0000835128   0.0001102909   0.0001585681  -0.0003259275  -0.0060804133
65 11  -0.0013448015   0.0016268775  -0.0003736251  -0.0000176272   0.0310985856
65 12  -0.0063727121   0.0001376889  -0.0006019830   0.0011623298   0.0004645707
65 13   0.0944003214  -0.0968368663  -0.0031991536  -0.1022368858   0.0987931422
65 14   0.0041154217  -0.0194650898   0.0113649659   0.0003408174   0.0006770745
65 15   0.0009307569   0.0004784700
66  1  -0.0000048749   0.0000052890  -0.0000025567   0.0000003078  -0.0000058829
66  2  -0.0000110221  -0.0000125307   0.0000038152   0.0000157505   0.0000036445
66  3   0.0000059531  -0.0000080806   0.0000070894   0.0000037589  -0.0000091711
66  4  -0.0000028327  -0.0000020710   0.0000089002   0.0000121573   0.0000013152
66  5   0.0000112054  -0.0000014978  -0.0000049859  -0.0000082608   0.0000016836
66  6  -0.0000038464  -0.0000015212   0.0000038665  -0.0000042904  -0.0000022337
66  7  -0.0000066021  -0.0000046041  -0.0000013249   0.0000004377   0.0000005073
66  8  -0.0000006056  -0.0001497150   0.0000311961   0.0002749627  -0.0006267920
66  9  -0.0010741642   0.0073539493  -0.0000401670  -0.0000652804  -0.0005217590
66 10   0.0000522437   0.0001535459  -0.0014322584  -0.0002078402  -0.0013150108
66 11   0.0074386858   0.0001421951  -0.0000616561   0.0001963879   0.0029920829
66 12  -0.0008382761   0.0019196247   0.0000735795   0.0004872356  -0.0037041729
66 13   0.0012792877  -0.0031946316  -0.0350086681  -0.0011708323   0.0041154217
66 14   0.0253223980  -0.0025594023   0.0013187097   0.0018353957   0.0002145111
66 15   0.0004479523  -0.0036656252
67  1   0.0000007327  -0.0000159797   0.0000144828  -0.0000532916  -0.0000127174
67  2   0.0000295233   0.0000157438  -0.0000402726  -0.0000146537   0.0000157993
67  3   0.0000212594  -0.0000170390   0.0000584115  -0.0000200641   0.0000212878
67  4  -0.0000023393   0.0000036832  -0.0000007960   0.0000131922  -0.0000203734
67  5   0.0000144247   0.0000095553   0.0000171102   0.0000089345  -0.0000301027
67  6  -0.0000045768  -0.0000336779   0.0000005423  -0.0000128159  -0.0000088982
67  7   0.0000143921   0.0000390442  -0.0000043444   0.0000173484  -0.0000203934
67  8   0.0000006736  -0.0182922383   0.0108229141   0.0004505925  -0.3047168174
67  9   0.0401382843  -0.0037148197   0.0161877538   0.0803734004   0.0082290239
67 10   0.0019773663  -0.0003611241  -0.0002094415  -0.0645839446  -0.0092343894
67 11  -0.0026898354  -0.0012344386  -0.0002790214  -0.0000380968   0.0459896619
67 12  -0.0633691432  -0.0050342744   0.0014113624   0.0025900836   0.0000785520
67 13  -0.2535922891  -0.0678399113  -0.0127385973  -0.0187549949  -0.0194650898
67 14  -0.0025594023   0.6604337259  -0.0120933253   0.0153503253  -0.0648851313
67 15   0.0387834183   0.0028660561
68  1   0.0000100582   0.0000054618   0.0000043451  -0.0000566734  -0.0000328210
68  2  -0.0000394512   0.0000405200  -0.0000634759  -0.0000787810  -0.0000018776
68  3   0.0000079851   0.0000051159   0.0000490298  -0.0000597476   0.0000180816
68  4   0.0000262015   0.0000273214  -0.0000046610   0.0000226101  -0.0000400561
68  5   0.0000741788   0.0000012758   0.0000134846  -0.0000013543  -0.0000464483
68  6  -0.0000193833   0.0000370958   0.0000078774   0.0000081854  -0.0000029499
68  7  -0.0000254393  -0.0000157541   0.0000131521   0.0000039917   0.0000115538
68  8  -0.0000012976  -0.0209533310   0.0109375699   0.0002483388   0.1030525915
68  9  -0.1544540348  -0.0063240987   0.0363229316  -0.0122832751  -0.0007319698
68 10   0.0007950289  -0.0059711970  -0.0013034770  -0.0092664868  -0.0004042319
68 11   0.0003694674  -0.0002819300   0.0007227788   0.0001557992  -0.0194310044
68 12  -0.0410872813  -0.0052815568   0.0014872104  -0.0053714059  -0.0012329962
68 13  -0.1307482856  -0.2037184749  -0.0184195973   0.0123162642   0.0113649659
68 14   0.0013187097  -0.0120933253   0.7251143038   0.0585635686   0.0387692104
68 15  -0.3246924719  -0.0273856625
69  1   0.0000044500  -0.0000011247   0.0000005403  -0.0000132642  -0.0000055340
69  2  -0.0000054750   0.0000096923  -0.0000120148  -0.0000109618  -0.0000000333
69  3   0.0000036892  -0.0000041459   0.0000073287  -0.0000217036  -0.0000100677
69  4   0.0000051983   0.0000044585   0.0000031464  -0.0000041260  -0.0000054724
69  5   0.0000181274   0.0000000138  -0.0000000775  -0.0000018652   0.0000028403
69  6  -0.0000041899   0.0000050076  -0.0000003953   0.0000007727   0.0000000291
69  7   0.0000002097  -0.0000023474  -0.0000230717   0.0000007886   0.0000008661
69  8   0.0000009115  -0.0026945524   0.0012443854   0.0018315509   0.0025095161
69  9  -0.0082773601  -0.0585976933   0.0038614508   0.0006617922   0.0068184775
69 10  -0.0001009585  -0.0013524478   0.0073662439  -0.0026727129   0.0003765529
69 11  -0.0075370001  -0.0000501293   0.0001438912  -0.0008145953  -0.0007116284
69 12  -0.0065958145   0.0058652199  -0.0000219870  -0.0011904449   0.0074467206
69 13  -0.0189320274  -0.0164838332  -0.0600509361   0.0005796324   0.0003408174
69 14   0.0018353957   0.0153503253   0.0585635686   0.1327090764   0.0028703684
69 15  -0.0273884294  -0.0368446352
70  1   0.0000013844  -0.0000045977   0.0000045955  -0.0000004488   0.0000053456
70  2   0.0000034665  -0.0000048747  -0.0000067743  -0.0000133565   0.0000012825
70  3   0.0000031390  -0.0000038371  -0.0000016819  -0.0000169214   0.0000015260
70  4   0.0000195964   0.0000136513  -0.0000001803  -0.0000056709  -0.0000051175
70  5   0.0000140194   0.0000011010   0.0000038782   0.0000033546   0.0000000177
70  6   0.0000049915  -0.0000047945   0.0000014247  -0.0000043214  -0.0000033619
70  7   0.0000107163   0.0000071412   0.0000001406   0.0000059148  -0.0000108029
70  8   0.0000007813   0.0011635946  -0.0006484703   0.0000883361   0.0007355048
70  9   0.0307237933   0.0029954696  -0.0055716784   0.0014346135  -0.0002690891
70 10  -0.0001779964   0.0016277044   0.0001475132  -0.0012781332  -0.0002931819
70 11  -0.0000393038   0.0001484909   0.0000148800   0.0000468169  -0.0039302459
70 12  -0.0029427285  -0.0006526937   0.0002146678  -0.0013823339  -0.0001379228
70 13   0.0081605968  -0.0259530181  -0.0023538850   0.0010649050   0.0006770745
70 14   0.0002145111  -0.0648851313   0.0387692104   0.0028703684   0.0643266635
70 15  -0.0420171549  -0.0029124744
71  1   0.0000054144   0.0000071333   0.0000009517  -0.0000108318  -0.0000120394
71  2  -0.0000190526   0.0000060521  -0.0000190479  -0.0000297070  -0.0000003997
71  3   0.0000115519  -0.0000033917   0.0000065300  -0.0000313430   0.0000017936
71  4   0.0000179669   0.0000227023  -0.0000009272   0.0000026950  -0.0000174636
71  5   0.0000319786  -0.0000000719   0.0000117291   0.0000016181  -0.0000127705
71  6  -0.0000101594   0.0000186249   0.0000048947   0.0000071291  -0.0000016153
71  7  -0.0000097146  -0.0000131938   0.0000013554   0.0000027741   0.0000091302
71  8  -0.0000005786   0.0003433858   0.0008337682   0.0004611204  -0.0010608335
71  9  -0.0080163200  -0.0009865660   0.0026137767   0.0014751888  -0.0005292900
71 10  -0.0001184008  -0.0005394774  -0.0000819520  -0.0002980937   0.0007098904
71 11   0.0001603873   0.0000293407  -0.0000561826   0.0001187214  -0.0041300953
71 12  -0.0001289938  -0.0009011827   0.0003437395  -0.0008899325  -0.0001025416
71 13   0.0058162346  -0.0151980730  -0.0014744800  -0.0003178564   0.0009307569
71 14   0.0004479523   0.0387834183  -0.3246924719  -0.0273884294  -0.0420171549
71 15   0.3456057182   0.0302752104
72  1  -0.0000013477   0.0000032397  -0.0000012555  -0.0000183456   0.0000074695
72  2   0.0000069473   0.0000019208  -0.0000181126   0.0000037866   0.0000036548
72  3   0.0000060309  -0.0000045746   0.0000034225  -0.0000044200   0.0000017922
72  4   0.0000026218   0.0000035037   0.0000032174  -0.0000043624   0.0000058946
72  5   0.0000081641  -0.0000018557  -0.0000027737  -0.0000033960   0.0000110452
72  6  -0.0000084993   0.0000069778   0.0000021529  -0.0000011458  -0.0000013267
72  7   0.0000006578   0.0000017109  -0.0000176912   0.0000005693   0.0000008241
72  8   0.0000004532   0.0001867620   0.0004293172  -0.0036940432  -0.0001351820
72  9  -0.0000035655   0.0016509861  -0.0001508893  -0.0005738749   0.0076079588
72 10  -0.0000243384  -0.0000236223   0.0002578300  -0.0000438904   0.0001734059
72 11  -0.0009722162   0.0000514278   0.0001132955  -0.0012684972  -0.0007698821
72 12  -0.0008703044   0.0076193075   0.0000343117  -0.0001501116   0.0002235140
72 13   0.0007819476  -0.0024562800   0.0013723689   0.0001160178   0.0004784700
72 14  -0.0036656252   0.0028660561  -0.0273856625  -0.0368446352  -0.0029124744
72 15   0.0302752104   0.0277099572
$end
