$vibrational normal modes
 1  1   0.1426272607   0.0391435103   0.0801560257   0.3334804175  -0.1153862651
 1  2   0.0751803175   0.1205182486  -0.1123819728   0.0429248165   0.0293940530
 1  3   0.0422624566   0.0538398522   0.0628424819  -0.0523200254   0.0407332823
 1  4  -0.0177184639  -0.0523426501  -0.1631657690  -0.1903285702   0.0488080455
 1  5   0.0138178295   0.0695357681  -0.0006703698  -0.0633851614   0.0098050213
 1  6  -0.0367854461  -0.0912997950   0.0098120718  -0.0049724862   0.0006664021
 1  7  -0.0938684338   0.0406353906   0.0090418082  -0.0587293043  -0.1309001191
 1  8   0.0441951375   0.0013878422  -0.1357660248   0.2651662956  -0.1292573091
 1  9  -0.3197693037  -0.1931839994   0.0006361490  -0.3520409727  -0.0254141563
 1 10   0.2487598438  -0.3943598467   0.1830999096  -0.0133406075  -0.2379615942
 1 11   0.0023182269  -0.3513349147   0.0227085336  -0.3080974438   0.2679839459
 1 12   0.2361441487   0.1168981973  -0.3136506543   0.1584288348  -0.0509288006
 1 13   0.0008598812   0.1705619064  -0.0029090782   0.1310781363   0.2364942152
 1 14  -0.0049969475   0.0137138783  -0.1354078969  -0.2217450305   0.0115301670
 1 15   0.1989012091  -0.0339300665
 2  1  -0.1891401999  -0.1356304001  -0.0248951891   0.0683080544   0.1835521019
 2  2   0.0447368797   0.0648940538  -0.2306796948   0.0883424312  -0.0198915167
 2  3  -0.1137154550   0.4065403293   0.3516945060  -0.2946342314   0.2243340210
 2  4  -0.0972164785   0.0319074483   0.0290406458   0.0222533096  -0.0004570755
 2  5   0.0747733309   0.3912468830  -0.0046300025  -0.3529818073   0.0608267508
 2  6  -0.2143168065  -0.5108607921   0.0516268038  -0.0203326278  -0.0058238116
 2  7  -0.5323717970   0.2274010673   0.0178342361  -0.3691326290  -0.0571985259
 2  8  -0.0577679494   0.0144379757  -0.0073529580  -0.0560308380   0.0324049750
 2  9   0.0604931820   0.0401966878  -0.0007580556   0.0735733227   0.0054843263
 2 10  -0.0521500185   0.0840845726  -0.0375861194   0.0016886141   0.0529959065
 2 11  -0.0000666456   0.0743050915  -0.0051560485   0.0609561928  -0.0630306577
 2 12  -0.0474784421  -0.0322480514   0.0594437660  -0.0366936699   0.0150379671
 2 13  -0.0000122580  -0.0089696061   0.0001204288  -0.0070912571  -0.0122355739
 2 14   0.0003875327  -0.0005718025   0.0065189757   0.0119344410  -0.0004586172
 2 15  -0.0103797371   0.0020877268
 3  1  -0.0751144733  -0.0957100223   0.1106242037  -0.0769237762   0.1590483338
 3  2  -0.2069879130   0.0429229200   0.0358415211  -0.0024655640  -0.0319667281
 3  3  -0.0051454075  -0.0818656981  -0.0220703744   0.0184964208  -0.0147031274
 3  4   0.0067244938   0.2527072170  -0.2141641749  -0.0395281410   0.0172973821
 3  5  -0.0045955540  -0.0255291717   0.0005995304   0.0220688977  -0.0035213878
 3  6   0.0145964703   0.0330790752  -0.0037996535   0.0016330962   0.0011585099
 3  7   0.0341312508  -0.0131182493   0.0040395380   0.0319152394  -0.2410346016
 3  8   0.1007215079  -0.0153760508  -0.2522095152  -0.1814615477   0.1320433220
 3  9   0.0531749641   0.1459225870  -0.0005319773   0.1843594287   0.0128331977
 3 10  -0.1270444859   0.2086676927  -0.0973374963   0.0064477462   0.1249555310
 3 11  -0.0010316148   0.1845966417  -0.0139012074   0.0956996715  -0.2364108714
 3 12  -0.0743987409  -0.1762694316   0.0402633318  -0.1361669524   0.0858912790
 3 13   0.0016390902   0.3279873270  -0.0056284621   0.2485602121   0.4574919642
 3 14  -0.0094876663   0.0273550491  -0.2696055281  -0.4218071724   0.0214419523
 3 15   0.3826677598  -0.0656610103
 4  1   0.0801881388   0.0170927367   0.1207392404   0.2594659661  -0.0543895798
 4  2   0.0553411931   0.0412614034  -0.0653906720   0.0389895602   0.0158480326
 4  3   0.0513885217   0.0242475553   0.0291672773  -0.0242131552   0.0185977129
 4  4  -0.0080015108   0.1870853459  -0.0946016585   0.0297018554  -0.0020003634
 4  5  -0.0005710797  -0.0063713764   0.0009173047  -0.0364158384  -0.0019408379
 4  6   0.0066986546   0.0135037505  -0.0013319587   0.0001765510   0.0010768505
 4  7   0.0173563545  -0.0070924963   0.0029156884   0.0141112176  -0.1124321290
 4  8   0.0486191275  -0.0063373738  -0.1327637660   0.0280778710   0.0000272351
 4  9  -0.0861984411  -0.0157273520   0.0001829437  -0.0264606914  -0.0028596447
 4 10   0.0291962321  -0.0433229769   0.0191891667   0.0101307708   0.2645435992
 4 11  -0.0001292920   0.0522005583  -0.0069030928   0.0542826395  -0.1149195461
 4 12  -0.0421341463  -0.1702635325   0.1584693134  -0.1605510147   0.0793795825
 4 13  -0.0000809890  -0.0142241887   0.0002260453  -0.0122272626  -0.0195031956
 4 14   0.0004511711  -0.0009568423   0.0097813324   0.0210307854  -0.0012161149
 4 15  -0.0182135781   0.0030442447
 5  1  -0.1097489691  -0.0751742035  -0.0271841885   0.0401850791   0.1641331550
 5  2   0.0759861660   0.0602508938  -0.1400383776   0.0491595205  -0.0897679330
 5  3  -0.0563543435   0.2453144182   0.1599701138  -0.1342893289   0.1015821795
 5  4  -0.0436225157  -0.0258220272   0.0015845863  -0.0154001929   0.0036339621
 5  5  -0.0064776023  -0.0349700400   0.0038318463  -0.2001096505  -0.0087660224
 5  6   0.0321779668   0.0769342502  -0.0080607493   0.0039416852   0.0010527576
 5  7   0.0968796101  -0.0415175397  -0.0031078945   0.0518631986   0.0156815360
 5  8   0.0041885888  -0.0016955180   0.0108810769  -0.0088338752   0.0034925394
 5  9   0.0119152420   0.0061386017   0.0000650377   0.0058493020   0.0005788112
 5 10  -0.0058442373   0.0093593146  -0.0043996975  -0.0021094431  -0.0568360656
 5 11   0.0000165199  -0.0111054978   0.0014715194  -0.0148758079   0.0195813307
 5 12   0.0115910955   0.0299889015  -0.0406158623   0.0311411707  -0.0137546816
 5 13  -0.0000084832   0.0007797515  -0.0000125178   0.0008471605   0.0009263429
 5 14  -0.0000678715  -0.0000063369  -0.0001177075  -0.0013624486   0.0000497898
 5 15   0.0009813652  -0.0002420423
 6  1  -0.0406057831  -0.0826228564   0.0894844398  -0.0392429421   0.1268431945
 6  2  -0.1958390918   0.0839613453   0.0138596688  -0.0014529017  -0.0269131500
 6  3  -0.0083618719  -0.0707858029  -0.0096911500   0.0082305745  -0.0065161106
 6  4   0.0031481857   0.1277252736  -0.2516150694  -0.1554076833   0.0439297360
 6  5   0.0005387674   0.0023262372  -0.0000167360   0.0120937349   0.0006436136
 6  6  -0.0014399318  -0.0052967899   0.0004098147  -0.0003926252   0.0009829210
 6  7  -0.0064956652   0.0042151869   0.0059655569   0.0049302806  -0.2234511407
 6  8   0.0899847682  -0.0143418957  -0.2559589279  -0.0542117607   0.0597502221
 6  9  -0.0616959721   0.0498583975  -0.0001321424   0.0134776834   0.0011103739
 6 10  -0.0117183690   0.0242608607  -0.0115158955  -0.0055839668  -0.1390625876
 6 11   0.0001794224  -0.0273388449   0.0020823004  -0.0826191617  -0.0180938651
 6 12   0.0629095279  -0.0140668974  -0.1955786970   0.0363409725   0.0115601042
 6 13  -0.0001344158  -0.0271413573   0.0004957596  -0.0204654570  -0.0392707004
 6 14   0.0007697685  -0.0025677782   0.0250675177   0.0368547729  -0.0018528359
 6 15  -0.0348482268   0.0060318432
 7  1   0.0789429883   0.0154119433   0.1241390148   0.2419046031  -0.0546634103
 7  2   0.0578075320   0.0427730242  -0.0621517436   0.0147066116   0.0173511530
 7  3   0.0932134696   0.0125793669  -0.0258026728   0.0246392654   0.0229241179
 7  4  -0.0002839179   0.1840479972  -0.1318270489  -0.0061407451   0.0068818696
 7  5  -0.0014227837  -0.0058963100  -0.0003046829   0.0361277774  -0.0025507720
 7  6   0.0049081536   0.0068664232   0.0127514844   0.0000113996  -0.0014626526
 7  7  -0.0158662113  -0.0109893855  -0.0037513613  -0.0120407297   0.1288604136
 7  8  -0.0521737022  -0.0285758435  -0.1502950626   0.0153683827  -0.0341167828
 7  9   0.0838984284  -0.0208870436  -0.0003503504   0.0254508927   0.0013306889
 7 10   0.0280956828   0.0377593050  -0.0254816575  -0.0088102541  -0.2532241187
 7 11  -0.0004104834   0.0502054773   0.0010079607   0.0791356010   0.0849011890
 7 12  -0.0598862497   0.2133633678  -0.0143758341   0.1578652564  -0.1032266335
 7 13   0.0000607946  -0.0166291649   0.0001225993   0.0121248510  -0.0212493437
 7 14  -0.0001255874  -0.0014915579   0.0127904308  -0.0242358992   0.0023730683
 7 15   0.0206443057  -0.0032972424
 8  1  -0.0865070225  -0.0718326748  -0.0240909917  -0.0304917921   0.1379166813
 8  2   0.0993808406   0.0986347438  -0.1324585976  -0.0855951858  -0.0801409518
 8  3   0.1760550451   0.1826165032  -0.1435234667   0.1369013301   0.1266299243
 8  4  -0.0034981980  -0.0498141121   0.0226460660  -0.0087546712  -0.0000815290
 8  5  -0.0051410050  -0.0327765760  -0.0015512649   0.2015154568  -0.0160458859
 8  6   0.0319743771   0.0372125106   0.0675236539  -0.0024501184  -0.0019709058
 8  7  -0.0849447094  -0.0600517009   0.0042291208  -0.0531902972  -0.0482321292
 8  8   0.0035956363   0.0111232068   0.0382311804   0.0012550130   0.0040643001
 8  9  -0.0196842904   0.0005909371   0.0001520290  -0.0034505163  -0.0001833827
 8 10  -0.0043107061  -0.0051214216   0.0034376549   0.0010238165   0.0353847357
 8 11  -0.0000406421  -0.0070766836  -0.0004329969  -0.0093381871  -0.0183850218
 8 12   0.0071411809  -0.0308578366   0.0123924562  -0.0253538369   0.0147199402
 8 13  -0.0000194523   0.0047733439  -0.0000546160  -0.0033070289   0.0062453683
 8 14   0.0000230306   0.0004789838  -0.0040379252   0.0067915420  -0.0007119153
 8 15  -0.0059387063   0.0008882207
 9  1   0.0671269414  -0.0358816059   0.0309097977   0.0636174944   0.0367554900
 9  2  -0.1611112355   0.1930341058  -0.0304388900   0.0030810023  -0.0262008220
 9  3  -0.0219718208  -0.0656031837   0.0086622700  -0.0083503443  -0.0081271877
 9  4   0.0006083159  -0.2592139229  -0.0051605503  -0.1690038579   0.0363288134
 9  5   0.0002434197   0.0021844644  -0.0001659067  -0.0120958222   0.0007963177
 9  6  -0.0018576487  -0.0028270863  -0.0044720226  -0.0003155028   0.0008662633
 9  7   0.0056835164   0.0046234794   0.0043832993   0.0078810063  -0.2092525107
 9  8   0.0819953338   0.0481666138   0.2398081049   0.0627049865  -0.0313015043
 9  9  -0.0726197459  -0.0459981497  -0.0010773389   0.0160329617   0.0004705919
 9 10   0.0143831139   0.0270123655  -0.0162927841  -0.0059210845  -0.1635545866
 9 11  -0.0003072670   0.0324502748  -0.0046811118   0.0787091485  -0.0471400383
 9 12  -0.0609158109   0.1233758837   0.1590367037   0.0517564253  -0.0639625506
 9 13  -0.0000820621   0.0262973267  -0.0002959997  -0.0164509351   0.0358127433
 9 14   0.0001428731   0.0029818999  -0.0258581292   0.0358213154  -0.0038763864
 9 15  -0.0328304701   0.0051623307
10  1   0.1403413282   0.0361504304   0.0862105571   0.3021935995  -0.1158798156
10  2   0.0795770497   0.1232191646  -0.1066944044  -0.0002089771   0.0324271828
10  3   0.1177287420   0.0336786145  -0.0580297875   0.0551739745   0.0509720801
10  4  -0.0011128475   0.1440733898   0.1126041366   0.1931459443  -0.0451526707
10  5   0.0137061099   0.0726808338  -0.0027358215   0.0608626752   0.0185736297
10  6  -0.0401661044  -0.0462811643  -0.0811238371   0.0018535542  -0.0002006238
10  7   0.0857382618   0.0594222318  -0.0131996319   0.0683148663   0.1580547379
10  8  -0.0416746585  -0.0294191450  -0.1451916733   0.2216100409  -0.2397642184
10  9   0.2363184945  -0.2108069515  -0.0107192076   0.3359140143   0.0085314189
10 10   0.2388721866   0.3515867554  -0.2258858093   0.0055803111   0.2247536975
10 11   0.0013258797  -0.3371127478   0.0078182541  -0.3534753440  -0.0916041025
10 12   0.2685778619  -0.2590013138  -0.1605557313  -0.1503229635   0.1283780187
10 13  -0.0006215803   0.1988427581  -0.0017356802  -0.1292246781   0.2576591396
10 14   0.0012832665   0.0193901418  -0.1676491069   0.2589662094  -0.0266926563
10 15  -0.2250563249   0.0356573832
11  1  -0.1471783201  -0.1296782918  -0.0193952908  -0.0573734920   0.1369309865
11  2   0.0863423090   0.1331469786  -0.2180658439  -0.1520112165  -0.0023143061
11  3   0.3042138014   0.2940590884  -0.3168072894   0.3006124874   0.2811752404
11  4  -0.0098120996  -0.0345002521  -0.0005628958  -0.0455034255   0.0150078091
11  5   0.0759802083   0.3964734547  -0.0120903978   0.3371912868   0.1037837339
11  6  -0.2095886787  -0.2486581838  -0.4461920205   0.0114208893   0.0127778870
11  7   0.4667686959   0.3207298425  -0.0175108808   0.3763886196   0.0399117988
11  8   0.0867583907  -0.0119150077   0.0625546261  -0.0291967116   0.0336522522
11  9  -0.0413710710   0.0310551374   0.0003507345  -0.0481493905  -0.0017518349
11 10  -0.0341263133  -0.0491544250   0.0324344716   0.0003678979  -0.0299468436
11 11   0.0000839544   0.0478485467  -0.0018843309   0.0514710625   0.0052150836
11 12  -0.0401038309   0.0348832360   0.0339820956   0.0179254383  -0.0176815054
11 13   0.0001807743  -0.0575874552   0.0006166439   0.0372108470  -0.0748123190
11 14  -0.0003619952  -0.0057928514   0.0490550154  -0.0747619826   0.0078564164
11 15   0.0652273158  -0.0100154882
12  1   0.1162605217  -0.0125355486   0.0064605639   0.1059855558  -0.0011595884
12  2  -0.1452113041   0.2368636704  -0.0426048621   0.0057927336  -0.0307824307
12  3  -0.0299579237  -0.0726563918   0.0199976484  -0.0188753335  -0.0185729737
12  4   0.0012836338  -0.2854544608   0.1507027707  -0.0376530377   0.0010518739
12  5  -0.0047876117  -0.0263784341   0.0001412269  -0.0212827930  -0.0078538715
12  6   0.0137719276   0.0155411490   0.0297080236  -0.0018359737  -0.0009205783
12  7  -0.0305247435  -0.0200635232   0.0029150202  -0.0186723503  -0.2335025238
12  8   0.0844134517   0.0539597937   0.2354458623   0.2004063447  -0.1651876166
12  9   0.0167891461  -0.1721554961  -0.0077163594   0.2172451925   0.0050908330
12 10   0.1509906778   0.2302655299  -0.1461101973   0.0031913152   0.1456766175
12 11   0.0007972698  -0.2184952423  -0.0014686516  -0.1954800312  -0.1839494630
12 12   0.1469891971  -0.1841986249   0.0828468882  -0.1531091279   0.0863657226
12 13   0.0010059237  -0.3189243867   0.0029004907   0.2038161931  -0.4161514465
12 14  -0.0018973859  -0.0319032557   0.2770036355  -0.4117345878   0.0430552943
12 15   0.3612267217  -0.0570404887
13  1  -0.0012550553  -0.0129211426   0.1762923052   0.1464985780   0.0235855097
13  2   0.0324179012  -0.0588711933  -0.0016533494   0.0091869133  -0.0005270982
13  3   0.1059386673  -0.0246618825  -0.0028803056  -0.0005565009  -0.0419990099
13  4   0.0079367303  -0.1150116115  -0.1997965890  -0.2583340466   0.0630741282
13  5  -0.0015034683  -0.0058993850   0.0004369211  -0.0358701897  -0.0008803110
13  6  -0.0003003415  -0.0068538472   0.0128598349   0.0000568960  -0.0002089973
13  7  -0.0015771997   0.0171095796  -0.0041430720   0.0003659979   0.2481993770
13  8  -0.0989393418   0.0124551800   0.2853430058  -0.0773463092   0.0589208167
13  9   0.0103276037   0.0662336360   0.0011246994   0.0010322133   0.0005808054
13 10   0.0020724423   0.0024216732  -0.0030638728  -0.0002334993  -0.0112469301
13 11  -0.0000581205  -0.0021085936   0.0028317818  -0.0706721087   0.0120533428
13 12   0.0545079434  -0.0987407090   0.0530266922  -0.0846995144   0.0458103080
13 13  -0.0001600587   0.0378705265   0.0008491926  -0.0500719957   0.0015076944
13 14   0.0012005735  -0.0050225449   0.0469443284   0.0018940226   0.0028205236
13 15   0.0327095200  -0.0051761148
14  1   0.0135286066   0.0058376370  -0.0270346122  -0.0665610542   0.1129907632
14  2   0.1395087189   0.0926352007  -0.0169169853  -0.1330776408  -0.1723737154
14  3   0.2482092468  -0.0184943970  -0.0160988479  -0.0027326455  -0.2313305493
14  4   0.0440818195   0.0120853528   0.0395184130   0.0476689275  -0.0132990538
14  5  -0.0067079053  -0.0338355012   0.0032780513  -0.2015455349  -0.0056678430
14  6  -0.0002843853  -0.0388035404   0.0725723058  -0.0006067661   0.0006890688
14  7  -0.0090975945   0.1023742525  -0.0009712110   0.0611281262  -0.0295530698
14  8   0.0292273970  -0.0079844539  -0.0455418376   0.0126348450  -0.0119627166
14  9   0.0030511406  -0.0107624725  -0.0004853471  -0.0021265053  -0.0003368278
14 10  -0.0041371283  -0.0004117030   0.0014291911   0.0003946282   0.0204240231
14 11  -0.0001936410   0.0040294511  -0.0003687745   0.0139939713   0.0065129506
14 12  -0.0106174272   0.0113170603  -0.0277130165   0.0151160853  -0.0043612188
14 13   0.0000340322  -0.0067473344  -0.0001765230   0.0089323403  -0.0003745009
14 14  -0.0002028741   0.0009241403  -0.0083682964  -0.0005391152  -0.0005077613
14 15  -0.0058336069   0.0008734654
15  1   0.1118935693  -0.0187053296   0.0037784427   0.1119220504  -0.0046083857
15  2  -0.1466634678   0.2455358431  -0.0582281274   0.0042753218  -0.0199362350
15  3  -0.0261147202  -0.0526707950   0.0010152663  -0.0000876252   0.0140206320
15  4  -0.0020443680  -0.1339404625   0.0729959099  -0.0166566336   0.0005091585
15  5  -0.0001042934   0.0021499107  -0.0005855806   0.0121017736   0.0005193065
15  6  -0.0006532898   0.0027920815  -0.0041200424   0.0004123309  -0.0008121541
15  7   0.0005475231  -0.0063421571  -0.0019140024  -0.0041560964   0.0102475591
15  8  -0.0055961034   0.0004802107   0.0136604759  -0.0076758751  -0.0154860878
15  9   0.0827111079  -0.0015095455   0.0007769299  -0.0299888950   0.0016672675
15 10  -0.0626387853   0.0041316578   0.0074825551   0.0112013002   0.3027987028
15 11   0.0000470484   0.0601224882   0.0051428980   0.0197726378   0.1441964324
15 12  -0.0134658792  -0.1045128974  -0.3043548009  -0.0025569283   0.0601323663
15 13  -0.0000085808   0.0018920048   0.0000479645  -0.0024597822  -0.0017002720
15 14   0.0000799023  -0.0002552566   0.0022973134  -0.0032728688   0.0003186046
15 15   0.0017206258  -0.0002280894
16  1  -0.0021649730  -0.0142292680   0.1789396950   0.1327757692   0.0233496036
16  2   0.0343558167  -0.0576597689   0.0010313037  -0.0090075720   0.0006826737
16  3   0.1390308540  -0.0336103311  -0.0064929995  -0.0012036035  -0.0918542609
16  4   0.0171544246  -0.1247219785  -0.1887663911  -0.2598991346   0.0647749232
16  5   0.0138368529   0.0706776078  -0.0012658146  -0.0638116473   0.0068265762
16  6   0.0002042111   0.0475522186  -0.0890099698   0.0005435193  -0.0010132936
16  7   0.0078014537  -0.1019631440  -0.0022727470  -0.0852554641   0.2509129892
16  8  -0.1241481744   0.0180888448   0.2759339083  -0.0811647023   0.0676311680
16  9  -0.0050080382   0.0703162356   0.0016183939   0.0148891987   0.0007602578
16 10   0.0205830937   0.0010757133  -0.0060052339   0.0008266355   0.0095082086
16 11   0.0000946013   0.0148042020   0.0045089419  -0.0819944959   0.0403989716
16 12   0.0636550226  -0.1176511758   0.0316696609  -0.0935983763   0.0555415275
16 13   0.0017988646  -0.4526165761  -0.0092666625   0.5858844902  -0.0168134441
16 14  -0.0143208246   0.0557030298  -0.5252865246  -0.0198944790  -0.0312397329
16 15  -0.3557591799   0.0564098210
17  1   0.0312994818   0.0084359789  -0.0246258097  -0.1215951909   0.0925772652
17  2   0.1577241676   0.1225248671  -0.0112614160  -0.2345325756  -0.1653864646
17  3   0.4301440370  -0.0675052778  -0.0358947931  -0.0063527334  -0.5059432133
17  4   0.0949846052   0.0418569230   0.0379507941   0.0364538534  -0.0020036328
17  5   0.0775378909   0.3884120434  -0.0060626858  -0.3549719647   0.0372527371
17  6   0.0021026099   0.2612464812  -0.4885108707   0.0026383444  -0.0041494466
17  7   0.0426368332  -0.5531493806   0.0099390246  -0.4069689113  -0.1399871594
17  8  -0.0606238302   0.0392907669  -0.0818920219   0.0175754359  -0.0134342507
17  9   0.0335044405  -0.0228706574   0.0041642820  -0.0263911109   0.0046384014
17 10  -0.0378803820   0.0007412938   0.0022780576   0.0015297203  -0.0189259630
17 11   0.0022830425  -0.0268163206   0.0003455560   0.0096100341  -0.0389846210
17 12  -0.0082126055   0.0290963202   0.0174787694   0.0158214775  -0.0167197668
17 13  -0.0002158347   0.0807875088   0.0016225062  -0.1045869042   0.0031291568
17 14   0.0027384833  -0.0098316102   0.0938457373   0.0038372824   0.0057678155
17 15   0.0635486648  -0.0100492792
18  1   0.1961992191   0.0177553790  -0.0418358598   0.1920143060  -0.0747681154
18  2  -0.1195970426   0.3304477258  -0.0929435025   0.0076440301  -0.0196058101
18  3  -0.0369723707  -0.0491640763   0.0021989348  -0.0004942724   0.0303572546
18  4  -0.0054165612   0.1901996897  -0.1360821654  -0.0057304542   0.0067107671
18  5  -0.0065984944  -0.0227794206   0.0011818745   0.0211528315   0.0008599038
18  6  -0.0022716131  -0.0139579716   0.0303500435   0.0036295237  -0.0021715530
18  7  -0.0026498006   0.0327274564  -0.0061065241   0.0238863532   0.0144107313
18  8  -0.0006916042  -0.0045833825   0.0162083869  -0.0301473689  -0.1148318162
18  9   0.5301491135  -0.0261418461   0.0074761146  -0.4045124351   0.0145390028
18 10  -0.5678866226   0.0349761874   0.0716292722  -0.0104529099  -0.2683671115
18 11   0.0005568088  -0.4008803465  -0.0185248105  -0.0887527493  -0.5252642781
18 12   0.0618881275   0.1216641759   0.3950638644  -0.0070254880  -0.0711128830
18 13   0.0000790246  -0.0220620687  -0.0004530829   0.0285036992   0.0014030505
18 14  -0.0007468510   0.0026984112  -0.0255436271   0.0037853019  -0.0018000228
18 15  -0.0174741406   0.0026886773
19  1  -0.0803259345  -0.0395888975   0.2250791350   0.0684130795   0.1020729950
19  2   0.0046110830  -0.1619628889   0.0553208196   0.0274658992  -0.0201128984
19  3   0.0773373612  -0.0505839524   0.0287607158  -0.0242081305   0.0182920472
19  4  -0.0075353205  -0.1872510435   0.0941282481  -0.0293316545   0.0021325838
19  5  -0.0010032970  -0.0059090308  -0.0003156431   0.0361840389   0.0015310997
19  6  -0.0052105201  -0.0142799714   0.0016504392   0.0003329730   0.0008672001
19  7   0.0167772103  -0.0074167211  -0.0003024492  -0.0130400651   0.1146311062
19  8  -0.0461854634  -0.0238724538  -0.1324906785   0.0281706294   0.0000908720
19  9  -0.0859141557  -0.0149068074   0.0005899350  -0.0272501512   0.0028048306
19 10  -0.0291190934   0.0429436632  -0.0192312901   0.0103003943   0.2646614199
19 11   0.0000814168  -0.0525683638  -0.0062773023   0.0533065601  -0.1154392161
19 12  -0.0421414790   0.1704041154  -0.1579509697   0.1608435249  -0.0778884857
19 13   0.0000870813  -0.0158464923   0.0000185487   0.0109709486   0.0182054640
19 14  -0.0005454549  -0.0011367456   0.0104461805   0.0225054544  -0.0002523987
19 15   0.0164986051  -0.0030791891
20  1   0.0910684398   0.0802023909  -0.0330736840  -0.0319510122   0.1142767363
20  2   0.1562545078   0.0482383311   0.0909097642  -0.0494477733  -0.2772427100
20  3   0.0898634674  -0.1557565191   0.1595596841  -0.1339183825   0.1015504002
20  4  -0.0399305764   0.0259766482  -0.0030601161   0.0147422523  -0.0038976824
20  5  -0.0075168966  -0.0318453401  -0.0015567212   0.2016479742   0.0105421115
20  6  -0.0324172529  -0.0774802553   0.0085658104   0.0035672213   0.0017854423
20  7   0.0913004961  -0.0402800132   0.0006108249  -0.0615512342  -0.0210684670
20  8  -0.0084300518   0.0042447766   0.0045094034  -0.0082538614   0.0032554638
20  9   0.0118801963   0.0054435042  -0.0000813899   0.0056909694  -0.0006510084
20 10   0.0060152134  -0.0091174586   0.0040437203  -0.0022906583  -0.0556761913
20 11  -0.0000711326   0.0110831025   0.0013143945  -0.0143658829   0.0198667829
20 12   0.0112830080  -0.0298202504   0.0400054672  -0.0311858454   0.0133066392
20 13  -0.0000165265   0.0011910266  -0.0000054582  -0.0010204711  -0.0012357277
20 14   0.0000179228   0.0000482025  -0.0004431237  -0.0018649345   0.0000102625
20 15  -0.0012329318   0.0001750256
21  1   0.0494551335  -0.0480292055   0.0352108729   0.0573509283   0.0440798291
21  2  -0.1668520243   0.1888821685  -0.0410897104   0.0011735311  -0.0144507373
21  3  -0.0168647270  -0.0455196571  -0.0094877806   0.0078142574  -0.0053948123
21  4   0.0027131486  -0.1275710471   0.2517993585   0.1550605226  -0.0439273287
21  5   0.0004981905   0.0017205396  -0.0000537100  -0.0121405710  -0.0006828650
21  6   0.0018755157   0.0042500053  -0.0007179118  -0.0002280056  -0.0000047845
21  7  -0.0052916826   0.0016431842  -0.0025669347  -0.0010112420   0.2240076665
21  8  -0.0852816339  -0.0503946307  -0.2533394565  -0.0540568501   0.0592682585
21  9  -0.0605143544   0.0517381638   0.0005540379   0.0140343567  -0.0008584428
21 10   0.0112500060  -0.0247180168   0.0110269443  -0.0051852849  -0.1388242494
21 11   0.0001963225   0.0276379304   0.0023186955  -0.0826665182  -0.0175321448
21 12   0.0629796398   0.0133071274   0.1955087839  -0.0378538117  -0.0133106642
21 13   0.0001618245  -0.0302683616   0.0001557163   0.0176385412   0.0372608533
21 14  -0.0010270152  -0.0028903879   0.0261146857   0.0400104170  -0.0000072219
21 15   0.0318101475  -0.0056410937
22  1  -0.1426244360  -0.0616608070   0.2657158352  -0.0062398096   0.1628937526
22  2  -0.0150576396  -0.2409361121   0.1025401658   0.0227992240  -0.0351414078
22  3   0.0885364369  -0.0804782928   0.0639531740  -0.0537027353   0.0406675207
22  4  -0.0166404323   0.0542743651   0.1672326001   0.1876972354  -0.0462535469
22  5   0.0159515707   0.0711207002  -0.0024798890   0.0617055544  -0.0122621957
22  6   0.0402879769   0.0932441591  -0.0090877577  -0.0034004243  -0.0002341211
22  7  -0.0884020486   0.0388098763   0.0017692019   0.0759023940   0.1472539910
22  8  -0.0342840783  -0.0220740074  -0.1266877429   0.2644280292  -0.1281122926
22  9  -0.3199077309  -0.1917779990   0.0013148612  -0.3575730309   0.0217529230
22 10  -0.2481729716   0.3937403606  -0.1717951180  -0.0120514312  -0.2368562957
22 11   0.0006401457   0.3522231357   0.0211315600  -0.3067632559   0.2695924846
22 12   0.2360908874  -0.1194693317   0.3120643616  -0.1619258627   0.0463209675
22 13  -0.0009914615   0.1894208000  -0.0006031420  -0.1142044267  -0.2224418424
22 14   0.0063471322   0.0156003279  -0.1414016244  -0.2386647002   0.0010611736
22 15  -0.1803778505   0.0324106332
23  1   0.1695046522   0.1406979001  -0.0353693403  -0.0599813138   0.0948855239
23  2   0.1874893320   0.0435301229   0.1823699431  -0.0870633109  -0.3556368597
23  3   0.1490517620  -0.3134918089   0.3519468186  -0.2939488467   0.2250871485
23  4  -0.0895842848  -0.0185363613  -0.0055912085  -0.0410468223   0.0144816048
23  5   0.0846111595   0.3930668982  -0.0170367896   0.3436428799  -0.0679521764
23  6   0.2129848497   0.5150118535  -0.0538884578  -0.0179015742  -0.0111751892
23  7  -0.4879535436   0.2146289232  -0.0073495640   0.4178785574   0.0775763134
23  8   0.0787564465  -0.0195615713   0.0342211575  -0.0587212663   0.0310579557
23  9   0.0611190326   0.0462082968  -0.0005318481   0.0758260080  -0.0044764376
23 10   0.0522333532  -0.0832511236   0.0362847756   0.0035050263   0.0488958598
23 11   0.0000628848  -0.0745118687  -0.0047493080   0.0606009021  -0.0624310150
23 12  -0.0471618703   0.0313803138  -0.0585650879   0.0370215992  -0.0133260053
23 13   0.0000905472  -0.0142297165   0.0001307930   0.0088398918   0.0165433675
23 14  -0.0004361055  -0.0012054420   0.0101096414   0.0181971322   0.0000255074
23 15   0.0135814164  -0.0021084237
24  1   0.0847227999  -0.0342565099   0.0141061965   0.0948648323   0.0118705850
24  2  -0.1554627801   0.2295394729  -0.0618461562   0.0021367250  -0.0098582612
24  3  -0.0202896535  -0.0361759833  -0.0201137946   0.0168806841  -0.0121792730
24  4   0.0054596826  -0.2532777700   0.2128103213   0.0400351796  -0.0179850769
24  5  -0.0044573748  -0.0216827359   0.0004517266  -0.0197411216   0.0032485399
24  6  -0.0119462903  -0.0284825745   0.0023206577   0.0007385679   0.0001442541
24  7   0.0266873540  -0.0124942327  -0.0041826325  -0.0292615966   0.2361814547
24  8  -0.0982699849  -0.0541689283  -0.2521330840  -0.1810317028   0.1308520905
24  9   0.0547680609   0.1480641072   0.0002675456   0.1875727879  -0.0107036082
24 10   0.1263585389  -0.2090607273   0.0911015240   0.0065604948   0.1245383813
24 11  -0.0000974961  -0.1850360724  -0.0122591079   0.0945822523  -0.2370165695
24 12  -0.0741614629   0.1767895246  -0.0392394450   0.1364759920  -0.0844259322
24 13  -0.0019336301   0.3656976668  -0.0013114031  -0.2162144966  -0.4327553080
24 14   0.0121590652   0.0310819854  -0.2818971588  -0.4564831627   0.0013165171
24 15  -0.3486698383   0.0622015840
25  1  -0.0791736860  -0.0379111471   0.2216848203   0.0859696978   0.1023575018
25  2   0.0021401808  -0.1634889125   0.0514837222   0.0517341477  -0.0219030785
25  3   0.0354937948  -0.0395081937  -0.0260261193   0.0245132519   0.0235287338
25  4  -0.0001230080  -0.1842017811   0.1315061635   0.0061791694  -0.0067256237
25  5  -0.0019969732  -0.0060499022   0.0003268781  -0.0364246306   0.0028573843
25  6  -0.0065505763  -0.0066061784  -0.0117016117  -0.0002241706  -0.0009345799
25  7  -0.0144695398  -0.0105300159   0.0003072862   0.0161333089  -0.1300516904
25  8   0.0553250861  -0.0084084303  -0.1507422858   0.0153053188  -0.0341697702
25  9   0.0835834027  -0.0218143537  -0.0003168363   0.0261245640  -0.0011257576
25 10  -0.0281228932  -0.0373081726   0.0249603697  -0.0090940733  -0.2538141395
25 11  -0.0005200632  -0.0500948074   0.0002908805   0.0801427980   0.0852236556
25 12  -0.0597788519  -0.2119932287   0.0143673580  -0.1559216000   0.1040109684
25 13  -0.0000998385  -0.0175571576   0.0001698024  -0.0148608411   0.0212761801
25 14  -0.0002266670  -0.0012972481   0.0105013741  -0.0248976452   0.0010706649
25 15  -0.0188284582   0.0035602736
26  1   0.0687499690   0.0768696547  -0.0361681906   0.0387427423   0.1404980149
26  2   0.1328578035   0.0098420814   0.0828778212   0.0856114348  -0.2861954101
26  3  -0.1417784022  -0.0926062361  -0.1431260109   0.1366267242   0.1284795805
26  4  -0.0008471155   0.0486200293  -0.0231291527   0.0082083910  -0.0004250596
26  5  -0.0078045627  -0.0341698157   0.0032484520  -0.2004070567   0.0144604087
26  6  -0.0313070656  -0.0372472587  -0.0669368630  -0.0036642129  -0.0014446748
26  7  -0.0800812115  -0.0624425441  -0.0001552873   0.0588571735   0.0465849495
26  8  -0.0062971079   0.0009065838   0.0448951340   0.0007060768   0.0041529274
26  9  -0.0194808032   0.0016511175   0.0002525706  -0.0038475080   0.0001777115
26 10   0.0040690080   0.0051236640  -0.0037633086   0.0014229037   0.0364985634
26 11   0.0000133969   0.0071258827  -0.0002664680  -0.0097678236  -0.0181570874
26 12   0.0073635159   0.0311580694  -0.0121558291   0.0252108020  -0.0150721707
26 13   0.0000076088   0.0047292059  -0.0000540644   0.0038425560  -0.0058283266
26 14   0.0000231735   0.0003726478  -0.0031321961   0.0065275711  -0.0003467188
26 15   0.0050638639  -0.0010622866
27  1  -0.0584232634  -0.0947848868   0.0937999958  -0.0455345129   0.1341900390
27  2  -0.2015895187   0.0797837158   0.0032364632  -0.0033953799  -0.0150967787
27  3  -0.0032920729  -0.0507807155   0.0086159499  -0.0080970852  -0.0070557663
27  4   0.0006408987   0.2589637748   0.0049674118   0.1692478303  -0.0363064141
27  5   0.0006330503   0.0018798493  -0.0000213610   0.0119290942  -0.0007477819
27  6   0.0019929817   0.0019763101   0.0037483178   0.0001134354   0.0001909604
27  7   0.0048686141   0.0022133579  -0.0025411042  -0.0112473552   0.2116125808
27  8  -0.0860298000   0.0147795268   0.2419985763   0.0631203780  -0.0318464365
27  9  -0.0717270163  -0.0442209110  -0.0000442390   0.0166523003  -0.0004638992
27 10  -0.0142025669  -0.0265312996   0.0167264228  -0.0056132528  -0.1645972663
27 11  -0.0004470220  -0.0324763387  -0.0048072847   0.0793510425  -0.0472750354
27 12  -0.0606356895  -0.1221532901  -0.1579186268  -0.0504096642   0.0655635698
27 13   0.0001346213   0.0280140190  -0.0003029722   0.0210843987  -0.0358830101
27 14   0.0004800243   0.0026807939  -0.0222826228   0.0368160556  -0.0018016263
27 15   0.0302357201  -0.0057700894
28  1  -0.1405720302  -0.0586777275   0.2596800033   0.0250019870   0.1634102347
28  2  -0.0194595456  -0.2436657138   0.0958368373   0.0658082845  -0.0378608913
28  3   0.0136956758  -0.0598308318  -0.0563317859   0.0535019278   0.0511359512
28  4  -0.0006832003  -0.1412604253  -0.1092342503  -0.1963800536   0.0478081073
28  5   0.0138425589   0.0693492004  -0.0016011077  -0.0646103224  -0.0168209480
28  6   0.0358018735   0.0446361063   0.0801927191   0.0044460015  -0.0004146488
28  7   0.0763659753   0.0614396256  -0.0030935421  -0.0664914270  -0.1550784261
28  8   0.0496723061  -0.0030515959  -0.1540980385   0.2234929686  -0.2415010625
28  9   0.2367281243  -0.2131593233  -0.0072120383   0.3436875954  -0.0106677965
28 10  -0.2362315529  -0.3407615794   0.2303407050   0.0042407554   0.2302866586
28 11   0.0027919865   0.3368296510   0.0097549505  -0.3544226272  -0.0911566140
28 12   0.2671179370   0.2555991091   0.1593642220   0.1452458374  -0.1325091345
28 13   0.0010763897   0.2108262385  -0.0020911234   0.1622686161  -0.2577262840
28 14   0.0030779737   0.0172343441  -0.1420148590   0.2657819666  -0.0124462041
28 15   0.2064049229  -0.0388888107
29  1   0.1302049635   0.1347733272  -0.0408722636   0.0657299832   0.1415132756
29  2   0.1458847947  -0.0247487081   0.1674005619   0.1534243279  -0.3715497612
29  3  -0.2662172761  -0.1997354867  -0.3144788200   0.3002234991   0.2830015420
29  4  -0.0038658664   0.0496293698   0.0223109627   0.0272038222  -0.0012077858
29  5   0.0831599565   0.3870762916  -0.0070105629  -0.3588609548  -0.0983818448
29  6   0.2100129928   0.2502875309   0.4443496333   0.0192001827   0.0080263674
29  7   0.4281218297   0.3400335012   0.0014729154  -0.4144430133  -0.0330401292
29  8  -0.0778162384   0.0142157958   0.0217857141  -0.0268812045   0.0348905524
29  9  -0.0412271034   0.0247699500  -0.0000907292  -0.0483039121   0.0017199454
29 10   0.0338903326   0.0492044623  -0.0310722141  -0.0017048552  -0.0342373903
29 11   0.0001732882  -0.0476672130  -0.0016798788   0.0520574540   0.0059115696
29 12  -0.0402165217  -0.0356564491  -0.0329483092  -0.0174700656   0.0195958086
29 13  -0.0002493262  -0.0566258471   0.0005467690  -0.0433669911   0.0693310708
29 14  -0.0007115469  -0.0046039642   0.0385686530  -0.0710915935   0.0035451078
29 15  -0.0553683450   0.0107922242
30  1  -0.1069479648  -0.1174293002   0.1182941658  -0.0880903377   0.1721142089
30  2  -0.2172460895   0.0355440809   0.0168190321  -0.0059115791  -0.0108778380
30  3   0.0039384911  -0.0454649892   0.0183346356  -0.0173698525  -0.0157019898
30  4   0.0006893565   0.2841108670  -0.1524912923   0.0389899775  -0.0020385410
30  5  -0.0045088276  -0.0217022831   0.0005732148   0.0207687941   0.0058775231
30  6  -0.0117728071  -0.0143410680  -0.0246225572  -0.0008132424  -0.0009331353
30  7  -0.0236086175  -0.0204608190  -0.0050421437   0.0158672675   0.2361250571
30  8  -0.0882156030   0.0133732877   0.2408419650   0.2015179553  -0.1671041266
30  9   0.0182896486  -0.1696185235  -0.0040957295   0.2222131106  -0.0065403701
30 10  -0.1491174898  -0.2233595717   0.1492147281   0.0035056640   0.1492905875
30 11   0.0015072771   0.2181345464   0.0002846439  -0.1959723367  -0.1840711421
30 12   0.1465922686   0.1825536950  -0.0821853749   0.1498943756  -0.0881965373
30 13  -0.0017129612  -0.3376529621   0.0033765466  -0.2566198981   0.4153428713
30 14  -0.0051216786  -0.0284609378   0.2354000613  -0.4215717006   0.0200937531
30 15  -0.3308891483   0.0624722760
31  1   0.0011337758  -0.0095648595   0.1695033318   0.1815718159   0.0241347539
31  2   0.0274910279  -0.0618934197  -0.0087294425   0.0577967652  -0.0036965805
31  3   0.0223101059  -0.0019390877  -0.0029606531  -0.0005068268  -0.0412457066
31  4   0.0077430827   0.1147417931   0.1995029219   0.2587076345  -0.0639617174
31  5  -0.0006854864  -0.0057867472  -0.0000454423   0.0369601759   0.0009462256
31  6   0.0006079374   0.0069241596  -0.0136913892  -0.0003151408   0.0007854409
31  7  -0.0024638839   0.0188053919   0.0053832876  -0.0062890859  -0.2501468020
31  8   0.0925718095   0.0534336417   0.2812196572  -0.0774963372   0.0595833226
31  9   0.0092002669   0.0635763892   0.0004036157   0.0011197969  -0.0002653313
31 10  -0.0024221501  -0.0035423111   0.0018873931  -0.0006594109  -0.0109277865
31 11   0.0003471615   0.0023050566   0.0031888513  -0.0713041448   0.0116430025
31 12   0.0542817460   0.0978372197  -0.0532920449   0.0831634093  -0.0473944660
31 13   0.0000069969   0.0336656932  -0.0000118139   0.0491428200   0.0025333261
31 14  -0.0022445585  -0.0058302145   0.0493733830  -0.0020401694   0.0009508445
31 15  -0.0348970508   0.0065494046
32  1  -0.0319092177  -0.0008318709  -0.0332219940   0.0747965904   0.1654230706
32  2   0.0927231744   0.0158607553  -0.0325148430   0.1359814585  -0.1914873163
32  3  -0.2150840360   0.1072674317  -0.0168340900  -0.0019687154  -0.2302623165
32  4   0.0435071144  -0.0129124660  -0.0406525130  -0.0443026906   0.0101615536
32  5  -0.0061851308  -0.0316099969  -0.0015849427   0.2029290295   0.0055878519
32  6   0.0005046879   0.0386729595  -0.0744531430  -0.0008709583   0.0004067624
32  7  -0.0141258470   0.1023147122   0.0004092516  -0.0565935498   0.0358542296
32  8  -0.0248722100  -0.0085794552  -0.0528610400   0.0141232860  -0.0122028424
32  9   0.0031994418  -0.0122086563   0.0003194679  -0.0021232332  -0.0000557485
32 10   0.0041500672  -0.0001199749  -0.0010586881   0.0011338496   0.0203034993
32 11  -0.0001109542  -0.0040490262  -0.0002689551   0.0141498470   0.0066096757
32 12  -0.0104767334  -0.0117023543   0.0279053691  -0.0150962892   0.0048169638
32 13  -0.0000163315  -0.0059307451  -0.0000115805  -0.0086438943  -0.0003329256
32 14   0.0003503584   0.0010214416  -0.0086832591   0.0001573768  -0.0002200855
32 15   0.0061250077  -0.0012906277
33  1  -0.1035353974  -0.1121488802   0.1209289945  -0.0938069470   0.1755657208
33  2  -0.2161053018   0.0273702757   0.0304078013  -0.0047779158  -0.0213303015
33  3   0.0010120697  -0.0632004160   0.0009480748   0.0002613617   0.0140435400
33  4  -0.0017916363   0.1340950710  -0.0727006211   0.0164587481  -0.0003146358
33  5  -0.0000302662   0.0020160477  -0.0001652382  -0.0121831425  -0.0003257861
33  6  -0.0007020502  -0.0018303704   0.0047132364   0.0001791896  -0.0008908835
33  7   0.0007935542  -0.0062604662  -0.0021645198   0.0035637426  -0.0124478272
33  8   0.0050467522   0.0019063806   0.0137955571  -0.0080708902  -0.0153000697
33  9   0.0827910644  -0.0014297883   0.0000632772  -0.0303068806  -0.0018356750
33 10   0.0629615339  -0.0042949782  -0.0075230053   0.0111749135   0.3030068032
33 11   0.0002309205  -0.0604291725   0.0053769805   0.0190906987   0.1446445131
33 12  -0.0134583557   0.1042055123   0.3029506848   0.0031676224  -0.0599239467
33 13   0.0000091775   0.0015813021  -0.0000043502   0.0023143338   0.0019763474
33 14  -0.0001193141  -0.0002836161   0.0023359639  -0.0034001199   0.0002365344
33 15  -0.0015570805   0.0003726243
34  1   0.0020645643  -0.0082624879   0.1668708770   0.1951062506   0.0243167485
34  2   0.0256043648  -0.0630184003  -0.0114836154   0.0766898742  -0.0053670416
34  3  -0.0102864847   0.0071805533  -0.0064475942  -0.0009578952  -0.0903400018
34  4   0.0168257170   0.1271824266   0.1926648744   0.2565462661  -0.0627155440
34  5   0.0147208384   0.0700641986  -0.0024861100   0.0599876415  -0.0067264506
34  6  -0.0002108397  -0.0461597617   0.0885044990   0.0007634003   0.0002211563
34  7   0.0149539489  -0.0988318165   0.0038470141   0.0739510750  -0.2591528917
34  8   0.1129710423   0.0531981906   0.2819962897  -0.0828727691   0.0681148225
34  9  -0.0062778715   0.0694221820  -0.0005382211   0.0150038238   0.0001975310
34 10  -0.0208314359  -0.0016162709   0.0050205785  -0.0007457836   0.0100051335
34 11   0.0005884303  -0.0147042351   0.0049592913  -0.0831076430   0.0400725265
34 12   0.0630585584   0.1171492554  -0.0321935920   0.0924179454  -0.0569756915
34 13  -0.0000816874  -0.4037877079   0.0005347152  -0.5772414079  -0.0302337472
34 14   0.0259276581   0.0654005241  -0.5544919185   0.0239930025  -0.0109721217
34 15   0.3808855270  -0.0709895614
35  1  -0.0497824900  -0.0034200106  -0.0356326412   0.1298572929   0.1858446812
35  2   0.0745031840  -0.0140471983  -0.0385699541   0.2428459017  -0.2015330897
35  3  -0.3979382350   0.1580757927  -0.0364460007  -0.0043305810  -0.5055796080
35  4   0.0943576245  -0.0286378054  -0.0169958569  -0.0534547660   0.0136498916
35  5   0.0799437978   0.3933134863  -0.0153064788   0.3326273817  -0.0376664473
35  6  -0.0046129145  -0.2585738532   0.4983842785   0.0051597558  -0.0036438768
35  7   0.0836403172  -0.5574298451  -0.0124114068   0.3893463119   0.1118594499
35  8   0.0388671287  -0.0193547299  -0.0322471465   0.0104016080  -0.0166100928
35  9   0.0331265725  -0.0119865167  -0.0030733349  -0.0266588255  -0.0010381279
35 10   0.0381576646   0.0000938721  -0.0013162576  -0.0029401284  -0.0186705552
35 11   0.0003592760   0.0267258856  -0.0014848744   0.0089815942  -0.0388300982
35 12  -0.0082901782  -0.0276917171  -0.0179373843  -0.0152775435   0.0160841725
35 13   0.0000162472   0.0709204185  -0.0001463109   0.1013547575   0.0051680150
35 14  -0.0044830192  -0.0113905120   0.0973064612  -0.0039220446   0.0020857088
35 15  -0.0668028447   0.0127889321
36  1  -0.1873131171  -0.1484049143   0.1665528509  -0.1739473144   0.2457228669
36  2  -0.2430996681  -0.0576533536   0.0651714576  -0.0084332038  -0.0219113593
36  3   0.0116621653  -0.0677590055   0.0016903550   0.0008205950   0.0305626662
36  4  -0.0048908761  -0.1906159730   0.1351665801   0.0068442576  -0.0074059127
36  5  -0.0059868115  -0.0233233816   0.0003355460  -0.0197437287   0.0017647931
36  6  -0.0022333290   0.0167800274  -0.0292352117   0.0000309233  -0.0032307181
36  7  -0.0051515982   0.0331144446  -0.0086686299  -0.0233486501  -0.0213551987
36  8   0.0014063309   0.0001165864   0.0125157659  -0.0307485041  -0.1140059481
36  9   0.5292990539  -0.0266066697   0.0027334897  -0.4054661880  -0.0162342832
36 10   0.5665000490  -0.0394049760  -0.0673714256  -0.0097599104  -0.2701425635
36 11  -0.0002135230   0.4021989748  -0.0187714770  -0.0876055783  -0.5268439673
36 12   0.0621077561  -0.1221415665  -0.3931870654   0.0049316390   0.0709123938
36 13  -0.0000086904  -0.0195082957   0.0000265202  -0.0278933773  -0.0038278210
36 14   0.0012837365   0.0031855475  -0.0268048082   0.0058580379  -0.0007940471
36 15   0.0182773921  -0.0035056659
37  1  -0.0298042464  -0.0102172556   0.1792118541  -0.1516271110  -0.1107782413
37  2   0.1373881264   0.1455044582   0.0070081513   0.1525718724   0.0137327439
37  3   0.0177897685  -0.0079708973  -0.0093864165  -0.0092021775  -0.0000211196
37  4  -0.0097979473  -0.0147813643  -0.0352797210  -0.0424988944  -0.3099846511
37  5  -0.0125070852   0.0032963993  -0.0097618631  -0.0002993873  -0.0161583406
37  6   0.0045763440  -0.0042146453  -0.0033996855   0.0139986733   0.0154407919
37  7  -0.0007852321   0.0007676409  -0.0064042662   0.0103909629  -0.0972747561
37  8  -0.2153568777  -0.2175523639   0.0253601457   0.1991928080   0.2791182330
37  9   0.0694361413  -0.0331582705   0.2476136809   0.0038226374  -0.3385963786
37 10   0.0079892497   0.0675340278   0.0951589592   0.1595638870  -0.0051986041
37 11  -0.2507233138  -0.0001321526   0.3026445668  -0.0951632597  -0.0110983463
37 12  -0.1364313975  -0.1845321822   0.0475213568   0.2076736008  -0.0681548181
37 13  -0.4050684752  -0.0008573118  -0.3391274731   0.0030827420   0.0018002216
37 14   0.1999229505  -0.3938648389  -0.0521497374   0.0178374671   0.3495979703
37 15  -0.0279556120  -0.1027565954
38  1   0.0238185048  -0.0102460056  -0.0346135805   0.1167033527   0.1820975062
38  2   0.0760935340  -0.0043946524   0.0755311357  -0.2371576786   0.1662989443
38  3  -0.1160073427   0.0012238020  -0.0300203066  -0.0290991826  -0.0031004118
38  4  -0.0291738721  -0.1154546755  -0.1757919437   0.1606205204  -0.1075783451
38  5  -0.0398140600   0.0116777185  -0.0305870927  -0.0011071265  -0.0507493181
38  6   0.0138553538  -0.0122590360  -0.0117470728   0.0455104514   0.0480522278
38  7  -0.0028622565  -0.0010354334  -0.0213712123   0.0045576592  -0.0813643887
38  8  -0.1578968481  -0.1812553586   0.0182745838  -0.1215692386  -0.3597907662
38  9  -0.0754368351   0.1990492474  -0.3110988567  -0.0048244720   0.4262240105
38 10  -0.0113530932  -0.0894366686  -0.1280560345  -0.2022830114   0.0064782977
38 11   0.3159935148   0.0001667404  -0.4270206576   0.0139638120   0.0169958876
38 12   0.0341164793   0.1240691726  -0.0700050650  -0.2744526973  -0.1525821752
38 13  -0.3167948737  -0.0006681266  -0.2630673442   0.0025306538   0.0014720738
38 14   0.1609883455  -0.3102302263  -0.0408687072   0.0137623185   0.2700848659
38 15  -0.0219805613  -0.0818194523
39  1   0.1661065974   0.2928084334   0.1304663649  -0.1714487356   0.1566579797
39  2  -0.0707169958  -0.1729782190  -0.3710391103  -0.0032526062   0.0352623861
39  3  -0.0339453469  -0.0775427317   0.3039443416   0.2948341122   0.0319124957
39  4   0.2997638984  -0.0155350146  -0.0202029425   0.0152330415  -0.0209675087
39  5   0.4055143104  -0.0796628944   0.3059812082   0.0020207530   0.5176891649
39  6  -0.1469185929   0.1325554180   0.1087807210  -0.4575913612  -0.4910554175
39  7   0.0265176982   0.0035296749   0.2007642437   0.0049746912  -0.0005279040
39  8  -0.0309575740  -0.0231301577   0.0020354464  -0.0053371796  -0.0269676010
39  9  -0.0040283389   0.0187519820  -0.0230816821  -0.0002503461   0.0317285823
39 10  -0.0006661915  -0.0067348881  -0.0097517467  -0.0147733123   0.0008266813
39 11   0.0235154809   0.0000117793  -0.0326076763  -0.0016140617   0.0013015133
39 12  -0.0008835938   0.0064832898  -0.0054136116  -0.0206259503  -0.0171511651
39 13  -0.0437967214  -0.0000924090  -0.0364578658   0.0003434521   0.0001932374
39 14   0.0220829649  -0.0428035013  -0.0056431129   0.0019337683   0.0374786131
39 15  -0.0030354117  -0.0112582793
40  1  -0.0166896123  -0.0119037186   0.1814677001  -0.1242953466  -0.0924861912
40  2   0.1248586068   0.1185372687   0.0062090263   0.0714139248   0.0082369380
40  3  -0.0183295612   0.0014860523  -0.0043551612  -0.0042415693   0.0002857628
40  4  -0.0047440028  -0.0990153632  -0.1551893662   0.1136233886  -0.2024111031
40  5   0.0011228557   0.0022346293  -0.0071446934  -0.0006363531   0.0024982612
40  6  -0.0008686162   0.0009123386  -0.0000516872  -0.0025049714  -0.0022773977
40  7   0.0000687043   0.0001538840   0.0001472232   0.0082606205  -0.0920284538
40  8  -0.1938606006  -0.2248068849   0.0252796786   0.0805965825   0.0406690499
40  9   0.0155510253   0.0552365620   0.0194408352   0.0003214313  -0.0384929522
40 10   0.0003482179   0.0058091878   0.0073782093  -0.1873119864   0.0067828320
40 11   0.0384973783   0.0000228991  -0.1053031358  -0.0306132232   0.0045485276
40 12  -0.0372319686   0.0536895292  -0.0451569344  -0.1717603756  -0.1432005638
40 13   0.0337444324   0.0000679203   0.0296016609  -0.0002186494  -0.0001354134
40 14  -0.0158804149   0.0345681123   0.0046568429  -0.0016618966  -0.0325611538
40 15   0.0025506054   0.0092250660
41  1   0.0173564153  -0.0049694156  -0.0328756042   0.0726479926   0.1652704248
41  2   0.0918613494   0.0184555616   0.0532637378  -0.1336573360   0.1742602412
41  3  -0.0726580009  -0.0191737673  -0.0139641556  -0.0136536066  -0.0011121997
41  4  -0.0133424573  -0.0099514268  -0.0253575821  -0.0363388855  -0.2463030413
41  5   0.0032417496   0.0009546759  -0.0219765178  -0.0007521131   0.0077459806
41  6  -0.0024551920   0.0022800120   0.0012632949  -0.0079991448  -0.0075747292
41  7   0.0003287376   0.0000521249   0.0011739828   0.0059866743  -0.0725064796
41  8  -0.1500976663  -0.1774242834   0.0194333446   0.0201036979  -0.0574644615
41  9  -0.0079386600   0.0766225341  -0.0225938030  -0.0003846708   0.0464462193
41 10  -0.0016403198  -0.0112217016  -0.0167951789   0.2366346482  -0.0086265978
41 11  -0.0497823799  -0.0000295313   0.0972152100  -0.0485192285  -0.0033792842
41 12  -0.0665480391  -0.1671927420   0.0482349112   0.2069109070  -0.0353400733
41 13   0.0264834762   0.0000568475   0.0214846542  -0.0002678124  -0.0001485550
41 14  -0.0156501474   0.0285035500   0.0036769695  -0.0011667179  -0.0230844491
41 15   0.0021367902   0.0083615635
42  1   0.0915985080   0.2702329335   0.0970378842  -0.1054771709   0.1092532206
42  2  -0.0689287274  -0.0889338122  -0.2025769673  -0.0017432717   0.0288843967
42  3  -0.0134987269  -0.0175873984   0.1412868332   0.1372508625   0.0146465298
42  4   0.1385999675  -0.0045406091  -0.0073546871   0.0000016599  -0.0307732543
42  5  -0.0318050558   0.0085693521   0.2194841319   0.0024689728  -0.0779137507
42  6   0.0214694091  -0.0198570760  -0.0165105018   0.0820475594   0.0753744330
42  7  -0.0043294707  -0.0005155860  -0.0203767950   0.0005148487  -0.0108922797
42  8  -0.0200864107  -0.0244837862   0.0027482696   0.0044622398  -0.0045250020
42  9  -0.0001761742   0.0092773273  -0.0015624415  -0.0000122162   0.0033468067
42 10  -0.0001417111  -0.0009413333  -0.0014447222   0.0175210596  -0.0006329086
42 11  -0.0037656294   0.0000001686   0.0062966538  -0.0056998626  -0.0001089124
42 12  -0.0077070218  -0.0148311717   0.0033556627   0.0150650069  -0.0079361993
42 13   0.0036583090   0.0000079038   0.0030365604  -0.0000328541  -0.0000166666
42 14  -0.0020343118   0.0038828562   0.0005064089  -0.0001685009  -0.0032846347
42 15   0.0002918436   0.0011137713
43  1   0.0016993842  -0.0139888001   0.1835594719  -0.0633748932  -0.0586656230
43  2   0.1003126430   0.0680061667   0.0096108732  -0.0971752303  -0.0026296746
43  3  -0.0924878661   0.0195764897   0.0041847965   0.0054166874  -0.0010256741
43  4  -0.0028101571  -0.0834787421  -0.1128664725   0.1840535049   0.2456585458
43  5   0.0010258710   0.0010695472   0.0064970023   0.0002037524   0.0021027325
43  6   0.0014056386  -0.0004676684   0.0001651858   0.0029196811  -0.0010354154
43  7  -0.0002603907   0.0023943859  -0.0057498060   0.0136650581  -0.0742166689
43  8  -0.2383972182   0.2632293381  -0.0355012255  -0.0291879311  -0.0956147324
43  9  -0.0193367552   0.0578652601   0.0117759543   0.0001732799  -0.0208647686
43 10  -0.0023689052  -0.0058767369  -0.0122758000  -0.1128538706   0.0041405523
43 11  -0.0222725451  -0.0000118313   0.0990370774  -0.0102470526  -0.0038242320
43 12  -0.0166710366   0.0425295731   0.0184216220   0.0561745019   0.1698263832
43 13  -0.0300926251  -0.0000888599  -0.0445243525  -0.0011959156  -0.0005591525
43 14  -0.0382821601   0.0369116276   0.0042019062  -0.0001619402  -0.0075392509
43 15   0.0049949833   0.0255137043
44  1   0.0084990311   0.0033089507  -0.0338306790   0.0825720866   0.1676219911
44  2   0.0918223801   0.0101193251   0.0364053512  -0.1600554216   0.1713184749
44  3  -0.0866334853  -0.0313215879   0.0134324931   0.0167997776  -0.0026423536
44  4  -0.0089356150  -0.0289814830  -0.0507099312   0.0064579099  -0.1854321601
44  5   0.0037140975   0.0010929406   0.0207247072  -0.0001491397   0.0064222123
44  6   0.0053415141  -0.0013239845  -0.0008045831   0.0091874697  -0.0010249343
44  7  -0.0004329870  -0.0009762781  -0.0049570369  -0.0057549595   0.0303671674
44  8   0.0987460853  -0.1062194800   0.0145500468  -0.0559057610   0.0035062877
44  9  -0.0060883977  -0.0711211915   0.0238283050   0.0003579956  -0.0453585903
44 10  -0.0062382059  -0.0160378031  -0.0330209106  -0.2828551333   0.0106501230
44 11  -0.0529096530  -0.0000226735   0.0705806137   0.0750421963  -0.0037509845
44 12   0.0955222143   0.1975838998  -0.0312965776  -0.1536482673   0.1759611544
44 13   0.0113406763   0.0000335947   0.0170166189   0.0004989358   0.0002327814
44 14   0.0161163956  -0.0166220740  -0.0019800993   0.0002189353   0.0056481842
44 15  -0.0016461055  -0.0078679795
45  1   0.2144022683   0.1789576173   0.1104233768  -0.1170874664   0.1363991040
45  2  -0.1063705444  -0.0781909337  -0.0178921812   0.0216684029   0.0402037783
45  3   0.0236398613   0.1393978587  -0.1366239438  -0.1712072646   0.0291223178
45  4   0.0936607265  -0.0045855835  -0.0084761342   0.0062514528  -0.0104247385
45  5  -0.0364302610   0.0060799467  -0.2130621303  -0.0023196765  -0.0648208105
45  6  -0.0553663194   0.0163445991   0.0035557593  -0.0933443601   0.0114821567
45  7   0.0048932729   0.0000043130   0.0646773929   0.0012840277   0.0049504714
45  8  -0.0013014644  -0.0009218624  -0.0000505243  -0.0063926748  -0.0031726770
45  9   0.0002020447  -0.0051783853   0.0026763141   0.0000541688  -0.0051414695
45 10  -0.0008050030  -0.0017673743  -0.0036108922  -0.0313636614   0.0011427032
45 11  -0.0058290745  -0.0000087744   0.0100246864   0.0070632120  -0.0004400521
45 12   0.0088407126   0.0207700037  -0.0024625472  -0.0133576967   0.0226085528
45 13   0.0001720597   0.0000001007   0.0002818457   0.0000120994   0.0000085963
45 14   0.0003849728  -0.0004824712  -0.0000659156   0.0000071538   0.0003188466
45 15  -0.0000053910   0.0000243443
46  1   0.0029166178  -0.0139197940   0.1829201270  -0.0432098257  -0.0506233388
46  2   0.0937213524   0.0556234361   0.0131877508  -0.1475404443  -0.0057561999
46  3  -0.1146650214   0.0244401390   0.0090602777   0.0116310131  -0.0026231580
46  4  -0.0063056777  -0.0285705330  -0.0285217335   0.1132586207   0.3199577495
46  5  -0.0123893388   0.0033362621   0.0115533318   0.0006640172  -0.0138784167
46  6  -0.0119432927   0.0028489275   0.0021892920  -0.0164237987  -0.0014418768
46  7   0.0008908330   0.0024777515   0.0095784287   0.0153413988  -0.0794772204
46  8  -0.2573637579   0.2583760246  -0.0345055075  -0.1561181993  -0.1682844814
46  9  -0.0463157496  -0.0286609711   0.1444419133   0.0020753813  -0.1694471767
46 10  -0.0232445813  -0.0611113579  -0.1255585815   0.1078849690  -0.0048167397
46 11   0.1449445185   0.0000669459  -0.0657611039  -0.1320922172   0.0043707331
46 12  -0.1690527252  -0.1297958523   0.0399969147   0.1698231115  -0.0131661092
46 13   0.3574604481   0.0009936667   0.5194134723   0.0141480025   0.0065351185
46 14   0.4430689363  -0.4191343792  -0.0481876800   0.0022941893   0.0920962550
46 15  -0.0530074313  -0.2653226284
47  1   0.0080860286   0.0044633653  -0.0363129872   0.1343881759   0.1862945163
47  2   0.0760082266  -0.0192354993   0.0458107958  -0.2860136020   0.1634320743
47  3  -0.1418055565  -0.0205684370   0.0287372254   0.0362705945  -0.0072984079
47  4  -0.0199673314   0.1066328542   0.1578145202  -0.1671932161   0.0034455217
47  5  -0.0385197983   0.0083779133   0.0364242269   0.0010867813  -0.0436239234
47  6  -0.0365659334   0.0097348722   0.0044376957  -0.0515356469  -0.0021303357
47  7   0.0032351818  -0.0010086402   0.0437440928  -0.0042537647   0.0421146920
47  8   0.1103605340  -0.1079334574   0.0164891417  -0.3711903189  -0.1605114701
47  9  -0.0700004848  -0.3013145174   0.3534222287   0.0051014130  -0.4154769721
47 10  -0.0581863439  -0.1532034750  -0.3144681756   0.2655704522  -0.0115098024
47 11   0.3638227351   0.0001742647  -0.3783315220  -0.2066137677   0.0179518232
47 12  -0.2537050849  -0.2211594346   0.0145117513   0.0992458826  -0.3038638316
47 13  -0.1422632991  -0.0004404046  -0.2070500632  -0.0057265043  -0.0026248697
47 14  -0.1782477600   0.1707027408   0.0195761488  -0.0011308783  -0.0404714875
47 15   0.0208259972   0.1033699210
48  1   0.3843816432   0.1303945540   0.1543042746  -0.1921453394   0.2049903627
48  2  -0.1373463897  -0.1539067514  -0.0432995376   0.0381001708   0.0550804891
48  3   0.0314717157   0.1996408905  -0.2922928019  -0.3674093973   0.0643558274
48  4   0.2111851282   0.0068490169   0.0126604718  -0.0124421480   0.0100756826
48  5   0.3933347158  -0.0821719293  -0.3678193499  -0.0050652882   0.4394617980
48  6   0.3699815580  -0.1093375719  -0.0228978697   0.5224875235   0.0160662899
48  7  -0.0307922789  -0.0011062218  -0.4318325421  -0.0096809646  -0.0263755390
48  8   0.0267781328  -0.0111189050   0.0028063842  -0.0419720780  -0.0176677593
48  9  -0.0168619726  -0.0312219047   0.0394491366   0.0001233046  -0.0463091748
48 10  -0.0057039991  -0.0170050235  -0.0349639466   0.0294189556  -0.0021027500
48 11   0.0402294225   0.0000256164  -0.0393742276  -0.0245630589   0.0013186669
48 12  -0.0301529091  -0.0257262310   0.0023927429   0.0150124987  -0.0303394192
48 13  -0.0027964527  -0.0000079622  -0.0041020694  -0.0001130643  -0.0001214753
48 14  -0.0036586564   0.0036670546   0.0004402283   0.0000529575  -0.0011061168
48 15   0.0003695684   0.0018409431
49  1   0.0184895221  -0.0161512867   0.1864490975  -0.0282133005  -0.0351628814
49  2   0.0842080965   0.0333542300   0.0085730992  -0.2016024324  -0.0086050400
49  3  -0.1381079044   0.0313645715  -0.0000173899  -0.0009836144   0.0006077700
49  4   0.0077176064   0.0258283728   0.0447389184  -0.0088798573   0.1506327992
49  5   0.0007547074  -0.0007064777  -0.0065046908   0.0001760916  -0.0001654033
49  6   0.0020450807  -0.0009077624  -0.0006126296  -0.0001951268   0.0022694158
49  7  -0.0000478892   0.0002144026   0.0035406389   0.0017700558  -0.0149543559
49  8  -0.0360736165  -0.0412825934   0.0055768708  -0.0403915995   0.0243271656
49  9  -0.0006310079  -0.0707724904  -0.0297906278  -0.0003872526  -0.0090418623
49 10   0.0086071936   0.0316581726   0.0575747642   0.2967389046  -0.0105872701
49 11  -0.0591236343  -0.0000312012  -0.0252574929   0.0861968616  -0.0001432544
49 12   0.1123737209  -0.0209578761  -0.0464818640  -0.1603834001  -0.2802580266
49 13   0.0018657483  -0.0000103587   0.0020736407   0.0001235788   0.0000611757
49 14   0.0038847636  -0.0025009521  -0.0005300445   0.0002854325   0.0040760356
49 15   0.0017476814   0.0107500597
50  1   0.0002591702   0.0100788243  -0.0316017134   0.0260674672   0.1460395400
50  2   0.1120467203   0.0394258567   0.0077717842  -0.0267564421   0.1787473320
50  3  -0.0312309503  -0.0561468775   0.0004818622  -0.0033853452   0.0054149617
50  4   0.0228626233  -0.1481485414  -0.2188229106   0.2353145271   0.0054892845
50  5   0.0024819884   0.0013117460  -0.0212736682  -0.0005812803  -0.0009337735
50  6   0.0065253567  -0.0029743512  -0.0012419100  -0.0012309765   0.0068154563
50  7   0.0003108957  -0.0004258996   0.0101231045  -0.0097515660   0.1137206060
50  8   0.2399881527   0.2846536322  -0.0326136350   0.0730904026   0.0892545882
50  9   0.0249148287   0.0046510137  -0.0052253122  -0.0000281563  -0.0057882574
50 10   0.0011938316   0.0045056427   0.0082411286   0.0420076508  -0.0015175700
50 11  -0.0087916402  -0.0000043008  -0.0935459984  -0.0054421464   0.0040723376
50 12  -0.0025408287  -0.0993478979   0.0168253725   0.0811557229  -0.0842353488
50 13  -0.0107954987   0.0000543691  -0.0045728768  -0.0008331256  -0.0004618156
50 14  -0.0251510234  -0.0052059693   0.0010465509  -0.0020166533  -0.0307776459
50 15  -0.0118073845  -0.0740959922
51  1   0.1187527470   0.1498688871   0.0675563914  -0.0324683593   0.0756209662
51  2  -0.1041282688   0.0296448853   0.1983764715   0.0233565077   0.0316908438
51  3   0.0492084121   0.2119698799  -0.0042926866   0.0338994408  -0.0443600435
51  4  -0.2349958749  -0.0128491023  -0.0194944933   0.0225881765   0.0053681022
51  5  -0.0265544865   0.0058778153   0.2136601309   0.0024995778   0.0088839738
51  6  -0.0660518979   0.0304217281   0.0164806667   0.0111363805  -0.0703946787
51  7  -0.0010642225   0.0003484169  -0.1007441261  -0.0035755084   0.0034227109
51  8   0.0287443801   0.0241199649  -0.0024149877   0.0057100822   0.0110951128
51  9  -0.0010815980  -0.0018927263  -0.0016439010  -0.0000974869  -0.0008318761
51 10   0.0001739263   0.0016118807   0.0028442981   0.0131359720  -0.0006326491
51 11  -0.0026534528  -0.0000043731  -0.0100034737   0.0019472828  -0.0001755800
51 12   0.0032825415  -0.0103665167   0.0000166629   0.0030868828  -0.0168788660
51 13  -0.0009854531   0.0000041986  -0.0003771085  -0.0000782982  -0.0000396872
51 14  -0.0023153424  -0.0005840344   0.0000850759  -0.0002048415  -0.0028527639
51 15  -0.0010962221  -0.0068405110
52  1   0.0326210362  -0.0177266445   0.1879905219   0.0193312908  -0.0089836403
52  2   0.0651563877  -0.0057850967   0.0113826863  -0.3290031532  -0.0179185797
52  3  -0.1921875915   0.0455616239   0.0002556810  -0.0018174814   0.0023284297
52  4   0.0153268395   0.0155001523   0.0121591454  -0.0722656018  -0.2213562010
52  5  -0.0117329494  -0.0007809113  -0.0102437316  -0.0001964602   0.0028302079
52  6  -0.0126034785   0.0082734946  -0.0011599538   0.0034177063  -0.0085221990
52  7  -0.0014908181   0.0010991900  -0.0148618046   0.0010668547  -0.0046539300
52  8  -0.0461977111  -0.0411678624   0.0099989275  -0.2006534877   0.2176247245
52  9   0.0127136607  -0.4215314583  -0.3825584757  -0.0048780987  -0.0805664416
52 10   0.0754693398   0.2781034958   0.5018470584  -0.2533547681   0.0078731186
52 11   0.4114097313   0.0002117493   0.1594159086  -0.3054281722  -0.0031192105
52 12  -0.4203477544   0.0573810566   0.0519585995   0.1724352807   0.3837861653
52 13  -0.0202128352   0.0000832011  -0.0103166112  -0.0013423201  -0.0007390158
52 14  -0.0447780794  -0.0033685360   0.0024622077  -0.0033691907  -0.0509558385
52 15  -0.0192911525  -0.1194521386
53  1  -0.0063323164   0.0163885693  -0.0323317915   0.0336771611   0.1478484763
53  2   0.1120027301   0.0330465230  -0.0047049546  -0.0457882927   0.1747368868
53  3  -0.0412005954  -0.0635566135   0.0011319399  -0.0067828834   0.0101713769
53  4   0.0487713433  -0.1485817163  -0.2222489498   0.2255632200  -0.0459761527
53  5  -0.0371439901   0.0073877711  -0.0348657183  -0.0006089398   0.0062131213
53  6  -0.0436730295   0.0205872875   0.0103837331   0.0066155891  -0.0308958531
53  7  -0.0007130911  -0.0002554808  -0.0607407892  -0.0128299789   0.1192460031
53  8   0.2649170750   0.2833491179  -0.0314098277   0.0568219440   0.1235261973
53  9   0.0256749926  -0.0431598807  -0.0544847704  -0.0007639770  -0.0158061939
53 10   0.0102554851   0.0388935174   0.0701965123  -0.0342608034   0.0012046592
53 11   0.0566333183   0.0000270640  -0.0870533535  -0.0635132152   0.0033323842
53 12  -0.0808720029  -0.1003782016   0.0329215594   0.1404599670   0.0022805202
53 13   0.1391801249  -0.0006849698   0.0591893859   0.0103499823   0.0056242150
53 14   0.3117229760   0.0584876462  -0.0123598641   0.0233488022   0.3610930581
53 15   0.1309427284   0.8344429789
54  1   0.2126036069   0.0789161329   0.0778746617  -0.0413307232   0.0965947383
54  2  -0.1332074770   0.0381884134   0.3384523937   0.0397863676   0.0409409724
54  3   0.0748312438   0.3217855274  -0.0111303862   0.0701148540  -0.0960284075
54  4  -0.5084003643  -0.0189433972  -0.0241036836   0.0201189953  -0.0121060282
54  5   0.3849221232  -0.0728025820   0.3583442706   0.0029585243  -0.0642714377
54  6   0.4592094680  -0.2115860334  -0.1148803399  -0.0690670862   0.3247757251
54  7   0.0085837882  -0.0026579761   0.6460048904   0.0159211460   0.0590856238
54  8  -0.0169910109   0.0410503313  -0.0067544537   0.0013375369   0.0072134221
54  9   0.0287786601  -0.0155954084  -0.0150513808   0.0008113235  -0.0037428728
54 10   0.0050582899   0.0105214770   0.0199354199  -0.0098898549  -0.0003335413
54 11   0.0172875080   0.0000328008  -0.0030553515  -0.0132630195   0.0066842443
54 12  -0.0211657784  -0.0086981467   0.0066795546   0.0179151398   0.0114484252
54 13   0.0126940763  -0.0000468886   0.0053458506   0.0009927227   0.0004254391
54 14   0.0284626081   0.0055008233  -0.0011055130   0.0023324241   0.0330096055
54 15   0.0121712557   0.0763051487
55  1   0.0168177863  -0.0162203342   0.1872349349  -0.0540750458  -0.0455579086
55  2   0.0927007376   0.0493464034   0.0041526381  -0.1378447614  -0.0040751254
55  3  -0.1102717545   0.0250099359  -0.0044445949  -0.0041962674  -0.0014800555
55  4  -0.0035129104   0.0994333541   0.1558522465  -0.1138768334   0.2020924194
55  5   0.0010338414  -0.0021405363   0.0067116039   0.0004470183  -0.0023057210
55  6   0.0010817405  -0.0005732511  -0.0009132432  -0.0026569995  -0.0002896069
55  7   0.0002465952  -0.0022181023   0.0002887156  -0.0120299682   0.0608707834
55  8   0.2024632289  -0.2231212916   0.0290401678   0.0817902023   0.0428007124
55  9   0.0165399454   0.0549959645   0.0192327903   0.0002467295   0.0370598284
55 10  -0.0005367086  -0.0068911888  -0.0100194389  -0.1894255701   0.0071339314
55 11  -0.0375597643  -0.0000155749  -0.1068259384  -0.0311510603   0.0047015907
55 12  -0.0342765381  -0.0532678782   0.0450585907   0.1717259126   0.1431326556
55 13   0.0166933325  -0.0000136135  -0.0237342638   0.0008948042   0.0005426705
55 14   0.0349057333   0.0402612132   0.0048464641   0.0002552101   0.0145187885
55 15  -0.0052515125  -0.0257722366
56  1   0.0009353025   0.0085418036  -0.0284127879  -0.0404296616   0.1220849728
56  2   0.1323208896   0.0771164797  -0.0038090877   0.1320562501   0.1919957883
56  3   0.0385628260  -0.0707938922  -0.0138293308  -0.0137217106  -0.0010496878
56  4  -0.0130973893   0.0097736526   0.0249383555   0.0370510167   0.2466376026
56  5   0.0034220537  -0.0009245830   0.0209014473   0.0004481686  -0.0073235422
56  6   0.0028302520  -0.0021654544  -0.0019069587  -0.0081991466  -0.0021738903
56  7   0.0002350790  -0.0020429333  -0.0055155392  -0.0102792107   0.0475508906
56  8   0.1607962813  -0.1761428127   0.0225627717   0.0208613888  -0.0560245680
56  9  -0.0071934814   0.0789496327  -0.0214679894  -0.0002550131  -0.0437421310
56 10   0.0012516426   0.0107725586   0.0152716244   0.2412759467  -0.0093295711
56 11   0.0457675516   0.0000194529   0.0976606668  -0.0483140781  -0.0032006694
56 12  -0.0682324371   0.1668346598  -0.0481978623  -0.2074855570   0.0372831020
56 13   0.0122794384  -0.0000246122  -0.0173076242   0.0007510921   0.0004352945
56 14   0.0270656531   0.0334673035   0.0038107555   0.0003798765   0.0147709710
56 15  -0.0037710341  -0.0177069540
57  1  -0.1003364346   0.2122532509   0.0112374195   0.0638564505  -0.0124170999
57  2  -0.0643517716   0.1267975980   0.2296450114   0.0025592377   0.0134089533
57  3   0.0396071806   0.1373225750   0.1408808161   0.1384121186   0.0135293614
57  4   0.1346036099   0.0040235568   0.0079700010   0.0000533850   0.0303460408
57  5  -0.0354933984   0.0057953651  -0.2119008182  -0.0023967921   0.0750526848
57  6  -0.0288110427   0.0235911359   0.0173032838   0.0846770134   0.0242571711
57  7  -0.0026125035   0.0001705047   0.0760152943   0.0009555990   0.0113952168
57  8   0.0180733715  -0.0221335166   0.0028655990   0.0049627111  -0.0047315379
57  9   0.0007441200   0.0095433049  -0.0012508968   0.0001558636  -0.0030638475
57 10   0.0005826704   0.0007171279   0.0009235581   0.0179426601  -0.0001674997
57 11   0.0033498456   0.0000203787   0.0063402242  -0.0056639730  -0.0001293828
57 12  -0.0077451026   0.0147407150  -0.0033385522  -0.0151400879   0.0080002814
57 13   0.0017053066  -0.0000015032  -0.0024092726   0.0000983627   0.0000484606
57 14   0.0037036371   0.0044915398   0.0005225234   0.0000285067   0.0018863905
57 15  -0.0005258450  -0.0025120711
58  1   0.0298481618  -0.0178776758   0.1894329978  -0.0264826383  -0.0272791327
58  2   0.0801430474   0.0223806664   0.0037036352  -0.2204713266  -0.0104649633
58  3  -0.1476135816   0.0351134849  -0.0091149562  -0.0086052733  -0.0011850308
58  4  -0.0084105194   0.0136865908   0.0337574779   0.0438125895   0.3089022759
58  5  -0.0118885258   0.0000809368   0.0114966424   0.0013536670   0.0143203454
58  6  -0.0055456155   0.0028872006   0.0062677169   0.0132043365   0.0023383150
58  7  -0.0000356988   0.0005168001   0.0167516338  -0.0087618204   0.0634682003
58  8   0.2160471137  -0.2112412089   0.0286484492   0.2046173935   0.2849297502
58  9   0.0717889767  -0.0405856701   0.2546407635   0.0031212838   0.3303938512
58 10  -0.0083938960  -0.0760231345  -0.1146995116   0.1779967480  -0.0069650225
58 11   0.2444717455   0.0001202946   0.2990486909  -0.0961621304  -0.0103218572
58 12  -0.1367958567   0.1819019785  -0.0464378086  -0.2066938778   0.0737799323
58 13  -0.1987501013   0.0004414556   0.2759237053  -0.0109496815  -0.0063305397
58 14  -0.4070705949  -0.4662005585  -0.0549769114  -0.0037192702  -0.1794671752
58 15   0.0558384256   0.2667895491
59  1  -0.0054135083   0.0137458136  -0.0266778527  -0.0843269750   0.1053264125
59  2   0.1480122304   0.0999027915  -0.0258052617   0.2354522850   0.2001698271
59  3   0.0830054365  -0.0912454598  -0.0299216933  -0.0289025640  -0.0045576565
59  4  -0.0292932519   0.1166196511   0.1772916420  -0.1600631717   0.1094464672
59  5  -0.0380699441   0.0082211233   0.0374935103  -0.0007136910   0.0503840829
59  6  -0.0188664188   0.0185144147   0.0077260980   0.0468941614   0.0051123164
59  7  -0.0017414959  -0.0054168248   0.0509360407  -0.0142337103   0.0626599791
59  8   0.1750658519  -0.1831710437   0.0219411556  -0.1243686362  -0.3606924386
59  9  -0.0748542625   0.2089211350  -0.3169025697  -0.0035959532  -0.4121335452
59 10   0.0118723286   0.0976806128   0.1465184091  -0.2191304640   0.0094384004
59 11  -0.3089529968  -0.0001218838  -0.4207759502   0.0147563092   0.0162153854
59 12   0.0363119484  -0.1180354749   0.0673929669   0.2683595118   0.1460117626
59 13  -0.1554428189   0.0005629012   0.2158528729  -0.0089959768  -0.0049782056
59 14  -0.3198652701  -0.3699569119  -0.0430099465  -0.0031669619  -0.1459922825
59 15   0.0434971375   0.2068339153
60  1  -0.1752735410   0.1893982227  -0.0220520180   0.1296087284  -0.0595942915
60  2  -0.0627076554   0.2106576958   0.3962702280   0.0044141482   0.0077781131
60  3   0.0594743197   0.1957803777   0.3033274629   0.2918168184   0.0325024625
60  4   0.3015619025   0.0109909521   0.0146663532  -0.0135562304   0.0204652869
60  5   0.3908960402  -0.0827565309  -0.3795499319  -0.0051871014  -0.5054948300
60  6   0.1930521528  -0.1608301405  -0.1201489846  -0.4691433003  -0.0541764103
60  7   0.0142818165  -0.0041106528  -0.4922257420  -0.0170530116  -0.0234238899
60  8   0.0485704978  -0.0366986047   0.0042740375  -0.0090383199  -0.0236413089
60  9  -0.0098413091   0.0185490942  -0.0252647301  -0.0021328317  -0.0312098254
60 10  -0.0036483142   0.0081314097   0.0129668497  -0.0164490920  -0.0050855313
60 11  -0.0231075001  -0.0002688433  -0.0326529563  -0.0017412264   0.0010874148
60 12  -0.0003433342  -0.0060179534   0.0053496835   0.0204535640   0.0167479038
60 13  -0.0211430675   0.0000336809   0.0293449348  -0.0011563782  -0.0004488859
60 14  -0.0434582746  -0.0501076846  -0.0059139459  -0.0002074677  -0.0196755787
60 15   0.0058900002   0.0281761433
61  1  -0.0015154312  -0.0141445755   0.1851595927  -0.1149984471  -0.0793409810
61  2   0.1172288529   0.0998260362   0.0007578207   0.0302722523   0.0073030152
61  3  -0.0367118804   0.0069866889   0.0042062204   0.0052551530  -0.0007704599
61  4  -0.0029775231   0.0831030110   0.1124137882  -0.1837124609  -0.2458912158
61  5   0.0010241115  -0.0013715673  -0.0066802504  -0.0000867358  -0.0022490609
61  6  -0.0013488221   0.0003132960   0.0001637409   0.0026326328  -0.0022034730
61  7   0.0001439843  -0.0005145277   0.0007929556  -0.0102280731   0.1069324496
61  8   0.2300502894   0.2655617307  -0.0312297387  -0.0276989259  -0.0933720998
61  9  -0.0181173075   0.0584766161   0.0135239387   0.0001735852   0.0210776581
61 10   0.0020194267   0.0042632553   0.0088465701  -0.1111202021   0.0039577964
61 11   0.0233030340   0.0000146170   0.0995157081  -0.0102033135  -0.0039376617
61 12  -0.0192703381  -0.0428927176  -0.0181209858  -0.0556291102  -0.1679750105
61 13  -0.0360452041   0.0000663201   0.0463103300   0.0002859574   0.0000286891
61 14  -0.0123424773   0.0308095818   0.0012439608   0.0019365822   0.0420243252
61 15  -0.0034078378  -0.0123273111
62  1   0.0097728774   0.0002889632  -0.0274547518  -0.0504499527   0.1196945350
62  2   0.1323994853   0.0854978937   0.0129522837   0.1591808214   0.1955122402
62  3   0.0530696404  -0.0589824566   0.0134647702   0.0166258924  -0.0021591938
62  4  -0.0096122617   0.0284665613   0.0499460542  -0.0059203493   0.1853914684
62  5   0.0030847327  -0.0015119384  -0.0214348249   0.0004042312  -0.0067516405
62  6  -0.0046183152   0.0007255596   0.0001205949   0.0089897741  -0.0061672951
62  7  -0.0001623927   0.0007101455   0.0030906435   0.0044198313  -0.0409218603
62  8  -0.0905462155  -0.1068750406   0.0131820408  -0.0563624463   0.0014088707
62  9  -0.0066734706  -0.0692047019   0.0300986453   0.0003988324   0.0436896431
62 10   0.0064235583   0.0164097255   0.0330307050  -0.2790085016   0.0101663448
62 11   0.0588101969   0.0000374047   0.0702194414   0.0749110895  -0.0040560074
62 12   0.0929658737  -0.1978598349   0.0316770423   0.1545361166  -0.1758544648
62 13   0.0148065903  -0.0000384518  -0.0183373487  -0.0001761374  -0.0000546621
62 14   0.0024073033  -0.0147287398  -0.0008778174  -0.0006709284  -0.0152286408
62 15   0.0015266423   0.0060769125
63  1  -0.2231062790   0.3035353365  -0.0022238622   0.0756077632  -0.0396751757
63  2  -0.0268846835   0.1162196171   0.0456886431  -0.0209834801   0.0011449824
63  3   0.0021868382  -0.0199737187  -0.1363750468  -0.1704876666   0.0297038742
63  4   0.0976817371   0.0048864607   0.0082879470  -0.0061739799   0.0104683721
63  5  -0.0320232170   0.0082661217   0.2190195802   0.0026476548   0.0688857972
63  6   0.0470912954  -0.0099769138   0.0007168863  -0.0906972130   0.0638346966
63  7   0.0008857079  -0.0008735441  -0.0294274905  -0.0007974982  -0.0021266556
63  8  -0.0007122506  -0.0028623838   0.0002888637  -0.0065734663  -0.0028508196
63  9  -0.0010148066  -0.0050543658   0.0033210121   0.0000234144   0.0048809603
63 10   0.0007129495   0.0017577965   0.0035767141  -0.0308877803   0.0011778443
63 11   0.0065042745   0.0000014807   0.0099760197   0.0070666143  -0.0004604168
63 12   0.0085195698  -0.0207973647   0.0026066114   0.0134909708  -0.0224824195
63 13   0.0003463145  -0.0000017770  -0.0003775237  -0.0000082602  -0.0000109465
63 14  -0.0001421051  -0.0004989541  -0.0000466890  -0.0000111721  -0.0002004917
63 15   0.0000475095   0.0002221056
64  1  -0.0027689756  -0.0142021215   0.1857773320  -0.1351050483  -0.0874067051
64  2   0.1238237784   0.1122372843  -0.0026613958   0.0801908143   0.0107085442
64  3  -0.0150484896   0.0022253091   0.0090959475   0.0113531240  -0.0014382965
64  4  -0.0067431389   0.0285754721   0.0285697371  -0.1132568751  -0.3204167533
64  5  -0.0123438985   0.0025896863  -0.0097453043  -0.0002708467   0.0140232081
64  6   0.0098317279  -0.0020515061   0.0001244734  -0.0155871728   0.0129173462
64  7   0.0002398176  -0.0008942444  -0.0073967897  -0.0115236408   0.1145742877
64  8   0.2532798071   0.2605343935  -0.0299782728  -0.1551043244  -0.1659198212
64  9  -0.0451564659  -0.0253079130   0.1589442251   0.0020542082   0.1639526098
64 10   0.0222393461   0.0538754662   0.1106094838   0.0938954048  -0.0027849606
64 11  -0.1519035993  -0.0000835921  -0.0648539432  -0.1319854156   0.0044470916
64 12  -0.1683963091   0.1297432542  -0.0401432258  -0.1703940169   0.0150111742
64 13   0.4324972422  -0.0009178676  -0.5424073692  -0.0034247462  -0.0004981745
64 14   0.1318628082  -0.3528318908  -0.0153858228  -0.0211366996  -0.4596614734
64 15   0.0369671775   0.1339182462
65  1   0.0102964429  -0.0008964205  -0.0249703054  -0.1022723666   0.1010244165
65  2   0.1482041295   0.1148666853   0.0038884551   0.2841589985   0.2042259476
65  3   0.1073411492  -0.0694927627   0.0290512225   0.0361070645  -0.0045425677
65  4  -0.0214777993  -0.1065550294  -0.1578511426   0.1673942863  -0.0043565579
65  5  -0.0396794753   0.0100504589  -0.0310838928   0.0000040174   0.0451834019
65  6   0.0311466108  -0.0069297184   0.0001610546  -0.0491454926   0.0421207878
65  7   0.0001215203   0.0001519039  -0.0237355137   0.0043557006  -0.0450369331
65  8  -0.0931270417  -0.1098319777   0.0146994233  -0.3733156961  -0.1629697857
65  9  -0.0713046935  -0.2931971971   0.3922604100   0.0050670338   0.3997049319
65 10   0.0568213757   0.1400912445   0.2869343519   0.2314178548  -0.0065927696
65 11  -0.3777302226  -0.0002080204  -0.3782328887  -0.2063887796   0.0180984836
65 12  -0.2477800306   0.2232933042  -0.0153853500  -0.1015223429   0.3047287499
65 13  -0.1735259559   0.0003807813   0.2169460312   0.0014481425   0.0002536044
65 14  -0.0492937011   0.1446774953   0.0067499170   0.0083064589   0.1817314888
65 15  -0.0149647048  -0.0550649264
66  1  -0.3934408009   0.3520753209  -0.0461094070   0.1506777503  -0.1082714015
66  2   0.0040841100   0.1919559432   0.0701927047  -0.0374311758  -0.0143802874
66  3  -0.0064839022  -0.0822346801  -0.2939563623  -0.3686598281   0.0646229215
66  4   0.2114140070  -0.0113482459  -0.0178577812   0.0138435637  -0.0107237603
66  5   0.4042597426  -0.0799127949   0.3130440029   0.0021899476  -0.4587995756
66  6  -0.3185877587   0.0682876711  -0.0027894766   0.4986223219  -0.4284567397
66  7  -0.0020207703   0.0057691763   0.2481476890   0.0073282253   0.0122554222
66  8  -0.0116758543   0.0014089796   0.0005123424  -0.0402682736  -0.0214735679
66  9  -0.0078702187  -0.0292073951   0.0439847310   0.0007497776   0.0447308112
66 10   0.0065024208   0.0153179069   0.0312946009   0.0254007478  -0.0002572207
66 11  -0.0419110645   0.0000090557  -0.0391739675  -0.0243187925   0.0017651724
66 12  -0.0295156609   0.0259902685  -0.0026073081  -0.0152920153   0.0303474778
66 13  -0.0037364102   0.0000112209   0.0046228277   0.0000341677   0.0000229306
66 14  -0.0007717210   0.0033755921   0.0001886638   0.0002016848   0.0037213586
66 15  -0.0003367206  -0.0012989383
67  1  -0.0183009990  -0.0119831312   0.1822710118  -0.1501295467  -0.1028267995
67  2   0.1333211158   0.1344526875   0.0017675512   0.1350083588   0.0131448393
67  3   0.0096549569  -0.0046820019   0.0001826856  -0.0010564196   0.0021001454
67  4   0.0068504162  -0.0258479965  -0.0446775191   0.0087726002  -0.1504132918
67  5   0.0011760141   0.0004540781   0.0067197970  -0.0000754366   0.0002858886
67  6  -0.0024683467   0.0010752094   0.0006676714  -0.0001568577   0.0034044670
67  7  -0.0000523864  -0.0002972998   0.0005234970  -0.0018682438   0.0120827410
67  8   0.0370142272  -0.0407349672   0.0061016754  -0.0396797844   0.0250575686
67  9  -0.0004588716  -0.0721913068  -0.0337428285  -0.0005216679   0.0100707829
67 10  -0.0081333261  -0.0290205574  -0.0516451458   0.3038947766  -0.0114087101
67 11   0.0573754228   0.0000247878  -0.0277793922   0.0853247604   0.0002200631
67 12   0.1154577748   0.0213029000   0.0461573494   0.1596648042   0.2766237272
67 13   0.0062727763   0.0000114221  -0.0037933129  -0.0002454861  -0.0000997577
67 14  -0.0059163462  -0.0046720485  -0.0008297764   0.0003940011   0.0074306247
67 15  -0.0004309118  -0.0014101201
68  1   0.0179761310  -0.0064761213  -0.0296866885   0.0061123298   0.1412972330
68  2   0.1121588469   0.0561575144   0.0415131097   0.0258979971   0.1869194472
68  3  -0.0024909877  -0.0328639200   0.0004641157  -0.0034545047   0.0046986664
68  4   0.0234861458   0.1471482491   0.2175160566  -0.2343452359  -0.0054250775
68  5   0.0034781049  -0.0031856917   0.0217433787   0.0010666486   0.0008381176
68  6  -0.0077937650   0.0030112541   0.0029053511  -0.0008051480   0.0101471839
68  7  -0.0002236399   0.0032316185  -0.0041701632   0.0158518998  -0.0783908222
68  8  -0.2584810547   0.2840558097  -0.0372729710   0.0722370509   0.0870346850
68  9   0.0232751155   0.0036267156  -0.0050105240  -0.0000789954   0.0048833677
68 10  -0.0008920979  -0.0040684317  -0.0062600717   0.0422036754  -0.0015225731
68 11   0.0076711481   0.0000016242  -0.0932012851  -0.0049926568   0.0039522632
68 12  -0.0017672720   0.0994412270  -0.0168789719  -0.0809034893   0.0828844549
68 13  -0.0431853749  -0.0000671382   0.0132351503   0.0016538297   0.0007220394
68 14   0.0474262956   0.0107093820   0.0035457731  -0.0027127339  -0.0525406186
68 15   0.0031292218   0.0102091811
69  1  -0.1271767006   0.3325549411   0.0406929354  -0.0090944812   0.0211819639
69  2  -0.0291672467   0.0083040430  -0.1707161233  -0.0236023472   0.0086966218
69  3  -0.0250299740  -0.1007121362  -0.0048797728   0.0331444955  -0.0439004326
69  4  -0.2343384403   0.0143828811   0.0203775147  -0.0229755336  -0.0049134847
69  5  -0.0365426624   0.0055165302  -0.2179940691  -0.0022177052  -0.0098036222
69  6   0.0798126650  -0.0368068799  -0.0194175011   0.0067873200  -0.1062462097
69  7   0.0019652014   0.0010290924   0.0072671533   0.0016214695  -0.0072653588
69  8  -0.0243171330   0.0264027722  -0.0034227958   0.0059153750   0.0094534130
69  9   0.0020786242  -0.0018388355  -0.0015695442  -0.0000646052   0.0008401064
69 10  -0.0003866224  -0.0013087013  -0.0022097475   0.0135731187  -0.0005844761
69 11   0.0025299277  -0.0000020172  -0.0100236993   0.0021532084   0.0003792575
69 12   0.0034171482   0.0104875009  -0.0002437991  -0.0030644477   0.0167355053
69 13  -0.0040564627  -0.0000065171   0.0011863397   0.0001556308   0.0000691481
69 14   0.0044848145   0.0009082488   0.0003228162  -0.0002541420  -0.0049419610
69 15   0.0002946560   0.0009628188
70  1  -0.0326139231  -0.0103619287   0.1806464711  -0.1975692161  -0.1291530771
70  2   0.1524304123   0.1737878153  -0.0008774206   0.2658184568   0.0215781336
70  3   0.0675743516  -0.0186661659   0.0004196335  -0.0022049087   0.0038245224
70  4   0.0150131762  -0.0148629780  -0.0122921244   0.0710817319   0.2267218595
70  5  -0.0125533688   0.0014773932   0.0106222619   0.0009736558  -0.0020756129
70  6   0.0165528520  -0.0083210527  -0.0027833154   0.0012407354  -0.0196530001
70  7   0.0003156454   0.0010596252   0.0068054734  -0.0000267514   0.0191230164
70  8   0.0379286249  -0.0377659313   0.0097912572  -0.1962530008   0.2244943097
70  9   0.0148279639  -0.4508445462  -0.4328970225  -0.0063468901   0.0958350178
70 10  -0.0727025479  -0.2588561544  -0.4597213019  -0.2890374479   0.0120232242
70 11  -0.4003638336  -0.0002093980   0.1622385677  -0.3037332867  -0.0028266213
70 12  -0.4042724193  -0.0602674277  -0.0510513670  -0.1689569713  -0.3672656936
70 13  -0.0756454631  -0.0001222129   0.0255009042   0.0028092131   0.0012129452
70 14   0.0781888736   0.0226780398   0.0062337828  -0.0043843480  -0.0843773857
70 15   0.0048961785   0.0158231185
71  1   0.0248663426  -0.0129159191  -0.0289416615  -0.0016520813   0.1394517865
71  2   0.1122030762   0.0626671447   0.0546110105   0.0467116682   0.1890320194
71  3   0.0087286419  -0.0230864608   0.0010413061  -0.0071307347   0.0096427788
71  4   0.0497466680   0.1480359813   0.2211575697  -0.2244323766   0.0478475004
71  5  -0.0395654017   0.0054497888   0.0329211902   0.0014657417  -0.0065567683
71  6   0.0518233042  -0.0242983657  -0.0113305105   0.0031480595  -0.0647086898
71  7   0.0012794299   0.0040783215   0.0101391949   0.0175847796  -0.0858562803
71  8  -0.2814904546   0.2809791865  -0.0365337574   0.0557849537   0.1212008307
71  9   0.0270907583  -0.0489909858  -0.0614902005  -0.0009099385   0.0169653003
71 10  -0.0100184928  -0.0366067472  -0.0640087137  -0.0417748626   0.0018387430
71 11  -0.0571756448  -0.0000319734  -0.0859002353  -0.0637726869   0.0043705909
71 12  -0.0793118955   0.0978938456  -0.0330643989  -0.1381544720  -0.0037875552
71 13   0.5190293240   0.0007364664  -0.1582683523  -0.0191050784  -0.0083637873
71 14  -0.5463477714  -0.1245690255  -0.0400718258   0.0300994276   0.5813674371
71 15  -0.0338689429  -0.1094237371
72  1  -0.2227244059   0.4036379831   0.0302405301   0.0000000000   0.0000000000
72  2   0.0000000000   0.0000000000  -0.3142560804  -0.0422712300  -0.0008893560
72  3  -0.0547850842  -0.2264655063  -0.0106306851   0.0705133401  -0.0936948320
72  4  -0.5013364299   0.0139169941   0.0198703219  -0.0195306439   0.0121657721
72  5   0.4003314868  -0.0854932248  -0.3309756367  -0.0047524488   0.0652352799
72  6  -0.5254187388   0.2391561823   0.1270764799  -0.0331657852   0.6550070677
72  7  -0.0135933360  -0.0041770208  -0.1368174094  -0.0014387184  -0.0142270256
72  8  -0.0212824363   0.0266184589  -0.0032899723  -0.0011585727   0.0190806859
72  9   0.0025781010  -0.0191599880  -0.0194926565  -0.0002444025   0.0043770820
72 10  -0.0033822354  -0.0114807114  -0.0204103192  -0.0131282677   0.0001688127
72 11  -0.0179533995  -0.0000095656  -0.0034974891  -0.0157955162   0.0002545067
72 12  -0.0203829540   0.0076810334  -0.0049356590  -0.0187225808  -0.0117472040
72 13   0.0487393266   0.0000686331  -0.0147873489  -0.0017950602  -0.0007792318
72 14  -0.0513715092  -0.0115643194  -0.0037519688   0.0028427092   0.0546032443
72 15  -0.0031863615  -0.0102914975
$end
